chr16	0	999	0
chr16	1000	1999	0
chr16	2000	2999	0
chr16	3000	3999	0
chr16	4000	4999	0
chr16	5000	5999	0
chr16	6000	6999	0
chr16	7000	7999	0
chr16	8000	8999	0
chr16	9000	9999	0
chr16	10000	10999	0
chr16	11000	11999	0
chr16	12000	12999	0
chr16	13000	13999	0
chr16	14000	14999	0
chr16	15000	15999	0
chr16	16000	16999	0
chr16	17000	17999	0
chr16	18000	18999	0
chr16	19000	19999	0
chr16	20000	20999	0
chr16	21000	21999	0
chr16	22000	22999	0
chr16	23000	23999	0
chr16	24000	24999	0
chr16	25000	25999	0
chr16	26000	26999	0
chr16	27000	27999	0
chr16	28000	28999	0
chr16	29000	29999	0
chr16	30000	30999	0
chr16	31000	31999	0
chr16	32000	32999	0
chr16	33000	33999	0
chr16	34000	34999	0
chr16	35000	35999	0
chr16	36000	36999	0
chr16	37000	37999	0
chr16	38000	38999	0
chr16	39000	39999	0
chr16	40000	40999	0
chr16	41000	41999	0
chr16	42000	42999	0
chr16	43000	43999	0
chr16	44000	44999	0
chr16	45000	45999	0
chr16	46000	46999	0
chr16	47000	47999	0
chr16	48000	48999	0
chr16	49000	49999	0
chr16	50000	50999	0
chr16	51000	51999	0
chr16	52000	52999	0
chr16	53000	53999	0
chr16	54000	54999	0
chr16	55000	55999	0
chr16	56000	56999	0
chr16	57000	57999	0
chr16	58000	58999	0
chr16	59000	59999	0
chr16	60000	60999	0
chr16	61000	61999	0
chr16	62000	62999	0
chr16	63000	63999	0
chr16	64000	64999	0
chr16	65000	65999	0
chr16	66000	66999	0
chr16	67000	67999	0
chr16	68000	68999	0
chr16	69000	69999	0
chr16	70000	70999	0
chr16	71000	71999	0
chr16	72000	72999	0
chr16	73000	73999	0
chr16	74000	74999	0
chr16	75000	75999	0
chr16	76000	76999	0
chr16	77000	77999	0
chr16	78000	78999	0
chr16	79000	79999	0
chr16	80000	80999	0
chr16	81000	81999	0
chr16	82000	82999	0
chr16	83000	83999	0
chr16	84000	84999	0
chr16	85000	85999	0
chr16	86000	86999	0
chr16	87000	87999	0
chr16	88000	88999	0
chr16	89000	89999	0
chr16	90000	90999	0
chr16	91000	91999	0
chr16	92000	92999	0
chr16	93000	93999	0
chr16	94000	94999	0
chr16	95000	95999	0
chr16	96000	96999	0
chr16	97000	97999	0
chr16	98000	98999	0
chr16	99000	99999	0
chr16	100000	100999	0
chr16	101000	101999	0
chr16	102000	102999	0
chr16	103000	103999	0
chr16	104000	104999	0
chr16	105000	105999	0
chr16	106000	106999	0
chr16	107000	107999	0
chr16	108000	108999	0
chr16	109000	109999	0
chr16	110000	110999	0
chr16	111000	111999	0
chr16	112000	112999	0
chr16	113000	113999	0
chr16	114000	114999	0
chr16	115000	115999	0
chr16	116000	116999	0
chr16	117000	117999	0
chr16	118000	118999	0
chr16	119000	119999	0
chr16	120000	120999	0
chr16	121000	121999	0
chr16	122000	122999	0
chr16	123000	123999	0
chr16	124000	124999	0
chr16	125000	125999	0
chr16	126000	126999	0
chr16	127000	127999	0
chr16	128000	128999	0
chr16	129000	129999	0
chr16	130000	130999	0
chr16	131000	131999	0
chr16	132000	132999	0
chr16	133000	133999	0
chr16	134000	134999	0
chr16	135000	135999	0
chr16	136000	136999	0
chr16	137000	137999	0
chr16	138000	138999	0
chr16	139000	139999	0
chr16	140000	140999	0
chr16	141000	141999	0
chr16	142000	142999	0
chr16	143000	143999	0
chr16	144000	144999	0
chr16	145000	145999	0
chr16	146000	146999	0
chr16	147000	147999	0
chr16	148000	148999	0
chr16	149000	149999	0
chr16	150000	150999	0
chr16	151000	151999	0
chr16	152000	152999	0
chr16	153000	153999	0
chr16	154000	154999	0
chr16	155000	155999	0
chr16	156000	156999	0
chr16	157000	157999	0
chr16	158000	158999	0
chr16	159000	159999	0
chr16	160000	160999	0
chr16	161000	161999	0
chr16	162000	162999	0
chr16	163000	163999	0
chr16	164000	164999	0
chr16	165000	165999	0
chr16	166000	166999	0
chr16	167000	167999	0
chr16	168000	168999	0
chr16	169000	169999	0
chr16	170000	170999	0
chr16	171000	171999	0
chr16	172000	172999	0
chr16	173000	173999	0
chr16	174000	174999	0
chr16	175000	175999	0
chr16	176000	176999	0
chr16	177000	177999	0
chr16	178000	178999	0
chr16	179000	179999	0
chr16	180000	180999	0
chr16	181000	181999	0
chr16	182000	182999	0
chr16	183000	183999	0
chr16	184000	184999	0
chr16	185000	185999	0
chr16	186000	186999	0
chr16	187000	187999	0
chr16	188000	188999	0
chr16	189000	189999	0
chr16	190000	190999	0
chr16	191000	191999	0
chr16	192000	192999	0
chr16	193000	193999	0
chr16	194000	194999	0
chr16	195000	195999	0
chr16	196000	196999	0
chr16	197000	197999	0
chr16	198000	198999	0
chr16	199000	199999	0
chr16	200000	200999	0
chr16	201000	201999	0
chr16	202000	202999	0
chr16	203000	203999	0
chr16	204000	204999	0
chr16	205000	205999	0
chr16	206000	206999	0
chr16	207000	207999	0
chr16	208000	208999	0
chr16	209000	209999	0
chr16	210000	210999	0
chr16	211000	211999	0
chr16	212000	212999	0
chr16	213000	213999	0
chr16	214000	214999	0
chr16	215000	215999	0
chr16	216000	216999	0
chr16	217000	217999	0
chr16	218000	218999	0
chr16	219000	219999	0
chr16	220000	220999	0
chr16	221000	221999	0
chr16	222000	222999	0
chr16	223000	223999	0
chr16	224000	224999	0
chr16	225000	225999	0
chr16	226000	226999	0
chr16	227000	227999	0
chr16	228000	228999	0
chr16	229000	229999	0
chr16	230000	230999	0
chr16	231000	231999	0
chr16	232000	232999	0
chr16	233000	233999	0
chr16	234000	234999	0
chr16	235000	235999	0
chr16	236000	236999	0
chr16	237000	237999	0
chr16	238000	238999	0
chr16	239000	239999	0
chr16	240000	240999	0
chr16	241000	241999	0
chr16	242000	242999	0
chr16	243000	243999	0
chr16	244000	244999	0
chr16	245000	245999	0
chr16	246000	246999	0
chr16	247000	247999	0
chr16	248000	248999	0
chr16	249000	249999	0
chr16	250000	250999	0
chr16	251000	251999	0
chr16	252000	252999	0
chr16	253000	253999	0
chr16	254000	254999	0
chr16	255000	255999	0
chr16	256000	256999	0
chr16	257000	257999	0
chr16	258000	258999	0
chr16	259000	259999	0
chr16	260000	260999	0
chr16	261000	261999	0
chr16	262000	262999	0
chr16	263000	263999	0
chr16	264000	264999	0
chr16	265000	265999	0
chr16	266000	266999	0
chr16	267000	267999	0
chr16	268000	268999	0
chr16	269000	269999	0
chr16	270000	270999	0
chr16	271000	271999	0
chr16	272000	272999	0
chr16	273000	273999	0
chr16	274000	274999	0
chr16	275000	275999	0
chr16	276000	276999	0
chr16	277000	277999	0
chr16	278000	278999	0
chr16	279000	279999	0
chr16	280000	280999	0
chr16	281000	281999	0
chr16	282000	282999	0
chr16	283000	283999	0
chr16	284000	284999	0
chr16	285000	285999	0
chr16	286000	286999	0
chr16	287000	287999	0
chr16	288000	288999	0
chr16	289000	289999	0
chr16	290000	290999	0
chr16	291000	291999	0
chr16	292000	292999	0
chr16	293000	293999	0
chr16	294000	294999	0
chr16	295000	295999	0
chr16	296000	296999	0
chr16	297000	297999	0
chr16	298000	298999	0
chr16	299000	299999	0
chr16	300000	300999	0
chr16	301000	301999	0
chr16	302000	302999	0
chr16	303000	303999	0
chr16	304000	304999	0
chr16	305000	305999	0
chr16	306000	306999	0
chr16	307000	307999	0
chr16	308000	308999	0
chr16	309000	309999	0
chr16	310000	310999	0
chr16	311000	311999	0
chr16	312000	312999	0
chr16	313000	313999	0
chr16	314000	314999	0
chr16	315000	315999	0
chr16	316000	316999	0
chr16	317000	317999	0
chr16	318000	318999	0
chr16	319000	319999	0
chr16	320000	320999	0
chr16	321000	321999	0
chr16	322000	322999	0
chr16	323000	323999	0
chr16	324000	324999	0
chr16	325000	325999	0
chr16	326000	326999	0
chr16	327000	327999	0
chr16	328000	328999	0
chr16	329000	329999	0
chr16	330000	330999	0
chr16	331000	331999	0
chr16	332000	332999	0
chr16	333000	333999	0
chr16	334000	334999	0
chr16	335000	335999	0
chr16	336000	336999	0
chr16	337000	337999	0
chr16	338000	338999	0
chr16	339000	339999	0
chr16	340000	340999	0
chr16	341000	341999	0
chr16	342000	342999	0
chr16	343000	343999	0
chr16	344000	344999	0
chr16	345000	345999	0
chr16	346000	346999	0
chr16	347000	347999	0
chr16	348000	348999	0
chr16	349000	349999	0
chr16	350000	350999	0
chr16	351000	351999	0
chr16	352000	352999	0
chr16	353000	353999	0
chr16	354000	354999	0
chr16	355000	355999	0
chr16	356000	356999	0
chr16	357000	357999	0
chr16	358000	358999	0
chr16	359000	359999	0
chr16	360000	360999	0
chr16	361000	361999	0
chr16	362000	362999	0
chr16	363000	363999	0
chr16	364000	364999	0
chr16	365000	365999	0
chr16	366000	366999	0
chr16	367000	367999	0
chr16	368000	368999	0
chr16	369000	369999	0
chr16	370000	370999	0
chr16	371000	371999	0
chr16	372000	372999	0
chr16	373000	373999	0
chr16	374000	374999	0
chr16	375000	375999	0
chr16	376000	376999	0
chr16	377000	377999	0
chr16	378000	378999	0
chr16	379000	379999	0
chr16	380000	380999	0
chr16	381000	381999	0
chr16	382000	382999	0
chr16	383000	383999	0
chr16	384000	384999	0
chr16	385000	385999	0
chr16	386000	386999	0
chr16	387000	387999	0
chr16	388000	388999	0
chr16	389000	389999	0
chr16	390000	390999	0
chr16	391000	391999	0
chr16	392000	392999	0
chr16	393000	393999	0
chr16	394000	394999	0
chr16	395000	395999	0
chr16	396000	396999	0
chr16	397000	397999	0
chr16	398000	398999	0
chr16	399000	399999	0
chr16	400000	400999	0
chr16	401000	401999	0
chr16	402000	402999	0
chr16	403000	403999	0
chr16	404000	404999	0
chr16	405000	405999	0
chr16	406000	406999	0
chr16	407000	407999	0
chr16	408000	408999	0
chr16	409000	409999	0
chr16	410000	410999	0
chr16	411000	411999	0
chr16	412000	412999	0
chr16	413000	413999	0
chr16	414000	414999	0
chr16	415000	415999	0
chr16	416000	416999	0
chr16	417000	417999	0
chr16	418000	418999	0
chr16	419000	419999	0
chr16	420000	420999	0
chr16	421000	421999	0
chr16	422000	422999	0
chr16	423000	423999	0
chr16	424000	424999	0
chr16	425000	425999	0
chr16	426000	426999	0
chr16	427000	427999	0
chr16	428000	428999	0
chr16	429000	429999	0
chr16	430000	430999	0
chr16	431000	431999	0
chr16	432000	432999	0
chr16	433000	433999	0
chr16	434000	434999	0
chr16	435000	435999	0
chr16	436000	436999	0
chr16	437000	437999	0
chr16	438000	438999	0
chr16	439000	439999	0
chr16	440000	440999	0
chr16	441000	441999	0
chr16	442000	442999	0
chr16	443000	443999	0
chr16	444000	444999	0
chr16	445000	445999	0
chr16	446000	446999	0
chr16	447000	447999	0
chr16	448000	448999	0
chr16	449000	449999	0
chr16	450000	450999	0
chr16	451000	451999	0
chr16	452000	452999	0
chr16	453000	453999	0
chr16	454000	454999	0
chr16	455000	455999	0
chr16	456000	456999	0
chr16	457000	457999	0
chr16	458000	458999	0
chr16	459000	459999	0
chr16	460000	460999	0
chr16	461000	461999	0
chr16	462000	462999	0
chr16	463000	463999	0
chr16	464000	464999	0
chr16	465000	465999	0
chr16	466000	466999	0
chr16	467000	467999	0
chr16	468000	468999	0
chr16	469000	469999	0
chr16	470000	470999	0
chr16	471000	471999	0
chr16	472000	472999	0
chr16	473000	473999	0
chr16	474000	474999	0
chr16	475000	475999	0
chr16	476000	476999	0
chr16	477000	477999	0
chr16	478000	478999	0
chr16	479000	479999	0
chr16	480000	480999	0
chr16	481000	481999	0
chr16	482000	482999	0
chr16	483000	483999	0
chr16	484000	484999	0
chr16	485000	485999	0
chr16	486000	486999	0
chr16	487000	487999	0
chr16	488000	488999	0
chr16	489000	489999	0
chr16	490000	490999	0
chr16	491000	491999	0
chr16	492000	492999	0
chr16	493000	493999	0
chr16	494000	494999	0
chr16	495000	495999	0
chr16	496000	496999	0
chr16	497000	497999	0
chr16	498000	498999	0
chr16	499000	499999	0
chr16	500000	500999	0
chr16	501000	501999	0
chr16	502000	502999	0
chr16	503000	503999	0
chr16	504000	504999	0
chr16	505000	505999	0
chr16	506000	506999	0
chr16	507000	507999	0
chr16	508000	508999	0
chr16	509000	509999	0
chr16	510000	510999	0
chr16	511000	511999	0
chr16	512000	512999	0
chr16	513000	513999	0
chr16	514000	514999	0
chr16	515000	515999	0
chr16	516000	516999	0
chr16	517000	517999	0
chr16	518000	518999	0
chr16	519000	519999	0
chr16	520000	520999	0
chr16	521000	521999	0
chr16	522000	522999	0
chr16	523000	523999	0
chr16	524000	524999	0
chr16	525000	525999	0
chr16	526000	526999	0
chr16	527000	527999	0
chr16	528000	528999	0
chr16	529000	529999	0
chr16	530000	530999	0
chr16	531000	531999	0
chr16	532000	532999	0
chr16	533000	533999	0
chr16	534000	534999	0
chr16	535000	535999	0
chr16	536000	536999	0
chr16	537000	537999	0
chr16	538000	538999	0
chr16	539000	539999	0
chr16	540000	540999	0
chr16	541000	541999	0
chr16	542000	542999	0
chr16	543000	543999	0
chr16	544000	544999	0
chr16	545000	545999	0
chr16	546000	546999	0
chr16	547000	547999	0
chr16	548000	548999	0
chr16	549000	549999	0
chr16	550000	550999	0
chr16	551000	551999	0
chr16	552000	552999	0
chr16	553000	553999	0
chr16	554000	554999	0
chr16	555000	555999	0
chr16	556000	556999	0
chr16	557000	557999	0
chr16	558000	558999	0
chr16	559000	559999	0
chr16	560000	560999	0
chr16	561000	561999	0
chr16	562000	562999	0
chr16	563000	563999	0
chr16	564000	564999	0
chr16	565000	565999	0
chr16	566000	566999	0
chr16	567000	567999	0
chr16	568000	568999	0
chr16	569000	569999	0
chr16	570000	570999	0
chr16	571000	571999	0
chr16	572000	572999	0
chr16	573000	573999	0
chr16	574000	574999	0
chr16	575000	575999	0
chr16	576000	576999	0
chr16	577000	577999	0
chr16	578000	578999	0
chr16	579000	579999	0
chr16	580000	580999	0
chr16	581000	581999	0
chr16	582000	582999	0
chr16	583000	583999	0
chr16	584000	584999	0
chr16	585000	585999	0
chr16	586000	586999	0
chr16	587000	587999	0
chr16	588000	588999	0
chr16	589000	589999	0
chr16	590000	590999	0
chr16	591000	591999	0
chr16	592000	592999	0
chr16	593000	593999	0
chr16	594000	594999	0
chr16	595000	595999	0
chr16	596000	596999	0
chr16	597000	597999	0
chr16	598000	598999	0
chr16	599000	599999	0
chr16	600000	600999	0
chr16	601000	601999	0
chr16	602000	602999	0
chr16	603000	603999	0
chr16	604000	604999	0
chr16	605000	605999	0
chr16	606000	606999	0
chr16	607000	607999	0
chr16	608000	608999	0
chr16	609000	609999	0
chr16	610000	610999	0
chr16	611000	611999	0
chr16	612000	612999	0
chr16	613000	613999	0
chr16	614000	614999	0
chr16	615000	615999	0
chr16	616000	616999	0
chr16	617000	617999	0
chr16	618000	618999	0
chr16	619000	619999	0
chr16	620000	620999	0
chr16	621000	621999	0
chr16	622000	622999	0
chr16	623000	623999	0
chr16	624000	624999	0
chr16	625000	625999	0
chr16	626000	626999	0
chr16	627000	627999	0
chr16	628000	628999	0
chr16	629000	629999	0
chr16	630000	630999	0
chr16	631000	631999	0
chr16	632000	632999	0
chr16	633000	633999	0
chr16	634000	634999	0
chr16	635000	635999	0
chr16	636000	636999	0
chr16	637000	637999	0
chr16	638000	638999	0
chr16	639000	639999	0
chr16	640000	640999	0
chr16	641000	641999	0
chr16	642000	642999	0
chr16	643000	643999	0
chr16	644000	644999	0
chr16	645000	645999	0
chr16	646000	646999	0
chr16	647000	647999	0
chr16	648000	648999	0
chr16	649000	649999	0
chr16	650000	650999	0
chr16	651000	651999	0
chr16	652000	652999	0
chr16	653000	653999	0
chr16	654000	654999	0
chr16	655000	655999	0
chr16	656000	656999	0
chr16	657000	657999	0
chr16	658000	658999	0
chr16	659000	659999	0
chr16	660000	660999	0
chr16	661000	661999	0
chr16	662000	662999	0
chr16	663000	663999	0
chr16	664000	664999	0
chr16	665000	665999	0
chr16	666000	666999	0
chr16	667000	667999	0
chr16	668000	668999	0
chr16	669000	669999	0
chr16	670000	670999	0
chr16	671000	671999	0
chr16	672000	672999	0
chr16	673000	673999	0
chr16	674000	674999	0
chr16	675000	675999	0
chr16	676000	676999	0
chr16	677000	677999	0
chr16	678000	678999	0
chr16	679000	679999	0
chr16	680000	680999	0
chr16	681000	681999	0
chr16	682000	682999	0
chr16	683000	683999	0
chr16	684000	684999	0
chr16	685000	685999	0
chr16	686000	686999	0
chr16	687000	687999	0
chr16	688000	688999	0
chr16	689000	689999	0
chr16	690000	690999	0
chr16	691000	691999	0
chr16	692000	692999	0
chr16	693000	693999	0
chr16	694000	694999	0
chr16	695000	695999	0
chr16	696000	696999	0
chr16	697000	697999	0
chr16	698000	698999	0
chr16	699000	699999	0
chr16	700000	700999	0
chr16	701000	701999	0
chr16	702000	702999	0
chr16	703000	703999	0
chr16	704000	704999	0
chr16	705000	705999	0
chr16	706000	706999	0
chr16	707000	707999	0
chr16	708000	708999	0
chr16	709000	709999	0
chr16	710000	710999	0
chr16	711000	711999	0
chr16	712000	712999	0
chr16	713000	713999	0
chr16	714000	714999	0
chr16	715000	715999	0
chr16	716000	716999	0
chr16	717000	717999	0
chr16	718000	718999	0
chr16	719000	719999	0
chr16	720000	720999	0
chr16	721000	721999	0
chr16	722000	722999	0
chr16	723000	723999	0
chr16	724000	724999	0
chr16	725000	725999	0
chr16	726000	726999	0
chr16	727000	727999	0
chr16	728000	728999	0
chr16	729000	729999	0
chr16	730000	730999	0
chr16	731000	731999	0
chr16	732000	732999	0
chr16	733000	733999	0
chr16	734000	734999	0
chr16	735000	735999	0
chr16	736000	736999	0
chr16	737000	737999	0
chr16	738000	738999	0
chr16	739000	739999	0
chr16	740000	740999	0
chr16	741000	741999	0
chr16	742000	742999	0
chr16	743000	743999	0
chr16	744000	744999	0
chr16	745000	745999	0
chr16	746000	746999	0
chr16	747000	747999	0
chr16	748000	748999	0
chr16	749000	749999	0
chr16	750000	750999	0
chr16	751000	751999	0
chr16	752000	752999	0
chr16	753000	753999	0
chr16	754000	754999	0
chr16	755000	755999	0
chr16	756000	756999	0
chr16	757000	757999	0
chr16	758000	758999	0
chr16	759000	759999	0
chr16	760000	760999	0
chr16	761000	761999	0
chr16	762000	762999	0
chr16	763000	763999	0
chr16	764000	764999	0
chr16	765000	765999	0
chr16	766000	766999	0
chr16	767000	767999	0
chr16	768000	768999	0
chr16	769000	769999	0
chr16	770000	770999	0
chr16	771000	771999	0
chr16	772000	772999	0
chr16	773000	773999	0
chr16	774000	774999	0
chr16	775000	775999	0
chr16	776000	776999	0
chr16	777000	777999	0
chr16	778000	778999	0
chr16	779000	779999	0
chr16	780000	780999	0
chr16	781000	781999	0
chr16	782000	782999	0
chr16	783000	783999	0
chr16	784000	784999	0
chr16	785000	785999	0
chr16	786000	786999	0
chr16	787000	787999	0
chr16	788000	788999	0
chr16	789000	789999	0
chr16	790000	790999	0
chr16	791000	791999	0
chr16	792000	792999	0
chr16	793000	793999	0
chr16	794000	794999	0
chr16	795000	795999	0
chr16	796000	796999	0
chr16	797000	797999	0
chr16	798000	798999	0
chr16	799000	799999	0
chr16	800000	800999	0
chr16	801000	801999	0
chr16	802000	802999	0
chr16	803000	803999	0
chr16	804000	804999	0
chr16	805000	805999	0
chr16	806000	806999	0
chr16	807000	807999	0
chr16	808000	808999	0
chr16	809000	809999	0
chr16	810000	810999	0
chr16	811000	811999	0
chr16	812000	812999	0
chr16	813000	813999	0
chr16	814000	814999	0
chr16	815000	815999	0
chr16	816000	816999	0
chr16	817000	817999	0
chr16	818000	818999	0
chr16	819000	819999	0
chr16	820000	820999	0
chr16	821000	821999	0
chr16	822000	822999	0
chr16	823000	823999	0
chr16	824000	824999	0
chr16	825000	825999	0
chr16	826000	826999	0
chr16	827000	827999	0
chr16	828000	828999	0
chr16	829000	829999	0
chr16	830000	830999	0
chr16	831000	831999	0
chr16	832000	832999	0
chr16	833000	833999	0
chr16	834000	834999	0
chr16	835000	835999	0
chr16	836000	836999	0
chr16	837000	837999	0
chr16	838000	838999	0
chr16	839000	839999	0
chr16	840000	840999	0
chr16	841000	841999	0
chr16	842000	842999	0
chr16	843000	843999	0
chr16	844000	844999	0
chr16	845000	845999	0
chr16	846000	846999	0
chr16	847000	847999	0
chr16	848000	848999	0
chr16	849000	849999	0
chr16	850000	850999	0
chr16	851000	851999	0
chr16	852000	852999	0
chr16	853000	853999	0
chr16	854000	854999	0
chr16	855000	855999	0
chr16	856000	856999	0
chr16	857000	857999	0
chr16	858000	858999	0
chr16	859000	859999	0
chr16	860000	860999	0
chr16	861000	861999	0
chr16	862000	862999	0
chr16	863000	863999	0
chr16	864000	864999	0
chr16	865000	865999	0
chr16	866000	866999	0
chr16	867000	867999	0
chr16	868000	868999	0
chr16	869000	869999	0
chr16	870000	870999	0
chr16	871000	871999	0
chr16	872000	872999	0
chr16	873000	873999	0
chr16	874000	874999	0
chr16	875000	875999	0
chr16	876000	876999	0
chr16	877000	877999	0
chr16	878000	878999	0
chr16	879000	879999	0
chr16	880000	880999	0
chr16	881000	881999	0
chr16	882000	882999	0
chr16	883000	883999	0
chr16	884000	884999	0
chr16	885000	885999	0
chr16	886000	886999	0
chr16	887000	887999	0
chr16	888000	888999	0
chr16	889000	889999	0
chr16	890000	890999	0
chr16	891000	891999	0
chr16	892000	892999	0
chr16	893000	893999	0
chr16	894000	894999	0
chr16	895000	895999	0
chr16	896000	896999	0
chr16	897000	897999	0
chr16	898000	898999	0
chr16	899000	899999	0
chr16	900000	900999	0
chr16	901000	901999	0
chr16	902000	902999	0
chr16	903000	903999	0
chr16	904000	904999	0
chr16	905000	905999	0
chr16	906000	906999	0
chr16	907000	907999	0
chr16	908000	908999	0
chr16	909000	909999	0
chr16	910000	910999	0
chr16	911000	911999	0
chr16	912000	912999	0
chr16	913000	913999	0
chr16	914000	914999	0
chr16	915000	915999	0
chr16	916000	916999	0
chr16	917000	917999	0
chr16	918000	918999	0
chr16	919000	919999	0
chr16	920000	920999	0
chr16	921000	921999	0
chr16	922000	922999	0
chr16	923000	923999	0
chr16	924000	924999	0
chr16	925000	925999	0
chr16	926000	926999	0
chr16	927000	927999	0
chr16	928000	928999	0
chr16	929000	929999	0
chr16	930000	930999	0
chr16	931000	931999	0
chr16	932000	932999	0
chr16	933000	933999	0
chr16	934000	934999	0
chr16	935000	935999	0
chr16	936000	936999	0
chr16	937000	937999	0
chr16	938000	938999	0
chr16	939000	939999	0
chr16	940000	940999	0
chr16	941000	941999	0
chr16	942000	942999	0
chr16	943000	943999	0
chr16	944000	944999	0
chr16	945000	945999	0
chr16	946000	946999	0
chr16	947000	947999	0
chr16	948000	948999	0
chr16	949000	949999	0
chr16	950000	950999	0
chr16	951000	951999	0
chr16	952000	952999	0
chr16	953000	953999	0
chr16	954000	954999	0
chr16	955000	955999	0
chr16	956000	956999	0
chr16	957000	957999	0
chr16	958000	958999	0
chr16	959000	959999	0
chr16	960000	960999	0
chr16	961000	961999	0
chr16	962000	962999	0
chr16	963000	963999	0
chr16	964000	964999	0
chr16	965000	965999	0
chr16	966000	966999	0
chr16	967000	967999	0
chr16	968000	968999	0
chr16	969000	969999	0
chr16	970000	970999	0
chr16	971000	971999	0
chr16	972000	972999	0
chr16	973000	973999	0
chr16	974000	974999	0
chr16	975000	975999	0
chr16	976000	976999	0
chr16	977000	977999	0
chr16	978000	978999	0
chr16	979000	979999	0
chr16	980000	980999	0
chr16	981000	981999	0
chr16	982000	982999	0
chr16	983000	983999	0
chr16	984000	984999	0
chr16	985000	985999	0
chr16	986000	986999	0
chr16	987000	987999	0
chr16	988000	988999	0
chr16	989000	989999	0
chr16	990000	990999	0
chr16	991000	991999	0
chr16	992000	992999	0
chr16	993000	993999	0
chr16	994000	994999	0
chr16	995000	995999	0
chr16	996000	996999	0
chr16	997000	997999	0
chr16	998000	998999	0
chr16	999000	999999	0
chr16	1000000	1000999	0
chr16	1001000	1001999	0
chr16	1002000	1002999	0
chr16	1003000	1003999	0
chr16	1004000	1004999	0
chr16	1005000	1005999	0
chr16	1006000	1006999	0
chr16	1007000	1007999	0
chr16	1008000	1008999	0
chr16	1009000	1009999	0
chr16	1010000	1010999	0
chr16	1011000	1011999	0
chr16	1012000	1012999	0
chr16	1013000	1013999	0
chr16	1014000	1014999	0
chr16	1015000	1015999	0
chr16	1016000	1016999	0
chr16	1017000	1017999	0
chr16	1018000	1018999	0
chr16	1019000	1019999	0
chr16	1020000	1020999	0
chr16	1021000	1021999	0
chr16	1022000	1022999	0
chr16	1023000	1023999	0
chr16	1024000	1024999	0
chr16	1025000	1025999	0
chr16	1026000	1026999	0
chr16	1027000	1027999	0
chr16	1028000	1028999	0
chr16	1029000	1029999	0
chr16	1030000	1030999	0
chr16	1031000	1031999	0
chr16	1032000	1032999	0
chr16	1033000	1033999	0
chr16	1034000	1034999	0
chr16	1035000	1035999	0
chr16	1036000	1036999	0
chr16	1037000	1037999	0
chr16	1038000	1038999	0
chr16	1039000	1039999	0
chr16	1040000	1040999	0
chr16	1041000	1041999	0
chr16	1042000	1042999	0
chr16	1043000	1043999	0
chr16	1044000	1044999	0
chr16	1045000	1045999	0
chr16	1046000	1046999	0
chr16	1047000	1047999	0
chr16	1048000	1048999	0
chr16	1049000	1049999	0
chr16	1050000	1050999	0
chr16	1051000	1051999	0
chr16	1052000	1052999	0
chr16	1053000	1053999	0
chr16	1054000	1054999	0
chr16	1055000	1055999	0
chr16	1056000	1056999	0
chr16	1057000	1057999	0
chr16	1058000	1058999	0
chr16	1059000	1059999	0
chr16	1060000	1060999	0
chr16	1061000	1061999	0
chr16	1062000	1062999	0
chr16	1063000	1063999	0
chr16	1064000	1064999	0
chr16	1065000	1065999	0
chr16	1066000	1066999	0
chr16	1067000	1067999	0
chr16	1068000	1068999	0
chr16	1069000	1069999	0
chr16	1070000	1070999	0
chr16	1071000	1071999	0
chr16	1072000	1072999	0
chr16	1073000	1073999	0
chr16	1074000	1074999	0
chr16	1075000	1075999	0
chr16	1076000	1076999	0
chr16	1077000	1077999	0
chr16	1078000	1078999	0
chr16	1079000	1079999	0
chr16	1080000	1080999	0
chr16	1081000	1081999	0
chr16	1082000	1082999	0
chr16	1083000	1083999	0
chr16	1084000	1084999	0
chr16	1085000	1085999	0
chr16	1086000	1086999	0
chr16	1087000	1087999	0
chr16	1088000	1088999	0
chr16	1089000	1089999	0
chr16	1090000	1090999	0
chr16	1091000	1091999	0
chr16	1092000	1092999	0
chr16	1093000	1093999	0
chr16	1094000	1094999	0
chr16	1095000	1095999	0
chr16	1096000	1096999	0
chr16	1097000	1097999	0
chr16	1098000	1098999	0
chr16	1099000	1099999	0
chr16	1100000	1100999	0
chr16	1101000	1101999	0
chr16	1102000	1102999	0
chr16	1103000	1103999	0
chr16	1104000	1104999	0
chr16	1105000	1105999	0
chr16	1106000	1106999	0
chr16	1107000	1107999	0
chr16	1108000	1108999	0
chr16	1109000	1109999	0
chr16	1110000	1110999	0
chr16	1111000	1111999	0
chr16	1112000	1112999	0
chr16	1113000	1113999	0
chr16	1114000	1114999	0
chr16	1115000	1115999	0
chr16	1116000	1116999	0
chr16	1117000	1117999	0
chr16	1118000	1118999	0
chr16	1119000	1119999	0
chr16	1120000	1120999	0
chr16	1121000	1121999	0
chr16	1122000	1122999	0
chr16	1123000	1123999	0
chr16	1124000	1124999	0
chr16	1125000	1125999	0
chr16	1126000	1126999	0
chr16	1127000	1127999	0
chr16	1128000	1128999	0
chr16	1129000	1129999	0
chr16	1130000	1130999	0
chr16	1131000	1131999	0
chr16	1132000	1132999	0
chr16	1133000	1133999	0
chr16	1134000	1134999	0
chr16	1135000	1135999	0
chr16	1136000	1136999	0
chr16	1137000	1137999	0
chr16	1138000	1138999	0
chr16	1139000	1139999	0
chr16	1140000	1140999	0
chr16	1141000	1141999	0
chr16	1142000	1142999	0
chr16	1143000	1143999	0
chr16	1144000	1144999	0
chr16	1145000	1145999	0
chr16	1146000	1146999	0
chr16	1147000	1147999	0
chr16	1148000	1148999	0
chr16	1149000	1149999	0
chr16	1150000	1150999	0
chr16	1151000	1151999	0
chr16	1152000	1152999	0
chr16	1153000	1153999	0
chr16	1154000	1154999	0
chr16	1155000	1155999	0
chr16	1156000	1156999	0
chr16	1157000	1157999	0
chr16	1158000	1158999	0
chr16	1159000	1159999	0
chr16	1160000	1160999	0
chr16	1161000	1161999	0
chr16	1162000	1162999	0
chr16	1163000	1163999	0
chr16	1164000	1164999	0
chr16	1165000	1165999	0
chr16	1166000	1166999	0
chr16	1167000	1167999	0
chr16	1168000	1168999	0
chr16	1169000	1169999	0
chr16	1170000	1170999	0
chr16	1171000	1171999	0
chr16	1172000	1172999	0
chr16	1173000	1173999	0
chr16	1174000	1174999	0
chr16	1175000	1175999	0
chr16	1176000	1176999	0
chr16	1177000	1177999	0
chr16	1178000	1178999	0
chr16	1179000	1179999	0
chr16	1180000	1180999	0
chr16	1181000	1181999	0
chr16	1182000	1182999	0
chr16	1183000	1183999	0
chr16	1184000	1184999	0
chr16	1185000	1185999	0
chr16	1186000	1186999	0
chr16	1187000	1187999	0
chr16	1188000	1188999	0
chr16	1189000	1189999	0
chr16	1190000	1190999	0
chr16	1191000	1191999	0
chr16	1192000	1192999	0
chr16	1193000	1193999	0
chr16	1194000	1194999	0
chr16	1195000	1195999	0
chr16	1196000	1196999	0
chr16	1197000	1197999	0
chr16	1198000	1198999	0
chr16	1199000	1199999	0
chr16	1200000	1200999	0
chr16	1201000	1201999	0
chr16	1202000	1202999	0
chr16	1203000	1203999	0
chr16	1204000	1204999	0
chr16	1205000	1205999	0
chr16	1206000	1206999	0
chr16	1207000	1207999	0
chr16	1208000	1208999	0
chr16	1209000	1209999	0
chr16	1210000	1210999	0
chr16	1211000	1211999	0
chr16	1212000	1212999	0
chr16	1213000	1213999	0
chr16	1214000	1214999	0
chr16	1215000	1215999	0
chr16	1216000	1216999	0
chr16	1217000	1217999	0
chr16	1218000	1218999	0
chr16	1219000	1219999	0
chr16	1220000	1220999	0
chr16	1221000	1221999	0
chr16	1222000	1222999	0
chr16	1223000	1223999	0
chr16	1224000	1224999	0
chr16	1225000	1225999	0
chr16	1226000	1226999	0
chr16	1227000	1227999	0
chr16	1228000	1228999	0
chr16	1229000	1229999	0
chr16	1230000	1230999	0
chr16	1231000	1231999	0
chr16	1232000	1232999	0
chr16	1233000	1233999	0
chr16	1234000	1234999	0
chr16	1235000	1235999	0
chr16	1236000	1236999	0
chr16	1237000	1237999	0
chr16	1238000	1238999	0
chr16	1239000	1239999	0
chr16	1240000	1240999	0
chr16	1241000	1241999	0
chr16	1242000	1242999	0
chr16	1243000	1243999	0
chr16	1244000	1244999	0
chr16	1245000	1245999	0
chr16	1246000	1246999	0
chr16	1247000	1247999	0
chr16	1248000	1248999	0
chr16	1249000	1249999	0
chr16	1250000	1250999	0
chr16	1251000	1251999	0
chr16	1252000	1252999	0
chr16	1253000	1253999	0
chr16	1254000	1254999	0
chr16	1255000	1255999	0
chr16	1256000	1256999	0
chr16	1257000	1257999	0
chr16	1258000	1258999	0
chr16	1259000	1259999	0
chr16	1260000	1260999	0
chr16	1261000	1261999	0
chr16	1262000	1262999	0
chr16	1263000	1263999	0
chr16	1264000	1264999	0
chr16	1265000	1265999	0
chr16	1266000	1266999	0
chr16	1267000	1267999	0
chr16	1268000	1268999	0
chr16	1269000	1269999	0
chr16	1270000	1270999	0
chr16	1271000	1271999	0
chr16	1272000	1272999	0
chr16	1273000	1273999	0
chr16	1274000	1274999	0
chr16	1275000	1275999	0
chr16	1276000	1276999	0
chr16	1277000	1277999	0
chr16	1278000	1278999	0
chr16	1279000	1279999	0
chr16	1280000	1280999	0
chr16	1281000	1281999	0
chr16	1282000	1282999	0
chr16	1283000	1283999	0
chr16	1284000	1284999	0
chr16	1285000	1285999	0
chr16	1286000	1286999	0
chr16	1287000	1287999	0
chr16	1288000	1288999	0
chr16	1289000	1289999	0
chr16	1290000	1290999	0
chr16	1291000	1291999	0
chr16	1292000	1292999	0
chr16	1293000	1293999	0
chr16	1294000	1294999	0
chr16	1295000	1295999	0
chr16	1296000	1296999	0
chr16	1297000	1297999	0
chr16	1298000	1298999	0
chr16	1299000	1299999	0
chr16	1300000	1300999	0
chr16	1301000	1301999	0
chr16	1302000	1302999	0
chr16	1303000	1303999	0
chr16	1304000	1304999	0
chr16	1305000	1305999	0
chr16	1306000	1306999	0
chr16	1307000	1307999	0
chr16	1308000	1308999	0
chr16	1309000	1309999	0
chr16	1310000	1310999	0
chr16	1311000	1311999	0
chr16	1312000	1312999	0
chr16	1313000	1313999	0
chr16	1314000	1314999	0
chr16	1315000	1315999	0
chr16	1316000	1316999	0
chr16	1317000	1317999	0
chr16	1318000	1318999	0
chr16	1319000	1319999	0
chr16	1320000	1320999	0
chr16	1321000	1321999	0
chr16	1322000	1322999	0
chr16	1323000	1323999	0
chr16	1324000	1324999	0
chr16	1325000	1325999	0
chr16	1326000	1326999	0
chr16	1327000	1327999	0
chr16	1328000	1328999	0
chr16	1329000	1329999	0
chr16	1330000	1330999	0
chr16	1331000	1331999	0
chr16	1332000	1332999	0
chr16	1333000	1333999	0
chr16	1334000	1334999	0
chr16	1335000	1335999	0
chr16	1336000	1336999	0
chr16	1337000	1337999	0
chr16	1338000	1338999	0
chr16	1339000	1339999	0
chr16	1340000	1340999	0
chr16	1341000	1341999	0
chr16	1342000	1342999	0
chr16	1343000	1343999	0
chr16	1344000	1344999	0
chr16	1345000	1345999	0
chr16	1346000	1346999	0
chr16	1347000	1347999	0
chr16	1348000	1348999	0
chr16	1349000	1349999	0
chr16	1350000	1350999	0
chr16	1351000	1351999	0
chr16	1352000	1352999	0
chr16	1353000	1353999	0
chr16	1354000	1354999	0
chr16	1355000	1355999	0
chr16	1356000	1356999	0
chr16	1357000	1357999	0
chr16	1358000	1358999	0
chr16	1359000	1359999	0
chr16	1360000	1360999	0
chr16	1361000	1361999	0
chr16	1362000	1362999	0
chr16	1363000	1363999	0
chr16	1364000	1364999	0
chr16	1365000	1365999	0
chr16	1366000	1366999	0
chr16	1367000	1367999	0
chr16	1368000	1368999	0
chr16	1369000	1369999	0
chr16	1370000	1370999	0
chr16	1371000	1371999	0
chr16	1372000	1372999	0
chr16	1373000	1373999	0
chr16	1374000	1374999	0
chr16	1375000	1375999	0
chr16	1376000	1376999	0
chr16	1377000	1377999	0
chr16	1378000	1378999	0
chr16	1379000	1379999	0
chr16	1380000	1380999	0
chr16	1381000	1381999	0
chr16	1382000	1382999	0
chr16	1383000	1383999	0
chr16	1384000	1384999	0
chr16	1385000	1385999	0
chr16	1386000	1386999	0
chr16	1387000	1387999	0
chr16	1388000	1388999	0
chr16	1389000	1389999	0
chr16	1390000	1390999	0
chr16	1391000	1391999	0
chr16	1392000	1392999	0
chr16	1393000	1393999	0
chr16	1394000	1394999	0
chr16	1395000	1395999	0
chr16	1396000	1396999	0
chr16	1397000	1397999	0
chr16	1398000	1398999	0
chr16	1399000	1399999	0
chr16	1400000	1400999	0
chr16	1401000	1401999	0
chr16	1402000	1402999	0
chr16	1403000	1403999	0
chr16	1404000	1404999	0
chr16	1405000	1405999	0
chr16	1406000	1406999	0
chr16	1407000	1407999	0
chr16	1408000	1408999	0
chr16	1409000	1409999	0
chr16	1410000	1410999	0
chr16	1411000	1411999	0
chr16	1412000	1412999	0
chr16	1413000	1413999	0
chr16	1414000	1414999	0
chr16	1415000	1415999	0
chr16	1416000	1416999	0
chr16	1417000	1417999	0
chr16	1418000	1418999	0
chr16	1419000	1419999	0
chr16	1420000	1420999	0
chr16	1421000	1421999	0
chr16	1422000	1422999	0
chr16	1423000	1423999	0
chr16	1424000	1424999	0
chr16	1425000	1425999	0
chr16	1426000	1426999	0
chr16	1427000	1427999	0
chr16	1428000	1428999	0
chr16	1429000	1429999	0
chr16	1430000	1430999	0
chr16	1431000	1431999	0
chr16	1432000	1432999	0
chr16	1433000	1433999	0
chr16	1434000	1434999	0
chr16	1435000	1435999	0
chr16	1436000	1436999	0
chr16	1437000	1437999	0
chr16	1438000	1438999	0
chr16	1439000	1439999	0
chr16	1440000	1440999	0
chr16	1441000	1441999	0
chr16	1442000	1442999	0
chr16	1443000	1443999	0
chr16	1444000	1444999	0
chr16	1445000	1445999	0
chr16	1446000	1446999	0
chr16	1447000	1447999	0
chr16	1448000	1448999	0
chr16	1449000	1449999	0
chr16	1450000	1450999	0
chr16	1451000	1451999	0
chr16	1452000	1452999	0
chr16	1453000	1453999	0
chr16	1454000	1454999	0
chr16	1455000	1455999	0
chr16	1456000	1456999	0
chr16	1457000	1457999	0
chr16	1458000	1458999	0
chr16	1459000	1459999	0
chr16	1460000	1460999	0
chr16	1461000	1461999	0
chr16	1462000	1462999	0
chr16	1463000	1463999	0
chr16	1464000	1464999	0
chr16	1465000	1465999	0
chr16	1466000	1466999	0
chr16	1467000	1467999	0
chr16	1468000	1468999	0
chr16	1469000	1469999	0
chr16	1470000	1470999	0
chr16	1471000	1471999	0
chr16	1472000	1472999	0
chr16	1473000	1473999	0
chr16	1474000	1474999	0
chr16	1475000	1475999	0
chr16	1476000	1476999	0
chr16	1477000	1477999	0
chr16	1478000	1478999	0
chr16	1479000	1479999	0
chr16	1480000	1480999	0
chr16	1481000	1481999	0
chr16	1482000	1482999	0
chr16	1483000	1483999	0
chr16	1484000	1484999	0
chr16	1485000	1485999	0
chr16	1486000	1486999	0
chr16	1487000	1487999	0
chr16	1488000	1488999	0
chr16	1489000	1489999	0
chr16	1490000	1490999	0
chr16	1491000	1491999	0
chr16	1492000	1492999	0
chr16	1493000	1493999	0
chr16	1494000	1494999	0
chr16	1495000	1495999	0
chr16	1496000	1496999	0
chr16	1497000	1497999	0
chr16	1498000	1498999	0
chr16	1499000	1499999	0
chr16	1500000	1500999	0
chr16	1501000	1501999	0
chr16	1502000	1502999	0
chr16	1503000	1503999	0
chr16	1504000	1504999	0
chr16	1505000	1505999	0
chr16	1506000	1506999	0
chr16	1507000	1507999	0
chr16	1508000	1508999	0
chr16	1509000	1509999	0
chr16	1510000	1510999	0
chr16	1511000	1511999	0
chr16	1512000	1512999	0
chr16	1513000	1513999	0
chr16	1514000	1514999	0
chr16	1515000	1515999	0
chr16	1516000	1516999	0
chr16	1517000	1517999	0
chr16	1518000	1518999	0
chr16	1519000	1519999	0
chr16	1520000	1520999	0
chr16	1521000	1521999	0
chr16	1522000	1522999	0
chr16	1523000	1523999	0
chr16	1524000	1524999	0
chr16	1525000	1525999	0
chr16	1526000	1526999	0
chr16	1527000	1527999	0
chr16	1528000	1528999	0
chr16	1529000	1529999	0
chr16	1530000	1530999	0
chr16	1531000	1531999	0
chr16	1532000	1532999	0
chr16	1533000	1533999	0
chr16	1534000	1534999	0
chr16	1535000	1535999	0
chr16	1536000	1536999	0
chr16	1537000	1537999	0
chr16	1538000	1538999	0
chr16	1539000	1539999	0
chr16	1540000	1540999	0
chr16	1541000	1541999	0
chr16	1542000	1542999	0
chr16	1543000	1543999	0
chr16	1544000	1544999	0
chr16	1545000	1545999	0
chr16	1546000	1546999	0
chr16	1547000	1547999	0
chr16	1548000	1548999	0
chr16	1549000	1549999	0
chr16	1550000	1550999	0
chr16	1551000	1551999	0
chr16	1552000	1552999	0
chr16	1553000	1553999	0
chr16	1554000	1554999	0
chr16	1555000	1555999	0
chr16	1556000	1556999	0
chr16	1557000	1557999	0
chr16	1558000	1558999	0
chr16	1559000	1559999	0
chr16	1560000	1560999	0
chr16	1561000	1561999	0
chr16	1562000	1562999	0
chr16	1563000	1563999	0
chr16	1564000	1564999	0
chr16	1565000	1565999	0
chr16	1566000	1566999	0
chr16	1567000	1567999	0
chr16	1568000	1568999	0
chr16	1569000	1569999	0
chr16	1570000	1570999	0
chr16	1571000	1571999	0
chr16	1572000	1572999	0
chr16	1573000	1573999	0
chr16	1574000	1574999	0
chr16	1575000	1575999	0
chr16	1576000	1576999	0
chr16	1577000	1577999	0
chr16	1578000	1578999	0
chr16	1579000	1579999	0
chr16	1580000	1580999	0
chr16	1581000	1581999	0
chr16	1582000	1582999	0
chr16	1583000	1583999	0
chr16	1584000	1584999	0
chr16	1585000	1585999	0
chr16	1586000	1586999	0
chr16	1587000	1587999	0
chr16	1588000	1588999	0
chr16	1589000	1589999	0
chr16	1590000	1590999	0
chr16	1591000	1591999	0
chr16	1592000	1592999	0
chr16	1593000	1593999	0
chr16	1594000	1594999	0
chr16	1595000	1595999	0
chr16	1596000	1596999	0
chr16	1597000	1597999	0
chr16	1598000	1598999	0
chr16	1599000	1599999	0
chr16	1600000	1600999	0
chr16	1601000	1601999	0
chr16	1602000	1602999	0
chr16	1603000	1603999	0
chr16	1604000	1604999	0
chr16	1605000	1605999	0
chr16	1606000	1606999	0
chr16	1607000	1607999	0
chr16	1608000	1608999	0
chr16	1609000	1609999	0
chr16	1610000	1610999	0
chr16	1611000	1611999	0
chr16	1612000	1612999	0
chr16	1613000	1613999	0
chr16	1614000	1614999	0
chr16	1615000	1615999	0
chr16	1616000	1616999	0
chr16	1617000	1617999	0
chr16	1618000	1618999	0
chr16	1619000	1619999	0
chr16	1620000	1620999	0
chr16	1621000	1621999	0
chr16	1622000	1622999	0
chr16	1623000	1623999	0
chr16	1624000	1624999	0
chr16	1625000	1625999	0
chr16	1626000	1626999	0
chr16	1627000	1627999	0
chr16	1628000	1628999	0
chr16	1629000	1629999	0
chr16	1630000	1630999	0
chr16	1631000	1631999	0
chr16	1632000	1632999	0
chr16	1633000	1633999	0
chr16	1634000	1634999	0
chr16	1635000	1635999	0
chr16	1636000	1636999	0
chr16	1637000	1637999	0
chr16	1638000	1638999	0
chr16	1639000	1639999	0
chr16	1640000	1640999	0
chr16	1641000	1641999	0
chr16	1642000	1642999	0
chr16	1643000	1643999	0
chr16	1644000	1644999	0
chr16	1645000	1645999	0
chr16	1646000	1646999	0
chr16	1647000	1647999	0
chr16	1648000	1648999	0
chr16	1649000	1649999	0
chr16	1650000	1650999	0
chr16	1651000	1651999	0
chr16	1652000	1652999	0
chr16	1653000	1653999	0
chr16	1654000	1654999	0
chr16	1655000	1655999	0
chr16	1656000	1656999	0
chr16	1657000	1657999	0
chr16	1658000	1658999	0
chr16	1659000	1659999	0
chr16	1660000	1660999	0
chr16	1661000	1661999	0
chr16	1662000	1662999	0
chr16	1663000	1663999	0
chr16	1664000	1664999	0
chr16	1665000	1665999	0
chr16	1666000	1666999	0
chr16	1667000	1667999	0
chr16	1668000	1668999	0
chr16	1669000	1669999	0
chr16	1670000	1670999	0
chr16	1671000	1671999	0
chr16	1672000	1672999	0
chr16	1673000	1673999	0
chr16	1674000	1674999	0
chr16	1675000	1675999	0
chr16	1676000	1676999	0
chr16	1677000	1677999	0
chr16	1678000	1678999	0
chr16	1679000	1679999	0
chr16	1680000	1680999	0
chr16	1681000	1681999	0
chr16	1682000	1682999	0
chr16	1683000	1683999	0
chr16	1684000	1684999	0
chr16	1685000	1685999	0
chr16	1686000	1686999	0
chr16	1687000	1687999	0
chr16	1688000	1688999	0
chr16	1689000	1689999	0
chr16	1690000	1690999	0
chr16	1691000	1691999	0
chr16	1692000	1692999	0
chr16	1693000	1693999	0
chr16	1694000	1694999	0
chr16	1695000	1695999	0
chr16	1696000	1696999	0
chr16	1697000	1697999	0
chr16	1698000	1698999	0
chr16	1699000	1699999	0
chr16	1700000	1700999	0
chr16	1701000	1701999	0
chr16	1702000	1702999	0
chr16	1703000	1703999	0
chr16	1704000	1704999	0
chr16	1705000	1705999	0
chr16	1706000	1706999	0
chr16	1707000	1707999	0
chr16	1708000	1708999	0
chr16	1709000	1709999	0
chr16	1710000	1710999	0
chr16	1711000	1711999	0
chr16	1712000	1712999	0
chr16	1713000	1713999	0
chr16	1714000	1714999	0
chr16	1715000	1715999	0
chr16	1716000	1716999	0
chr16	1717000	1717999	0
chr16	1718000	1718999	0
chr16	1719000	1719999	0
chr16	1720000	1720999	0
chr16	1721000	1721999	0
chr16	1722000	1722999	0
chr16	1723000	1723999	0
chr16	1724000	1724999	0
chr16	1725000	1725999	0
chr16	1726000	1726999	0
chr16	1727000	1727999	0
chr16	1728000	1728999	0
chr16	1729000	1729999	0
chr16	1730000	1730999	0
chr16	1731000	1731999	0
chr16	1732000	1732999	0
chr16	1733000	1733999	0
chr16	1734000	1734999	0
chr16	1735000	1735999	0
chr16	1736000	1736999	0
chr16	1737000	1737999	0
chr16	1738000	1738999	0
chr16	1739000	1739999	0
chr16	1740000	1740999	0
chr16	1741000	1741999	0
chr16	1742000	1742999	0
chr16	1743000	1743999	0
chr16	1744000	1744999	0
chr16	1745000	1745999	0
chr16	1746000	1746999	0
chr16	1747000	1747999	0
chr16	1748000	1748999	0
chr16	1749000	1749999	0
chr16	1750000	1750999	0
chr16	1751000	1751999	0
chr16	1752000	1752999	0
chr16	1753000	1753999	0
chr16	1754000	1754999	0
chr16	1755000	1755999	0
chr16	1756000	1756999	0
chr16	1757000	1757999	0
chr16	1758000	1758999	0
chr16	1759000	1759999	0
chr16	1760000	1760999	0
chr16	1761000	1761999	0
chr16	1762000	1762999	0
chr16	1763000	1763999	0
chr16	1764000	1764999	0
chr16	1765000	1765999	0
chr16	1766000	1766999	0
chr16	1767000	1767999	0
chr16	1768000	1768999	0
chr16	1769000	1769999	0
chr16	1770000	1770999	0
chr16	1771000	1771999	0
chr16	1772000	1772999	0
chr16	1773000	1773999	0
chr16	1774000	1774999	0
chr16	1775000	1775999	0
chr16	1776000	1776999	0
chr16	1777000	1777999	0
chr16	1778000	1778999	0
chr16	1779000	1779999	0
chr16	1780000	1780999	0
chr16	1781000	1781999	0
chr16	1782000	1782999	0
chr16	1783000	1783999	0
chr16	1784000	1784999	0
chr16	1785000	1785999	0
chr16	1786000	1786999	0
chr16	1787000	1787999	0
chr16	1788000	1788999	0
chr16	1789000	1789999	0
chr16	1790000	1790999	0
chr16	1791000	1791999	0
chr16	1792000	1792999	0
chr16	1793000	1793999	0
chr16	1794000	1794999	0
chr16	1795000	1795999	0
chr16	1796000	1796999	0
chr16	1797000	1797999	0
chr16	1798000	1798999	0
chr16	1799000	1799999	0
chr16	1800000	1800999	0
chr16	1801000	1801999	0
chr16	1802000	1802999	0
chr16	1803000	1803999	0
chr16	1804000	1804999	0
chr16	1805000	1805999	0
chr16	1806000	1806999	0
chr16	1807000	1807999	0
chr16	1808000	1808999	0
chr16	1809000	1809999	0
chr16	1810000	1810999	0
chr16	1811000	1811999	0
chr16	1812000	1812999	0
chr16	1813000	1813999	0
chr16	1814000	1814999	0
chr16	1815000	1815999	0
chr16	1816000	1816999	0
chr16	1817000	1817999	0
chr16	1818000	1818999	0
chr16	1819000	1819999	0
chr16	1820000	1820999	0
chr16	1821000	1821999	0
chr16	1822000	1822999	0
chr16	1823000	1823999	0
chr16	1824000	1824999	0
chr16	1825000	1825999	0
chr16	1826000	1826999	0
chr16	1827000	1827999	0
chr16	1828000	1828999	0
chr16	1829000	1829999	0
chr16	1830000	1830999	0
chr16	1831000	1831999	0
chr16	1832000	1832999	0
chr16	1833000	1833999	0
chr16	1834000	1834999	0
chr16	1835000	1835999	0
chr16	1836000	1836999	0
chr16	1837000	1837999	0
chr16	1838000	1838999	0
chr16	1839000	1839999	0
chr16	1840000	1840999	0
chr16	1841000	1841999	0
chr16	1842000	1842999	0
chr16	1843000	1843999	0
chr16	1844000	1844999	0
chr16	1845000	1845999	0
chr16	1846000	1846999	0
chr16	1847000	1847999	0
chr16	1848000	1848999	0
chr16	1849000	1849999	0
chr16	1850000	1850999	0
chr16	1851000	1851999	0
chr16	1852000	1852999	0
chr16	1853000	1853999	0
chr16	1854000	1854999	0
chr16	1855000	1855999	0
chr16	1856000	1856999	0
chr16	1857000	1857999	0
chr16	1858000	1858999	0
chr16	1859000	1859999	0
chr16	1860000	1860999	0
chr16	1861000	1861999	0
chr16	1862000	1862999	0
chr16	1863000	1863999	0
chr16	1864000	1864999	0
chr16	1865000	1865999	0
chr16	1866000	1866999	0
chr16	1867000	1867999	0
chr16	1868000	1868999	0
chr16	1869000	1869999	0
chr16	1870000	1870999	0
chr16	1871000	1871999	0
chr16	1872000	1872999	0
chr16	1873000	1873999	0
chr16	1874000	1874999	0
chr16	1875000	1875999	0
chr16	1876000	1876999	0
chr16	1877000	1877999	0
chr16	1878000	1878999	0
chr16	1879000	1879999	0
chr16	1880000	1880999	0
chr16	1881000	1881999	0
chr16	1882000	1882999	0
chr16	1883000	1883999	0
chr16	1884000	1884999	0
chr16	1885000	1885999	0
chr16	1886000	1886999	0
chr16	1887000	1887999	0
chr16	1888000	1888999	0
chr16	1889000	1889999	0
chr16	1890000	1890999	0
chr16	1891000	1891999	0
chr16	1892000	1892999	0
chr16	1893000	1893999	0
chr16	1894000	1894999	0
chr16	1895000	1895999	0
chr16	1896000	1896999	0
chr16	1897000	1897999	0
chr16	1898000	1898999	0
chr16	1899000	1899999	0
chr16	1900000	1900999	0
chr16	1901000	1901999	0
chr16	1902000	1902999	0
chr16	1903000	1903999	0
chr16	1904000	1904999	0
chr16	1905000	1905999	0
chr16	1906000	1906999	0
chr16	1907000	1907999	0
chr16	1908000	1908999	0
chr16	1909000	1909999	0
chr16	1910000	1910999	0
chr16	1911000	1911999	0
chr16	1912000	1912999	0
chr16	1913000	1913999	0
chr16	1914000	1914999	0
chr16	1915000	1915999	0
chr16	1916000	1916999	0
chr16	1917000	1917999	0
chr16	1918000	1918999	0
chr16	1919000	1919999	0
chr16	1920000	1920999	0
chr16	1921000	1921999	0
chr16	1922000	1922999	0
chr16	1923000	1923999	0
chr16	1924000	1924999	0
chr16	1925000	1925999	0
chr16	1926000	1926999	0
chr16	1927000	1927999	0
chr16	1928000	1928999	0
chr16	1929000	1929999	0
chr16	1930000	1930999	0
chr16	1931000	1931999	0
chr16	1932000	1932999	0
chr16	1933000	1933999	0
chr16	1934000	1934999	0
chr16	1935000	1935999	0
chr16	1936000	1936999	0
chr16	1937000	1937999	0
chr16	1938000	1938999	0
chr16	1939000	1939999	0
chr16	1940000	1940999	0
chr16	1941000	1941999	0
chr16	1942000	1942999	0
chr16	1943000	1943999	0
chr16	1944000	1944999	0
chr16	1945000	1945999	0
chr16	1946000	1946999	0
chr16	1947000	1947999	0
chr16	1948000	1948999	0
chr16	1949000	1949999	0
chr16	1950000	1950999	0
chr16	1951000	1951999	0
chr16	1952000	1952999	0
chr16	1953000	1953999	0
chr16	1954000	1954999	0
chr16	1955000	1955999	0
chr16	1956000	1956999	0
chr16	1957000	1957999	0
chr16	1958000	1958999	0
chr16	1959000	1959999	0
chr16	1960000	1960999	0
chr16	1961000	1961999	0
chr16	1962000	1962999	0
chr16	1963000	1963999	0
chr16	1964000	1964999	0
chr16	1965000	1965999	0
chr16	1966000	1966999	0
chr16	1967000	1967999	0
chr16	1968000	1968999	0
chr16	1969000	1969999	0
chr16	1970000	1970999	0
chr16	1971000	1971999	0
chr16	1972000	1972999	0
chr16	1973000	1973999	0
chr16	1974000	1974999	0
chr16	1975000	1975999	0
chr16	1976000	1976999	0
chr16	1977000	1977999	0
chr16	1978000	1978999	0
chr16	1979000	1979999	0
chr16	1980000	1980999	0
chr16	1981000	1981999	0
chr16	1982000	1982999	0
chr16	1983000	1983999	0
chr16	1984000	1984999	0
chr16	1985000	1985999	0
chr16	1986000	1986999	0
chr16	1987000	1987999	0
chr16	1988000	1988999	0
chr16	1989000	1989999	0
chr16	1990000	1990999	0
chr16	1991000	1991999	0
chr16	1992000	1992999	0
chr16	1993000	1993999	0
chr16	1994000	1994999	0
chr16	1995000	1995999	0
chr16	1996000	1996999	0
chr16	1997000	1997999	0
chr16	1998000	1998999	0
chr16	1999000	1999999	0
chr16	2000000	2000999	0
chr16	2001000	2001999	0
chr16	2002000	2002999	0
chr16	2003000	2003999	0
chr16	2004000	2004999	0
chr16	2005000	2005999	0
chr16	2006000	2006999	0
chr16	2007000	2007999	0
chr16	2008000	2008999	0
chr16	2009000	2009999	0
chr16	2010000	2010999	0
chr16	2011000	2011999	0
chr16	2012000	2012999	0
chr16	2013000	2013999	0
chr16	2014000	2014999	0
chr16	2015000	2015999	0
chr16	2016000	2016999	0
chr16	2017000	2017999	0
chr16	2018000	2018999	0
chr16	2019000	2019999	0
chr16	2020000	2020999	0
chr16	2021000	2021999	0
chr16	2022000	2022999	0
chr16	2023000	2023999	0
chr16	2024000	2024999	0
chr16	2025000	2025999	0
chr16	2026000	2026999	0
chr16	2027000	2027999	0
chr16	2028000	2028999	0
chr16	2029000	2029999	0
chr16	2030000	2030999	0
chr16	2031000	2031999	0
chr16	2032000	2032999	0
chr16	2033000	2033999	0
chr16	2034000	2034999	0
chr16	2035000	2035999	0
chr16	2036000	2036999	0
chr16	2037000	2037999	0
chr16	2038000	2038999	0
chr16	2039000	2039999	0
chr16	2040000	2040999	0
chr16	2041000	2041999	0
chr16	2042000	2042999	0
chr16	2043000	2043999	0
chr16	2044000	2044999	0
chr16	2045000	2045999	0
chr16	2046000	2046999	0
chr16	2047000	2047999	0
chr16	2048000	2048999	0
chr16	2049000	2049999	0
chr16	2050000	2050999	0
chr16	2051000	2051999	0
chr16	2052000	2052999	0
chr16	2053000	2053999	0
chr16	2054000	2054999	0
chr16	2055000	2055999	0
chr16	2056000	2056999	0
chr16	2057000	2057999	0
chr16	2058000	2058999	0
chr16	2059000	2059999	0
chr16	2060000	2060999	0
chr16	2061000	2061999	0
chr16	2062000	2062999	0
chr16	2063000	2063999	0
chr16	2064000	2064999	0
chr16	2065000	2065999	0
chr16	2066000	2066999	0
chr16	2067000	2067999	0
chr16	2068000	2068999	0
chr16	2069000	2069999	0
chr16	2070000	2070999	0
chr16	2071000	2071999	0
chr16	2072000	2072999	0
chr16	2073000	2073999	0
chr16	2074000	2074999	0
chr16	2075000	2075999	0
chr16	2076000	2076999	0
chr16	2077000	2077999	0
chr16	2078000	2078999	0
chr16	2079000	2079999	0
chr16	2080000	2080999	0
chr16	2081000	2081999	0
chr16	2082000	2082999	0
chr16	2083000	2083999	0
chr16	2084000	2084999	0
chr16	2085000	2085999	0
chr16	2086000	2086999	0
chr16	2087000	2087999	0
chr16	2088000	2088999	0
chr16	2089000	2089999	0
chr16	2090000	2090999	0
chr16	2091000	2091999	0
chr16	2092000	2092999	0
chr16	2093000	2093999	0
chr16	2094000	2094999	0
chr16	2095000	2095999	0
chr16	2096000	2096999	0
chr16	2097000	2097999	0
chr16	2098000	2098999	0
chr16	2099000	2099999	0
chr16	2100000	2100999	0
chr16	2101000	2101999	0
chr16	2102000	2102999	0
chr16	2103000	2103999	0
chr16	2104000	2104999	0
chr16	2105000	2105999	0
chr16	2106000	2106999	0
chr16	2107000	2107999	0
chr16	2108000	2108999	0
chr16	2109000	2109999	0
chr16	2110000	2110999	0
chr16	2111000	2111999	0
chr16	2112000	2112999	0
chr16	2113000	2113999	0
chr16	2114000	2114999	0
chr16	2115000	2115999	0
chr16	2116000	2116999	0
chr16	2117000	2117999	0
chr16	2118000	2118999	0
chr16	2119000	2119999	0
chr16	2120000	2120999	0
chr16	2121000	2121999	0
chr16	2122000	2122999	0
chr16	2123000	2123999	0
chr16	2124000	2124999	0
chr16	2125000	2125999	0
chr16	2126000	2126999	0
chr16	2127000	2127999	0
chr16	2128000	2128999	0
chr16	2129000	2129999	0
chr16	2130000	2130999	0
chr16	2131000	2131999	0
chr16	2132000	2132999	0
chr16	2133000	2133999	0
chr16	2134000	2134999	0
chr16	2135000	2135999	0
chr16	2136000	2136999	0
chr16	2137000	2137999	0
chr16	2138000	2138999	0
chr16	2139000	2139999	0
chr16	2140000	2140999	0
chr16	2141000	2141999	0
chr16	2142000	2142999	0
chr16	2143000	2143999	0
chr16	2144000	2144999	0
chr16	2145000	2145999	0
chr16	2146000	2146999	0
chr16	2147000	2147999	0
chr16	2148000	2148999	0
chr16	2149000	2149999	0
chr16	2150000	2150999	0
chr16	2151000	2151999	0
chr16	2152000	2152999	0
chr16	2153000	2153999	0
chr16	2154000	2154999	0
chr16	2155000	2155999	0
chr16	2156000	2156999	0
chr16	2157000	2157999	0
chr16	2158000	2158999	0
chr16	2159000	2159999	0
chr16	2160000	2160999	0
chr16	2161000	2161999	0
chr16	2162000	2162999	0
chr16	2163000	2163999	0
chr16	2164000	2164999	0
chr16	2165000	2165999	0
chr16	2166000	2166999	0
chr16	2167000	2167999	0
chr16	2168000	2168999	0
chr16	2169000	2169999	0
chr16	2170000	2170999	0
chr16	2171000	2171999	0
chr16	2172000	2172999	0
chr16	2173000	2173999	0
chr16	2174000	2174999	0
chr16	2175000	2175999	0
chr16	2176000	2176999	0
chr16	2177000	2177999	0
chr16	2178000	2178999	0
chr16	2179000	2179999	0
chr16	2180000	2180999	0
chr16	2181000	2181999	0
chr16	2182000	2182999	0
chr16	2183000	2183999	0
chr16	2184000	2184999	0
chr16	2185000	2185999	0
chr16	2186000	2186999	0
chr16	2187000	2187999	0
chr16	2188000	2188999	0
chr16	2189000	2189999	0
chr16	2190000	2190999	0
chr16	2191000	2191999	0
chr16	2192000	2192999	0
chr16	2193000	2193999	0
chr16	2194000	2194999	0
chr16	2195000	2195999	0
chr16	2196000	2196999	0
chr16	2197000	2197999	0
chr16	2198000	2198999	0
chr16	2199000	2199999	0
chr16	2200000	2200999	0
chr16	2201000	2201999	0
chr16	2202000	2202999	0
chr16	2203000	2203999	0
chr16	2204000	2204999	0
chr16	2205000	2205999	0
chr16	2206000	2206999	0
chr16	2207000	2207999	0
chr16	2208000	2208999	0
chr16	2209000	2209999	0
chr16	2210000	2210999	0
chr16	2211000	2211999	0
chr16	2212000	2212999	0
chr16	2213000	2213999	0
chr16	2214000	2214999	0
chr16	2215000	2215999	0
chr16	2216000	2216999	0
chr16	2217000	2217999	0
chr16	2218000	2218999	0
chr16	2219000	2219999	0
chr16	2220000	2220999	0
chr16	2221000	2221999	0
chr16	2222000	2222999	0
chr16	2223000	2223999	0
chr16	2224000	2224999	0
chr16	2225000	2225999	0
chr16	2226000	2226999	0
chr16	2227000	2227999	0
chr16	2228000	2228999	0
chr16	2229000	2229999	0
chr16	2230000	2230999	0
chr16	2231000	2231999	0
chr16	2232000	2232999	0
chr16	2233000	2233999	0
chr16	2234000	2234999	0
chr16	2235000	2235999	0
chr16	2236000	2236999	0
chr16	2237000	2237999	0
chr16	2238000	2238999	0
chr16	2239000	2239999	0
chr16	2240000	2240999	0
chr16	2241000	2241999	0
chr16	2242000	2242999	0
chr16	2243000	2243999	0
chr16	2244000	2244999	0
chr16	2245000	2245999	0
chr16	2246000	2246999	0
chr16	2247000	2247999	0
chr16	2248000	2248999	0
chr16	2249000	2249999	0
chr16	2250000	2250999	0
chr16	2251000	2251999	0
chr16	2252000	2252999	0
chr16	2253000	2253999	0
chr16	2254000	2254999	0
chr16	2255000	2255999	0
chr16	2256000	2256999	0
chr16	2257000	2257999	0
chr16	2258000	2258999	0
chr16	2259000	2259999	0
chr16	2260000	2260999	0
chr16	2261000	2261999	0
chr16	2262000	2262999	0
chr16	2263000	2263999	0
chr16	2264000	2264999	0
chr16	2265000	2265999	0
chr16	2266000	2266999	0
chr16	2267000	2267999	0
chr16	2268000	2268999	0
chr16	2269000	2269999	0
chr16	2270000	2270999	0
chr16	2271000	2271999	0
chr16	2272000	2272999	0
chr16	2273000	2273999	0
chr16	2274000	2274999	0
chr16	2275000	2275999	0
chr16	2276000	2276999	0
chr16	2277000	2277999	0
chr16	2278000	2278999	0
chr16	2279000	2279999	0
chr16	2280000	2280999	0
chr16	2281000	2281999	0
chr16	2282000	2282999	0
chr16	2283000	2283999	0
chr16	2284000	2284999	0
chr16	2285000	2285999	0
chr16	2286000	2286999	0
chr16	2287000	2287999	0
chr16	2288000	2288999	0
chr16	2289000	2289999	0
chr16	2290000	2290999	0
chr16	2291000	2291999	0
chr16	2292000	2292999	0
chr16	2293000	2293999	0
chr16	2294000	2294999	0
chr16	2295000	2295999	0
chr16	2296000	2296999	0
chr16	2297000	2297999	0
chr16	2298000	2298999	0
chr16	2299000	2299999	0
chr16	2300000	2300999	0
chr16	2301000	2301999	0
chr16	2302000	2302999	0
chr16	2303000	2303999	0
chr16	2304000	2304999	0
chr16	2305000	2305999	0
chr16	2306000	2306999	0
chr16	2307000	2307999	0
chr16	2308000	2308999	0
chr16	2309000	2309999	0
chr16	2310000	2310999	0
chr16	2311000	2311999	0
chr16	2312000	2312999	0
chr16	2313000	2313999	0
chr16	2314000	2314999	0
chr16	2315000	2315999	0
chr16	2316000	2316999	0
chr16	2317000	2317999	0
chr16	2318000	2318999	0
chr16	2319000	2319999	0
chr16	2320000	2320999	0
chr16	2321000	2321999	0
chr16	2322000	2322999	0
chr16	2323000	2323999	0
chr16	2324000	2324999	0
chr16	2325000	2325999	0
chr16	2326000	2326999	0
chr16	2327000	2327999	0
chr16	2328000	2328999	0
chr16	2329000	2329999	0
chr16	2330000	2330999	0
chr16	2331000	2331999	0
chr16	2332000	2332999	0
chr16	2333000	2333999	0
chr16	2334000	2334999	0
chr16	2335000	2335999	0
chr16	2336000	2336999	0
chr16	2337000	2337999	0
chr16	2338000	2338999	0
chr16	2339000	2339999	0
chr16	2340000	2340999	0
chr16	2341000	2341999	0
chr16	2342000	2342999	0
chr16	2343000	2343999	0
chr16	2344000	2344999	0
chr16	2345000	2345999	0
chr16	2346000	2346999	0
chr16	2347000	2347999	0
chr16	2348000	2348999	0
chr16	2349000	2349999	0
chr16	2350000	2350999	0
chr16	2351000	2351999	0
chr16	2352000	2352999	0
chr16	2353000	2353999	0
chr16	2354000	2354999	0
chr16	2355000	2355999	0
chr16	2356000	2356999	0
chr16	2357000	2357999	0
chr16	2358000	2358999	0
chr16	2359000	2359999	0
chr16	2360000	2360999	0
chr16	2361000	2361999	0
chr16	2362000	2362999	0
chr16	2363000	2363999	0
chr16	2364000	2364999	0
chr16	2365000	2365999	0
chr16	2366000	2366999	0
chr16	2367000	2367999	0
chr16	2368000	2368999	0
chr16	2369000	2369999	0
chr16	2370000	2370999	0
chr16	2371000	2371999	0
chr16	2372000	2372999	0
chr16	2373000	2373999	0
chr16	2374000	2374999	0
chr16	2375000	2375999	0
chr16	2376000	2376999	0
chr16	2377000	2377999	0
chr16	2378000	2378999	0
chr16	2379000	2379999	0
chr16	2380000	2380999	0
chr16	2381000	2381999	0
chr16	2382000	2382999	0
chr16	2383000	2383999	0
chr16	2384000	2384999	0
chr16	2385000	2385999	0
chr16	2386000	2386999	0
chr16	2387000	2387999	0
chr16	2388000	2388999	0
chr16	2389000	2389999	0
chr16	2390000	2390999	0
chr16	2391000	2391999	0
chr16	2392000	2392999	0
chr16	2393000	2393999	0
chr16	2394000	2394999	0
chr16	2395000	2395999	0
chr16	2396000	2396999	0
chr16	2397000	2397999	0
chr16	2398000	2398999	0
chr16	2399000	2399999	0
chr16	2400000	2400999	0
chr16	2401000	2401999	0
chr16	2402000	2402999	0
chr16	2403000	2403999	0
chr16	2404000	2404999	0
chr16	2405000	2405999	0
chr16	2406000	2406999	0
chr16	2407000	2407999	0
chr16	2408000	2408999	0
chr16	2409000	2409999	0
chr16	2410000	2410999	0
chr16	2411000	2411999	0
chr16	2412000	2412999	0
chr16	2413000	2413999	0
chr16	2414000	2414999	0
chr16	2415000	2415999	0
chr16	2416000	2416999	0
chr16	2417000	2417999	0
chr16	2418000	2418999	0
chr16	2419000	2419999	0
chr16	2420000	2420999	0
chr16	2421000	2421999	0
chr16	2422000	2422999	0
chr16	2423000	2423999	0
chr16	2424000	2424999	0
chr16	2425000	2425999	0
chr16	2426000	2426999	0
chr16	2427000	2427999	0
chr16	2428000	2428999	0
chr16	2429000	2429999	0
chr16	2430000	2430999	0
chr16	2431000	2431999	0
chr16	2432000	2432999	0
chr16	2433000	2433999	0
chr16	2434000	2434999	0
chr16	2435000	2435999	0
chr16	2436000	2436999	0
chr16	2437000	2437999	0
chr16	2438000	2438999	0
chr16	2439000	2439999	0
chr16	2440000	2440999	0
chr16	2441000	2441999	0
chr16	2442000	2442999	0
chr16	2443000	2443999	0
chr16	2444000	2444999	0
chr16	2445000	2445999	0
chr16	2446000	2446999	0
chr16	2447000	2447999	0
chr16	2448000	2448999	0
chr16	2449000	2449999	0
chr16	2450000	2450999	0
chr16	2451000	2451999	0
chr16	2452000	2452999	0
chr16	2453000	2453999	0
chr16	2454000	2454999	0
chr16	2455000	2455999	0
chr16	2456000	2456999	0
chr16	2457000	2457999	0
chr16	2458000	2458999	0
chr16	2459000	2459999	0
chr16	2460000	2460999	0
chr16	2461000	2461999	0
chr16	2462000	2462999	0
chr16	2463000	2463999	0
chr16	2464000	2464999	0
chr16	2465000	2465999	0
chr16	2466000	2466999	0
chr16	2467000	2467999	0
chr16	2468000	2468999	0
chr16	2469000	2469999	0
chr16	2470000	2470999	0
chr16	2471000	2471999	0
chr16	2472000	2472999	0
chr16	2473000	2473999	0
chr16	2474000	2474999	0
chr16	2475000	2475999	0
chr16	2476000	2476999	0
chr16	2477000	2477999	0
chr16	2478000	2478999	0
chr16	2479000	2479999	0
chr16	2480000	2480999	0
chr16	2481000	2481999	0
chr16	2482000	2482999	0
chr16	2483000	2483999	0
chr16	2484000	2484999	0
chr16	2485000	2485999	0
chr16	2486000	2486999	0
chr16	2487000	2487999	0
chr16	2488000	2488999	0
chr16	2489000	2489999	0
chr16	2490000	2490999	0
chr16	2491000	2491999	0
chr16	2492000	2492999	0
chr16	2493000	2493999	0
chr16	2494000	2494999	0
chr16	2495000	2495999	0
chr16	2496000	2496999	0
chr16	2497000	2497999	0
chr16	2498000	2498999	0
chr16	2499000	2499999	0
chr16	2500000	2500999	0
chr16	2501000	2501999	0
chr16	2502000	2502999	0
chr16	2503000	2503999	0
chr16	2504000	2504999	0
chr16	2505000	2505999	0
chr16	2506000	2506999	0
chr16	2507000	2507999	0
chr16	2508000	2508999	0
chr16	2509000	2509999	0
chr16	2510000	2510999	0
chr16	2511000	2511999	0
chr16	2512000	2512999	0
chr16	2513000	2513999	0
chr16	2514000	2514999	0
chr16	2515000	2515999	0
chr16	2516000	2516999	0
chr16	2517000	2517999	0
chr16	2518000	2518999	0
chr16	2519000	2519999	0
chr16	2520000	2520999	0
chr16	2521000	2521999	0
chr16	2522000	2522999	0
chr16	2523000	2523999	0
chr16	2524000	2524999	0
chr16	2525000	2525999	0
chr16	2526000	2526999	0
chr16	2527000	2527999	0
chr16	2528000	2528999	0
chr16	2529000	2529999	0
chr16	2530000	2530999	0
chr16	2531000	2531999	0
chr16	2532000	2532999	0
chr16	2533000	2533999	0
chr16	2534000	2534999	0
chr16	2535000	2535999	0
chr16	2536000	2536999	0
chr16	2537000	2537999	0
chr16	2538000	2538999	0
chr16	2539000	2539999	0
chr16	2540000	2540999	0
chr16	2541000	2541999	0
chr16	2542000	2542999	0
chr16	2543000	2543999	0
chr16	2544000	2544999	0
chr16	2545000	2545999	0
chr16	2546000	2546999	0
chr16	2547000	2547999	0
chr16	2548000	2548999	0
chr16	2549000	2549999	0
chr16	2550000	2550999	0
chr16	2551000	2551999	0
chr16	2552000	2552999	0
chr16	2553000	2553999	0
chr16	2554000	2554999	0
chr16	2555000	2555999	0
chr16	2556000	2556999	0
chr16	2557000	2557999	0
chr16	2558000	2558999	0
chr16	2559000	2559999	0
chr16	2560000	2560999	0
chr16	2561000	2561999	0
chr16	2562000	2562999	0
chr16	2563000	2563999	0
chr16	2564000	2564999	0
chr16	2565000	2565999	0
chr16	2566000	2566999	0
chr16	2567000	2567999	0
chr16	2568000	2568999	0
chr16	2569000	2569999	0
chr16	2570000	2570999	0
chr16	2571000	2571999	0
chr16	2572000	2572999	0
chr16	2573000	2573999	0
chr16	2574000	2574999	0
chr16	2575000	2575999	0
chr16	2576000	2576999	0
chr16	2577000	2577999	0
chr16	2578000	2578999	0
chr16	2579000	2579999	0
chr16	2580000	2580999	0
chr16	2581000	2581999	0
chr16	2582000	2582999	0
chr16	2583000	2583999	0
chr16	2584000	2584999	0
chr16	2585000	2585999	0
chr16	2586000	2586999	0
chr16	2587000	2587999	0
chr16	2588000	2588999	0
chr16	2589000	2589999	0
chr16	2590000	2590999	0
chr16	2591000	2591999	0
chr16	2592000	2592999	0
chr16	2593000	2593999	0
chr16	2594000	2594999	0
chr16	2595000	2595999	0
chr16	2596000	2596999	0
chr16	2597000	2597999	0
chr16	2598000	2598999	0
chr16	2599000	2599999	0
chr16	2600000	2600999	0
chr16	2601000	2601999	0
chr16	2602000	2602999	0
chr16	2603000	2603999	0
chr16	2604000	2604999	0
chr16	2605000	2605999	0
chr16	2606000	2606999	0
chr16	2607000	2607999	0
chr16	2608000	2608999	0
chr16	2609000	2609999	0
chr16	2610000	2610999	0
chr16	2611000	2611999	0
chr16	2612000	2612999	0
chr16	2613000	2613999	0
chr16	2614000	2614999	0
chr16	2615000	2615999	0
chr16	2616000	2616999	0
chr16	2617000	2617999	0
chr16	2618000	2618999	0
chr16	2619000	2619999	0
chr16	2620000	2620999	0
chr16	2621000	2621999	0
chr16	2622000	2622999	0
chr16	2623000	2623999	0
chr16	2624000	2624999	0
chr16	2625000	2625999	0
chr16	2626000	2626999	0
chr16	2627000	2627999	0
chr16	2628000	2628999	0
chr16	2629000	2629999	0
chr16	2630000	2630999	0
chr16	2631000	2631999	0
chr16	2632000	2632999	0
chr16	2633000	2633999	0
chr16	2634000	2634999	0
chr16	2635000	2635999	0
chr16	2636000	2636999	0
chr16	2637000	2637999	0
chr16	2638000	2638999	0
chr16	2639000	2639999	0
chr16	2640000	2640999	0
chr16	2641000	2641999	0
chr16	2642000	2642999	0
chr16	2643000	2643999	0
chr16	2644000	2644999	0
chr16	2645000	2645999	0
chr16	2646000	2646999	0
chr16	2647000	2647999	0
chr16	2648000	2648999	0
chr16	2649000	2649999	0
chr16	2650000	2650999	0
chr16	2651000	2651999	0
chr16	2652000	2652999	0
chr16	2653000	2653999	0
chr16	2654000	2654999	0
chr16	2655000	2655999	0
chr16	2656000	2656999	0
chr16	2657000	2657999	0
chr16	2658000	2658999	0
chr16	2659000	2659999	0
chr16	2660000	2660999	0
chr16	2661000	2661999	0
chr16	2662000	2662999	0
chr16	2663000	2663999	0
chr16	2664000	2664999	0
chr16	2665000	2665999	0
chr16	2666000	2666999	0
chr16	2667000	2667999	0
chr16	2668000	2668999	0
chr16	2669000	2669999	0
chr16	2670000	2670999	0
chr16	2671000	2671999	0
chr16	2672000	2672999	0
chr16	2673000	2673999	0
chr16	2674000	2674999	0
chr16	2675000	2675999	0
chr16	2676000	2676999	0
chr16	2677000	2677999	0
chr16	2678000	2678999	0
chr16	2679000	2679999	0
chr16	2680000	2680999	0
chr16	2681000	2681999	0
chr16	2682000	2682999	0
chr16	2683000	2683999	0
chr16	2684000	2684999	0
chr16	2685000	2685999	0
chr16	2686000	2686999	0
chr16	2687000	2687999	0
chr16	2688000	2688999	0
chr16	2689000	2689999	0
chr16	2690000	2690999	0
chr16	2691000	2691999	0
chr16	2692000	2692999	0
chr16	2693000	2693999	0
chr16	2694000	2694999	0
chr16	2695000	2695999	0
chr16	2696000	2696999	0
chr16	2697000	2697999	0
chr16	2698000	2698999	0
chr16	2699000	2699999	0
chr16	2700000	2700999	0
chr16	2701000	2701999	0
chr16	2702000	2702999	0
chr16	2703000	2703999	0
chr16	2704000	2704999	0
chr16	2705000	2705999	0
chr16	2706000	2706999	0
chr16	2707000	2707999	0
chr16	2708000	2708999	0
chr16	2709000	2709999	0
chr16	2710000	2710999	0
chr16	2711000	2711999	0
chr16	2712000	2712999	0
chr16	2713000	2713999	0
chr16	2714000	2714999	0
chr16	2715000	2715999	0
chr16	2716000	2716999	0
chr16	2717000	2717999	0
chr16	2718000	2718999	0
chr16	2719000	2719999	0
chr16	2720000	2720999	0
chr16	2721000	2721999	0
chr16	2722000	2722999	0
chr16	2723000	2723999	0
chr16	2724000	2724999	0
chr16	2725000	2725999	0
chr16	2726000	2726999	0
chr16	2727000	2727999	0
chr16	2728000	2728999	0
chr16	2729000	2729999	0
chr16	2730000	2730999	0
chr16	2731000	2731999	0
chr16	2732000	2732999	0
chr16	2733000	2733999	0
chr16	2734000	2734999	0
chr16	2735000	2735999	0
chr16	2736000	2736999	0
chr16	2737000	2737999	0
chr16	2738000	2738999	0
chr16	2739000	2739999	0
chr16	2740000	2740999	0
chr16	2741000	2741999	0
chr16	2742000	2742999	0
chr16	2743000	2743999	0
chr16	2744000	2744999	0
chr16	2745000	2745999	0
chr16	2746000	2746999	0
chr16	2747000	2747999	0
chr16	2748000	2748999	0
chr16	2749000	2749999	0
chr16	2750000	2750999	0
chr16	2751000	2751999	0
chr16	2752000	2752999	0
chr16	2753000	2753999	0
chr16	2754000	2754999	0
chr16	2755000	2755999	0
chr16	2756000	2756999	0
chr16	2757000	2757999	0
chr16	2758000	2758999	0
chr16	2759000	2759999	0
chr16	2760000	2760999	0
chr16	2761000	2761999	0
chr16	2762000	2762999	0
chr16	2763000	2763999	0
chr16	2764000	2764999	0
chr16	2765000	2765999	0
chr16	2766000	2766999	0
chr16	2767000	2767999	0
chr16	2768000	2768999	0
chr16	2769000	2769999	0
chr16	2770000	2770999	0
chr16	2771000	2771999	0
chr16	2772000	2772999	0
chr16	2773000	2773999	0
chr16	2774000	2774999	0
chr16	2775000	2775999	0
chr16	2776000	2776999	0
chr16	2777000	2777999	0
chr16	2778000	2778999	0
chr16	2779000	2779999	0
chr16	2780000	2780999	0
chr16	2781000	2781999	0
chr16	2782000	2782999	0
chr16	2783000	2783999	0
chr16	2784000	2784999	0
chr16	2785000	2785999	0
chr16	2786000	2786999	0
chr16	2787000	2787999	0
chr16	2788000	2788999	0
chr16	2789000	2789999	0
chr16	2790000	2790999	0
chr16	2791000	2791999	0
chr16	2792000	2792999	0
chr16	2793000	2793999	0
chr16	2794000	2794999	0
chr16	2795000	2795999	0
chr16	2796000	2796999	0
chr16	2797000	2797999	0
chr16	2798000	2798999	0
chr16	2799000	2799999	0
chr16	2800000	2800999	0
chr16	2801000	2801999	0
chr16	2802000	2802999	0
chr16	2803000	2803999	0
chr16	2804000	2804999	0
chr16	2805000	2805999	0
chr16	2806000	2806999	0
chr16	2807000	2807999	0
chr16	2808000	2808999	0
chr16	2809000	2809999	0
chr16	2810000	2810999	0
chr16	2811000	2811999	0
chr16	2812000	2812999	0
chr16	2813000	2813999	0
chr16	2814000	2814999	0
chr16	2815000	2815999	0
chr16	2816000	2816999	0
chr16	2817000	2817999	0
chr16	2818000	2818999	0
chr16	2819000	2819999	0
chr16	2820000	2820999	0
chr16	2821000	2821999	0
chr16	2822000	2822999	0
chr16	2823000	2823999	0
chr16	2824000	2824999	0
chr16	2825000	2825999	0
chr16	2826000	2826999	0
chr16	2827000	2827999	0
chr16	2828000	2828999	0
chr16	2829000	2829999	0
chr16	2830000	2830999	0
chr16	2831000	2831999	0
chr16	2832000	2832999	0
chr16	2833000	2833999	0
chr16	2834000	2834999	0
chr16	2835000	2835999	0
chr16	2836000	2836999	0
chr16	2837000	2837999	0
chr16	2838000	2838999	0
chr16	2839000	2839999	0
chr16	2840000	2840999	0
chr16	2841000	2841999	0
chr16	2842000	2842999	0
chr16	2843000	2843999	0
chr16	2844000	2844999	0
chr16	2845000	2845999	0
chr16	2846000	2846999	0
chr16	2847000	2847999	0
chr16	2848000	2848999	0
chr16	2849000	2849999	0
chr16	2850000	2850999	0
chr16	2851000	2851999	0
chr16	2852000	2852999	0
chr16	2853000	2853999	0
chr16	2854000	2854999	0
chr16	2855000	2855999	0
chr16	2856000	2856999	0
chr16	2857000	2857999	0
chr16	2858000	2858999	0
chr16	2859000	2859999	0
chr16	2860000	2860999	0
chr16	2861000	2861999	0
chr16	2862000	2862999	0
chr16	2863000	2863999	0
chr16	2864000	2864999	0
chr16	2865000	2865999	0
chr16	2866000	2866999	0
chr16	2867000	2867999	0
chr16	2868000	2868999	0
chr16	2869000	2869999	0
chr16	2870000	2870999	0
chr16	2871000	2871999	0
chr16	2872000	2872999	0
chr16	2873000	2873999	0
chr16	2874000	2874999	0
chr16	2875000	2875999	0
chr16	2876000	2876999	0
chr16	2877000	2877999	0
chr16	2878000	2878999	0
chr16	2879000	2879999	0
chr16	2880000	2880999	0
chr16	2881000	2881999	0
chr16	2882000	2882999	0
chr16	2883000	2883999	0
chr16	2884000	2884999	0
chr16	2885000	2885999	0
chr16	2886000	2886999	0
chr16	2887000	2887999	0
chr16	2888000	2888999	0
chr16	2889000	2889999	0
chr16	2890000	2890999	0
chr16	2891000	2891999	0
chr16	2892000	2892999	0
chr16	2893000	2893999	0
chr16	2894000	2894999	0
chr16	2895000	2895999	0
chr16	2896000	2896999	0
chr16	2897000	2897999	0
chr16	2898000	2898999	0
chr16	2899000	2899999	0
chr16	2900000	2900999	0
chr16	2901000	2901999	0
chr16	2902000	2902999	0
chr16	2903000	2903999	0
chr16	2904000	2904999	0
chr16	2905000	2905999	0
chr16	2906000	2906999	0
chr16	2907000	2907999	0
chr16	2908000	2908999	0
chr16	2909000	2909999	0
chr16	2910000	2910999	0
chr16	2911000	2911999	0
chr16	2912000	2912999	0
chr16	2913000	2913999	0
chr16	2914000	2914999	0
chr16	2915000	2915999	0
chr16	2916000	2916999	0
chr16	2917000	2917999	0
chr16	2918000	2918999	0
chr16	2919000	2919999	0
chr16	2920000	2920999	0
chr16	2921000	2921999	0
chr16	2922000	2922999	0
chr16	2923000	2923999	0
chr16	2924000	2924999	0
chr16	2925000	2925999	0
chr16	2926000	2926999	0
chr16	2927000	2927999	0
chr16	2928000	2928999	0
chr16	2929000	2929999	0
chr16	2930000	2930999	0
chr16	2931000	2931999	0
chr16	2932000	2932999	0
chr16	2933000	2933999	0
chr16	2934000	2934999	0
chr16	2935000	2935999	0
chr16	2936000	2936999	0
chr16	2937000	2937999	0
chr16	2938000	2938999	0
chr16	2939000	2939999	0
chr16	2940000	2940999	0
chr16	2941000	2941999	0
chr16	2942000	2942999	0
chr16	2943000	2943999	0
chr16	2944000	2944999	0
chr16	2945000	2945999	0
chr16	2946000	2946999	0
chr16	2947000	2947999	0
chr16	2948000	2948999	0
chr16	2949000	2949999	0
chr16	2950000	2950999	0
chr16	2951000	2951999	0
chr16	2952000	2952999	0
chr16	2953000	2953999	0
chr16	2954000	2954999	0
chr16	2955000	2955999	0
chr16	2956000	2956999	0
chr16	2957000	2957999	0
chr16	2958000	2958999	0
chr16	2959000	2959999	0
chr16	2960000	2960999	0
chr16	2961000	2961999	0
chr16	2962000	2962999	0
chr16	2963000	2963999	0
chr16	2964000	2964999	0
chr16	2965000	2965999	0
chr16	2966000	2966999	0
chr16	2967000	2967999	0
chr16	2968000	2968999	0
chr16	2969000	2969999	0
chr16	2970000	2970999	0
chr16	2971000	2971999	0
chr16	2972000	2972999	0
chr16	2973000	2973999	0
chr16	2974000	2974999	0
chr16	2975000	2975999	0
chr16	2976000	2976999	0
chr16	2977000	2977999	0
chr16	2978000	2978999	0
chr16	2979000	2979999	0
chr16	2980000	2980999	0
chr16	2981000	2981999	0
chr16	2982000	2982999	0
chr16	2983000	2983999	0
chr16	2984000	2984999	0
chr16	2985000	2985999	0
chr16	2986000	2986999	0
chr16	2987000	2987999	0
chr16	2988000	2988999	0
chr16	2989000	2989999	0
chr16	2990000	2990999	0
chr16	2991000	2991999	0
chr16	2992000	2992999	0
chr16	2993000	2993999	0
chr16	2994000	2994999	0
chr16	2995000	2995999	0
chr16	2996000	2996999	0
chr16	2997000	2997999	0
chr16	2998000	2998999	0
chr16	2999000	2999999	0
chr16	3000000	3000999	0
chr16	3001000	3001999	0
chr16	3002000	3002999	0
chr16	3003000	3003999	0
chr16	3004000	3004999	0
chr16	3005000	3005999	0
chr16	3006000	3006999	0
chr16	3007000	3007999	0
chr16	3008000	3008999	0
chr16	3009000	3009999	0
chr16	3010000	3010999	0
chr16	3011000	3011999	0
chr16	3012000	3012999	0
chr16	3013000	3013999	0
chr16	3014000	3014999	0
chr16	3015000	3015999	0
chr16	3016000	3016999	1
chr16	3017000	3017999	0
chr16	3018000	3018999	0
chr16	3019000	3019999	0
chr16	3020000	3020999	0
chr16	3021000	3021999	0
chr16	3022000	3022999	0
chr16	3023000	3023999	0
chr16	3024000	3024999	0
chr16	3025000	3025999	0
chr16	3026000	3026999	0
chr16	3027000	3027999	0
chr16	3028000	3028999	0
chr16	3029000	3029999	0
chr16	3030000	3030999	0
chr16	3031000	3031999	0
chr16	3032000	3032999	0
chr16	3033000	3033999	0
chr16	3034000	3034999	0
chr16	3035000	3035999	0
chr16	3036000	3036999	0
chr16	3037000	3037999	0
chr16	3038000	3038999	0
chr16	3039000	3039999	0
chr16	3040000	3040999	0
chr16	3041000	3041999	0
chr16	3042000	3042999	0
chr16	3043000	3043999	0
chr16	3044000	3044999	0
chr16	3045000	3045999	0
chr16	3046000	3046999	0
chr16	3047000	3047999	0
chr16	3048000	3048999	0
chr16	3049000	3049999	0
chr16	3050000	3050999	0
chr16	3051000	3051999	0
chr16	3052000	3052999	0
chr16	3053000	3053999	0
chr16	3054000	3054999	0
chr16	3055000	3055999	0
chr16	3056000	3056999	0
chr16	3057000	3057999	0
chr16	3058000	3058999	0
chr16	3059000	3059999	0
chr16	3060000	3060999	0
chr16	3061000	3061999	0
chr16	3062000	3062999	0
chr16	3063000	3063999	0
chr16	3064000	3064999	0
chr16	3065000	3065999	0
chr16	3066000	3066999	0
chr16	3067000	3067999	0
chr16	3068000	3068999	0
chr16	3069000	3069999	0
chr16	3070000	3070999	0
chr16	3071000	3071999	0
chr16	3072000	3072999	0
chr16	3073000	3073999	0
chr16	3074000	3074999	0
chr16	3075000	3075999	0
chr16	3076000	3076999	0
chr16	3077000	3077999	0
chr16	3078000	3078999	0
chr16	3079000	3079999	0
chr16	3080000	3080999	0
chr16	3081000	3081999	0
chr16	3082000	3082999	4
chr16	3083000	3083999	0
chr16	3084000	3084999	8
chr16	3085000	3085999	4
chr16	3086000	3086999	0
chr16	3087000	3087999	0
chr16	3088000	3088999	0
chr16	3089000	3089999	0
chr16	3090000	3090999	0
chr16	3091000	3091999	0
chr16	3092000	3092999	0
chr16	3093000	3093999	0
chr16	3094000	3094999	0
chr16	3095000	3095999	0
chr16	3096000	3096999	0
chr16	3097000	3097999	7
chr16	3098000	3098999	8
chr16	3099000	3099999	0
chr16	3100000	3100999	0
chr16	3101000	3101999	3
chr16	3102000	3102999	0
chr16	3103000	3103999	0
chr16	3104000	3104999	0
chr16	3105000	3105999	6
chr16	3106000	3106999	0
chr16	3107000	3107999	0
chr16	3108000	3108999	0
chr16	3109000	3109999	0
chr16	3110000	3110999	6
chr16	3111000	3111999	0
chr16	3112000	3112999	1
chr16	3113000	3113999	12
chr16	3114000	3114999	0
chr16	3115000	3115999	6
chr16	3116000	3116999	16
chr16	3117000	3117999	1
chr16	3118000	3118999	0
chr16	3119000	3119999	9
chr16	3120000	3120999	0
chr16	3121000	3121999	0
chr16	3122000	3122999	30
chr16	3123000	3123999	8
chr16	3124000	3124999	0
chr16	3125000	3125999	0
chr16	3126000	3126999	2
chr16	3127000	3127999	3
chr16	3128000	3128999	0
chr16	3129000	3129999	0
chr16	3130000	3130999	0
chr16	3131000	3131999	0
chr16	3132000	3132999	0
chr16	3133000	3133999	0
chr16	3134000	3134999	0
chr16	3135000	3135999	0
chr16	3136000	3136999	0
chr16	3137000	3137999	0
chr16	3138000	3138999	3
chr16	3139000	3139999	1
chr16	3140000	3140999	0
chr16	3141000	3141999	0
chr16	3142000	3142999	0
chr16	3143000	3143999	0
chr16	3144000	3144999	0
chr16	3145000	3145999	0
chr16	3146000	3146999	0
chr16	3147000	3147999	0
chr16	3148000	3148999	0
chr16	3149000	3149999	0
chr16	3150000	3150999	1
chr16	3151000	3151999	1
chr16	3152000	3152999	0
chr16	3153000	3153999	0
chr16	3154000	3154999	0
chr16	3155000	3155999	0
chr16	3156000	3156999	0
chr16	3157000	3157999	5
chr16	3158000	3158999	0
chr16	3159000	3159999	0
chr16	3160000	3160999	28
chr16	3161000	3161999	0
chr16	3162000	3162999	0
chr16	3163000	3163999	4
chr16	3164000	3164999	0
chr16	3165000	3165999	0
chr16	3166000	3166999	0
chr16	3167000	3167999	0
chr16	3168000	3168999	4
chr16	3169000	3169999	0
chr16	3170000	3170999	0
chr16	3171000	3171999	0
chr16	3172000	3172999	0
chr16	3173000	3173999	0
chr16	3174000	3174999	0
chr16	3175000	3175999	0
chr16	3176000	3176999	0
chr16	3177000	3177999	0
chr16	3178000	3178999	0
chr16	3179000	3179999	0
chr16	3180000	3180999	0
chr16	3181000	3181999	0
chr16	3182000	3182999	0
chr16	3183000	3183999	0
chr16	3184000	3184999	0
chr16	3185000	3185999	0
chr16	3186000	3186999	0
chr16	3187000	3187999	0
chr16	3188000	3188999	0
chr16	3189000	3189999	0
chr16	3190000	3190999	0
chr16	3191000	3191999	0
chr16	3192000	3192999	0
chr16	3193000	3193999	0
chr16	3194000	3194999	0
chr16	3195000	3195999	0
chr16	3196000	3196999	0
chr16	3197000	3197999	0
chr16	3198000	3198999	0
chr16	3199000	3199999	0
chr16	3200000	3200999	0
chr16	3201000	3201999	0
chr16	3202000	3202999	0
chr16	3203000	3203999	0
chr16	3204000	3204999	0
chr16	3205000	3205999	0
chr16	3206000	3206999	0
chr16	3207000	3207999	0
chr16	3208000	3208999	0
chr16	3209000	3209999	0
chr16	3210000	3210999	0
chr16	3211000	3211999	0
chr16	3212000	3212999	0
chr16	3213000	3213999	0
chr16	3214000	3214999	0
chr16	3215000	3215999	0
chr16	3216000	3216999	0
chr16	3217000	3217999	0
chr16	3218000	3218999	0
chr16	3219000	3219999	0
chr16	3220000	3220999	0
chr16	3221000	3221999	0
chr16	3222000	3222999	0
chr16	3223000	3223999	0
chr16	3224000	3224999	0
chr16	3225000	3225999	0
chr16	3226000	3226999	0
chr16	3227000	3227999	0
chr16	3228000	3228999	0
chr16	3229000	3229999	0
chr16	3230000	3230999	0
chr16	3231000	3231999	0
chr16	3232000	3232999	10
chr16	3233000	3233999	16
chr16	3234000	3234999	34
chr16	3235000	3235999	16
chr16	3236000	3236999	21
chr16	3237000	3237999	4
chr16	3238000	3238999	5
chr16	3239000	3239999	23
chr16	3240000	3240999	21
chr16	3241000	3241999	23
chr16	3242000	3242999	32
chr16	3243000	3243999	31
chr16	3244000	3244999	19
chr16	3245000	3245999	37
chr16	3246000	3246999	2
chr16	3247000	3247999	23
chr16	3248000	3248999	16
chr16	3249000	3249999	6
chr16	3250000	3250999	8
chr16	3251000	3251999	0
chr16	3252000	3252999	23
chr16	3253000	3253999	27
chr16	3254000	3254999	30
chr16	3255000	3255999	21
chr16	3256000	3256999	5
chr16	3257000	3257999	57
chr16	3258000	3258999	29
chr16	3259000	3259999	3
chr16	3260000	3260999	25
chr16	3261000	3261999	41
chr16	3262000	3262999	7
chr16	3263000	3263999	45
chr16	3264000	3264999	23
chr16	3265000	3265999	38
chr16	3266000	3266999	20
chr16	3267000	3267999	14
chr16	3268000	3268999	14
chr16	3269000	3269999	29
chr16	3270000	3270999	15
chr16	3271000	3271999	28
chr16	3272000	3272999	10
chr16	3273000	3273999	8
chr16	3274000	3274999	19
chr16	3275000	3275999	24
chr16	3276000	3276999	18
chr16	3277000	3277999	54
chr16	3278000	3278999	15
chr16	3279000	3279999	2
chr16	3280000	3280999	31
chr16	3281000	3281999	1
chr16	3282000	3282999	12
chr16	3283000	3283999	11
chr16	3284000	3284999	5
chr16	3285000	3285999	2
chr16	3286000	3286999	5
chr16	3287000	3287999	0
chr16	3288000	3288999	8
chr16	3289000	3289999	0
chr16	3290000	3290999	3
chr16	3291000	3291999	0
chr16	3292000	3292999	0
chr16	3293000	3293999	0
chr16	3294000	3294999	10
chr16	3295000	3295999	0
chr16	3296000	3296999	0
chr16	3297000	3297999	0
chr16	3298000	3298999	0
chr16	3299000	3299999	0
chr16	3300000	3300999	0
chr16	3301000	3301999	0
chr16	3302000	3302999	0
chr16	3303000	3303999	0
chr16	3304000	3304999	0
chr16	3305000	3305999	0
chr16	3306000	3306999	0
chr16	3307000	3307999	0
chr16	3308000	3308999	0
chr16	3309000	3309999	0
chr16	3310000	3310999	0
chr16	3311000	3311999	0
chr16	3312000	3312999	0
chr16	3313000	3313999	0
chr16	3314000	3314999	0
chr16	3315000	3315999	1
chr16	3316000	3316999	0
chr16	3317000	3317999	0
chr16	3318000	3318999	0
chr16	3319000	3319999	0
chr16	3320000	3320999	0
chr16	3321000	3321999	0
chr16	3322000	3322999	0
chr16	3323000	3323999	0
chr16	3324000	3324999	0
chr16	3325000	3325999	0
chr16	3326000	3326999	8
chr16	3327000	3327999	0
chr16	3328000	3328999	6
chr16	3329000	3329999	0
chr16	3330000	3330999	0
chr16	3331000	3331999	0
chr16	3332000	3332999	0
chr16	3333000	3333999	0
chr16	3334000	3334999	13
chr16	3335000	3335999	0
chr16	3336000	3336999	0
chr16	3337000	3337999	3
chr16	3338000	3338999	8
chr16	3339000	3339999	4
chr16	3340000	3340999	0
chr16	3341000	3341999	0
chr16	3342000	3342999	0
chr16	3343000	3343999	2
chr16	3344000	3344999	0
chr16	3345000	3345999	2
chr16	3346000	3346999	0
chr16	3347000	3347999	0
chr16	3348000	3348999	0
chr16	3349000	3349999	0
chr16	3350000	3350999	0
chr16	3351000	3351999	0
chr16	3352000	3352999	0
chr16	3353000	3353999	4
chr16	3354000	3354999	0
chr16	3355000	3355999	0
chr16	3356000	3356999	0
chr16	3357000	3357999	0
chr16	3358000	3358999	0
chr16	3359000	3359999	11
chr16	3360000	3360999	0
chr16	3361000	3361999	0
chr16	3362000	3362999	0
chr16	3363000	3363999	0
chr16	3364000	3364999	0
chr16	3365000	3365999	2
chr16	3366000	3366999	1
chr16	3367000	3367999	1
chr16	3368000	3368999	0
chr16	3369000	3369999	1
chr16	3370000	3370999	7
chr16	3371000	3371999	0
chr16	3372000	3372999	0
chr16	3373000	3373999	0
chr16	3374000	3374999	0
chr16	3375000	3375999	0
chr16	3376000	3376999	0
chr16	3377000	3377999	0
chr16	3378000	3378999	2
chr16	3379000	3379999	0
chr16	3380000	3380999	0
chr16	3381000	3381999	0
chr16	3382000	3382999	14
chr16	3383000	3383999	0
chr16	3384000	3384999	0
chr16	3385000	3385999	0
chr16	3386000	3386999	0
chr16	3387000	3387999	0
chr16	3388000	3388999	0
chr16	3389000	3389999	0
chr16	3390000	3390999	0
chr16	3391000	3391999	0
chr16	3392000	3392999	0
chr16	3393000	3393999	9
chr16	3394000	3394999	0
chr16	3395000	3395999	0
chr16	3396000	3396999	0
chr16	3397000	3397999	2
chr16	3398000	3398999	0
chr16	3399000	3399999	6
chr16	3400000	3400999	0
chr16	3401000	3401999	0
chr16	3402000	3402999	6
chr16	3403000	3403999	0
chr16	3404000	3404999	0
chr16	3405000	3405999	0
chr16	3406000	3406999	1
chr16	3407000	3407999	4
chr16	3408000	3408999	4
chr16	3409000	3409999	0
chr16	3410000	3410999	0
chr16	3411000	3411999	0
chr16	3412000	3412999	12
chr16	3413000	3413999	0
chr16	3414000	3414999	2
chr16	3415000	3415999	0
chr16	3416000	3416999	0
chr16	3417000	3417999	7
chr16	3418000	3418999	0
chr16	3419000	3419999	0
chr16	3420000	3420999	0
chr16	3421000	3421999	0
chr16	3422000	3422999	0
chr16	3423000	3423999	0
chr16	3424000	3424999	0
chr16	3425000	3425999	0
chr16	3426000	3426999	4
chr16	3427000	3427999	0
chr16	3428000	3428999	0
chr16	3429000	3429999	0
chr16	3430000	3430999	0
chr16	3431000	3431999	0
chr16	3432000	3432999	0
chr16	3433000	3433999	5
chr16	3434000	3434999	0
chr16	3435000	3435999	0
chr16	3436000	3436999	0
chr16	3437000	3437999	1
chr16	3438000	3438999	3
chr16	3439000	3439999	0
chr16	3440000	3440999	0
chr16	3441000	3441999	0
chr16	3442000	3442999	1
chr16	3443000	3443999	0
chr16	3444000	3444999	22
chr16	3445000	3445999	0
chr16	3446000	3446999	0
chr16	3447000	3447999	0
chr16	3448000	3448999	3
chr16	3449000	3449999	0
chr16	3450000	3450999	8
chr16	3451000	3451999	0
chr16	3452000	3452999	0
chr16	3453000	3453999	0
chr16	3454000	3454999	0
chr16	3455000	3455999	18
chr16	3456000	3456999	11
chr16	3457000	3457999	2
chr16	3458000	3458999	2
chr16	3459000	3459999	0
chr16	3460000	3460999	5
chr16	3461000	3461999	23
chr16	3462000	3462999	0
chr16	3463000	3463999	0
chr16	3464000	3464999	0
chr16	3465000	3465999	2
chr16	3466000	3466999	0
chr16	3467000	3467999	17
chr16	3468000	3468999	8
chr16	3469000	3469999	0
chr16	3470000	3470999	0
chr16	3471000	3471999	0
chr16	3472000	3472999	2
chr16	3473000	3473999	0
chr16	3474000	3474999	13
chr16	3475000	3475999	0
chr16	3476000	3476999	21
chr16	3477000	3477999	10
chr16	3478000	3478999	3
chr16	3479000	3479999	0
chr16	3480000	3480999	16
chr16	3481000	3481999	0
chr16	3482000	3482999	0
chr16	3483000	3483999	3
chr16	3484000	3484999	4
chr16	3485000	3485999	6
chr16	3486000	3486999	3
chr16	3487000	3487999	0
chr16	3488000	3488999	0
chr16	3489000	3489999	9
chr16	3490000	3490999	10
chr16	3491000	3491999	13
chr16	3492000	3492999	0
chr16	3493000	3493999	0
chr16	3494000	3494999	0
chr16	3495000	3495999	0
chr16	3496000	3496999	0
chr16	3497000	3497999	0
chr16	3498000	3498999	0
chr16	3499000	3499999	27
chr16	3500000	3500999	0
chr16	3501000	3501999	0
chr16	3502000	3502999	21
chr16	3503000	3503999	0
chr16	3504000	3504999	18
chr16	3505000	3505999	0
chr16	3506000	3506999	1
chr16	3507000	3507999	0
chr16	3508000	3508999	0
chr16	3509000	3509999	6
chr16	3510000	3510999	3
chr16	3511000	3511999	0
chr16	3512000	3512999	0
chr16	3513000	3513999	13
chr16	3514000	3514999	4
chr16	3515000	3515999	1
chr16	3516000	3516999	1
chr16	3517000	3517999	4
chr16	3518000	3518999	0
chr16	3519000	3519999	0
chr16	3520000	3520999	14
chr16	3521000	3521999	11
chr16	3522000	3522999	17
chr16	3523000	3523999	0
chr16	3524000	3524999	0
chr16	3525000	3525999	0
chr16	3526000	3526999	0
chr16	3527000	3527999	2
chr16	3528000	3528999	11
chr16	3529000	3529999	5
chr16	3530000	3530999	9
chr16	3531000	3531999	0
chr16	3532000	3532999	1
chr16	3533000	3533999	0
chr16	3534000	3534999	20
chr16	3535000	3535999	3
chr16	3536000	3536999	0
chr16	3537000	3537999	0
chr16	3538000	3538999	5
chr16	3539000	3539999	37
chr16	3540000	3540999	0
chr16	3541000	3541999	5
chr16	3542000	3542999	0
chr16	3543000	3543999	0
chr16	3544000	3544999	0
chr16	3545000	3545999	0
chr16	3546000	3546999	0
chr16	3547000	3547999	0
chr16	3548000	3548999	0
chr16	3549000	3549999	0
chr16	3550000	3550999	0
chr16	3551000	3551999	10
chr16	3552000	3552999	6
chr16	3553000	3553999	0
chr16	3554000	3554999	0
chr16	3555000	3555999	5
chr16	3556000	3556999	16
chr16	3557000	3557999	0
chr16	3558000	3558999	9
chr16	3559000	3559999	20
chr16	3560000	3560999	28
chr16	3561000	3561999	5
chr16	3562000	3562999	7
chr16	3563000	3563999	0
chr16	3564000	3564999	1
chr16	3565000	3565999	13
chr16	3566000	3566999	8
chr16	3567000	3567999	9
chr16	3568000	3568999	1
chr16	3569000	3569999	0
chr16	3570000	3570999	9
chr16	3571000	3571999	1
chr16	3572000	3572999	24
chr16	3573000	3573999	2
chr16	3574000	3574999	5
chr16	3575000	3575999	5
chr16	3576000	3576999	0
chr16	3577000	3577999	8
chr16	3578000	3578999	23
chr16	3579000	3579999	6
chr16	3580000	3580999	0
chr16	3581000	3581999	0
chr16	3582000	3582999	7
chr16	3583000	3583999	14
chr16	3584000	3584999	0
chr16	3585000	3585999	3
chr16	3586000	3586999	8
chr16	3587000	3587999	25
chr16	3588000	3588999	21
chr16	3589000	3589999	4
chr16	3590000	3590999	30
chr16	3591000	3591999	0
chr16	3592000	3592999	21
chr16	3593000	3593999	0
chr16	3594000	3594999	0
chr16	3595000	3595999	12
chr16	3596000	3596999	0
chr16	3597000	3597999	6
chr16	3598000	3598999	18
chr16	3599000	3599999	0
chr16	3600000	3600999	0
chr16	3601000	3601999	4
chr16	3602000	3602999	2
chr16	3603000	3603999	4
chr16	3604000	3604999	16
chr16	3605000	3605999	0
chr16	3606000	3606999	0
chr16	3607000	3607999	0
chr16	3608000	3608999	0
chr16	3609000	3609999	2
chr16	3610000	3610999	10
chr16	3611000	3611999	18
chr16	3612000	3612999	10
chr16	3613000	3613999	5
chr16	3614000	3614999	9
chr16	3615000	3615999	6
chr16	3616000	3616999	7
chr16	3617000	3617999	10
chr16	3618000	3618999	4
chr16	3619000	3619999	5
chr16	3620000	3620999	5
chr16	3621000	3621999	14
chr16	3622000	3622999	8
chr16	3623000	3623999	0
chr16	3624000	3624999	26
chr16	3625000	3625999	1
chr16	3626000	3626999	0
chr16	3627000	3627999	19
chr16	3628000	3628999	0
chr16	3629000	3629999	0
chr16	3630000	3630999	11
chr16	3631000	3631999	5
chr16	3632000	3632999	31
chr16	3633000	3633999	19
chr16	3634000	3634999	3
chr16	3635000	3635999	2
chr16	3636000	3636999	8
chr16	3637000	3637999	4
chr16	3638000	3638999	7
chr16	3639000	3639999	8
chr16	3640000	3640999	4
chr16	3641000	3641999	10
chr16	3642000	3642999	3
chr16	3643000	3643999	5
chr16	3644000	3644999	36
chr16	3645000	3645999	28
chr16	3646000	3646999	5
chr16	3647000	3647999	4
chr16	3648000	3648999	8
chr16	3649000	3649999	17
chr16	3650000	3650999	14
chr16	3651000	3651999	27
chr16	3652000	3652999	18
chr16	3653000	3653999	2
chr16	3654000	3654999	24
chr16	3655000	3655999	8
chr16	3656000	3656999	17
chr16	3657000	3657999	21
chr16	3658000	3658999	1
chr16	3659000	3659999	19
chr16	3660000	3660999	11
chr16	3661000	3661999	3
chr16	3662000	3662999	4
chr16	3663000	3663999	5
chr16	3664000	3664999	0
chr16	3665000	3665999	5
chr16	3666000	3666999	6
chr16	3667000	3667999	8
chr16	3668000	3668999	6
chr16	3669000	3669999	0
chr16	3670000	3670999	4
chr16	3671000	3671999	0
chr16	3672000	3672999	7
chr16	3673000	3673999	6
chr16	3674000	3674999	7
chr16	3675000	3675999	11
chr16	3676000	3676999	11
chr16	3677000	3677999	16
chr16	3678000	3678999	0
chr16	3679000	3679999	19
chr16	3680000	3680999	5
chr16	3681000	3681999	14
chr16	3682000	3682999	9
chr16	3683000	3683999	5
chr16	3684000	3684999	13
chr16	3685000	3685999	9
chr16	3686000	3686999	2
chr16	3687000	3687999	13
chr16	3688000	3688999	19
chr16	3689000	3689999	5
chr16	3690000	3690999	0
chr16	3691000	3691999	0
chr16	3692000	3692999	4
chr16	3693000	3693999	0
chr16	3694000	3694999	0
chr16	3695000	3695999	5
chr16	3696000	3696999	0
chr16	3697000	3697999	0
chr16	3698000	3698999	5
chr16	3699000	3699999	6
chr16	3700000	3700999	3
chr16	3701000	3701999	4
chr16	3702000	3702999	22
chr16	3703000	3703999	4
chr16	3704000	3704999	5
chr16	3705000	3705999	7
chr16	3706000	3706999	6
chr16	3707000	3707999	3
chr16	3708000	3708999	5
chr16	3709000	3709999	6
chr16	3710000	3710999	0
chr16	3711000	3711999	11
chr16	3712000	3712999	14
chr16	3713000	3713999	18
chr16	3714000	3714999	38
chr16	3715000	3715999	3
chr16	3716000	3716999	11
chr16	3717000	3717999	0
chr16	3718000	3718999	19
chr16	3719000	3719999	11
chr16	3720000	3720999	8
chr16	3721000	3721999	8
chr16	3722000	3722999	14
chr16	3723000	3723999	19
chr16	3724000	3724999	9
chr16	3725000	3725999	4
chr16	3726000	3726999	25
chr16	3727000	3727999	5
chr16	3728000	3728999	13
chr16	3729000	3729999	52
chr16	3730000	3730999	18
chr16	3731000	3731999	9
chr16	3732000	3732999	26
chr16	3733000	3733999	12
chr16	3734000	3734999	25
chr16	3735000	3735999	31
chr16	3736000	3736999	18
chr16	3737000	3737999	12
chr16	3738000	3738999	8
chr16	3739000	3739999	87
chr16	3740000	3740999	2
chr16	3741000	3741999	7
chr16	3742000	3742999	5
chr16	3743000	3743999	124
chr16	3744000	3744999	83
chr16	3745000	3745999	37
chr16	3746000	3746999	8
chr16	3747000	3747999	13
chr16	3748000	3748999	11
chr16	3749000	3749999	14
chr16	3750000	3750999	16
chr16	3751000	3751999	17
chr16	3752000	3752999	17
chr16	3753000	3753999	3
chr16	3754000	3754999	0
chr16	3755000	3755999	18
chr16	3756000	3756999	0
chr16	3757000	3757999	12
chr16	3758000	3758999	26
chr16	3759000	3759999	10
chr16	3760000	3760999	9
chr16	3761000	3761999	9
chr16	3762000	3762999	20
chr16	3763000	3763999	18
chr16	3764000	3764999	4
chr16	3765000	3765999	0
chr16	3766000	3766999	0
chr16	3767000	3767999	0
chr16	3768000	3768999	0
chr16	3769000	3769999	7
chr16	3770000	3770999	6
chr16	3771000	3771999	4
chr16	3772000	3772999	0
chr16	3773000	3773999	10
chr16	3774000	3774999	15
chr16	3775000	3775999	0
chr16	3776000	3776999	18
chr16	3777000	3777999	14
chr16	3778000	3778999	14
chr16	3779000	3779999	7
chr16	3780000	3780999	7
chr16	3781000	3781999	16
chr16	3782000	3782999	0
chr16	3783000	3783999	0
chr16	3784000	3784999	27
chr16	3785000	3785999	26
chr16	3786000	3786999	12
chr16	3787000	3787999	0
chr16	3788000	3788999	16
chr16	3789000	3789999	12
chr16	3790000	3790999	13
chr16	3791000	3791999	16
chr16	3792000	3792999	21
chr16	3793000	3793999	9
chr16	3794000	3794999	0
chr16	3795000	3795999	3
chr16	3796000	3796999	0
chr16	3797000	3797999	18
chr16	3798000	3798999	0
chr16	3799000	3799999	6
chr16	3800000	3800999	0
chr16	3801000	3801999	20
chr16	3802000	3802999	11
chr16	3803000	3803999	0
chr16	3804000	3804999	9
chr16	3805000	3805999	4
chr16	3806000	3806999	15
chr16	3807000	3807999	1
chr16	3808000	3808999	0
chr16	3809000	3809999	9
chr16	3810000	3810999	0
chr16	3811000	3811999	13
chr16	3812000	3812999	3
chr16	3813000	3813999	11
chr16	3814000	3814999	16
chr16	3815000	3815999	21
chr16	3816000	3816999	14
chr16	3817000	3817999	0
chr16	3818000	3818999	10
chr16	3819000	3819999	17
chr16	3820000	3820999	9
chr16	3821000	3821999	0
chr16	3822000	3822999	1
chr16	3823000	3823999	2
chr16	3824000	3824999	1
chr16	3825000	3825999	0
chr16	3826000	3826999	0
chr16	3827000	3827999	0
chr16	3828000	3828999	43
chr16	3829000	3829999	2
chr16	3830000	3830999	4
chr16	3831000	3831999	5
chr16	3832000	3832999	0
chr16	3833000	3833999	9
chr16	3834000	3834999	30
chr16	3835000	3835999	7
chr16	3836000	3836999	45
chr16	3837000	3837999	0
chr16	3838000	3838999	12
chr16	3839000	3839999	7
chr16	3840000	3840999	19
chr16	3841000	3841999	22
chr16	3842000	3842999	3
chr16	3843000	3843999	7
chr16	3844000	3844999	5
chr16	3845000	3845999	0
chr16	3846000	3846999	60
chr16	3847000	3847999	144
chr16	3848000	3848999	21
chr16	3849000	3849999	7
chr16	3850000	3850999	9
chr16	3851000	3851999	30
chr16	3852000	3852999	0
chr16	3853000	3853999	10
chr16	3854000	3854999	16
chr16	3855000	3855999	3
chr16	3856000	3856999	0
chr16	3857000	3857999	18
chr16	3858000	3858999	14
chr16	3859000	3859999	10
chr16	3860000	3860999	7
chr16	3861000	3861999	12
chr16	3862000	3862999	26
chr16	3863000	3863999	5
chr16	3864000	3864999	4
chr16	3865000	3865999	2
chr16	3866000	3866999	13
chr16	3867000	3867999	7
chr16	3868000	3868999	14
chr16	3869000	3869999	6
chr16	3870000	3870999	14
chr16	3871000	3871999	26
chr16	3872000	3872999	113
chr16	3873000	3873999	15
chr16	3874000	3874999	5
chr16	3875000	3875999	8
chr16	3876000	3876999	3
chr16	3877000	3877999	4
chr16	3878000	3878999	3
chr16	3879000	3879999	11
chr16	3880000	3880999	20
chr16	3881000	3881999	8
chr16	3882000	3882999	19
chr16	3883000	3883999	15
chr16	3884000	3884999	145
chr16	3885000	3885999	40
chr16	3886000	3886999	6
chr16	3887000	3887999	13
chr16	3888000	3888999	8
chr16	3889000	3889999	0
chr16	3890000	3890999	7
chr16	3891000	3891999	9
chr16	3892000	3892999	7
chr16	3893000	3893999	25
chr16	3894000	3894999	18
chr16	3895000	3895999	53
chr16	3896000	3896999	27
chr16	3897000	3897999	35
chr16	3898000	3898999	21
chr16	3899000	3899999	25
chr16	3900000	3900999	6
chr16	3901000	3901999	3
chr16	3902000	3902999	27
chr16	3903000	3903999	13
chr16	3904000	3904999	5
chr16	3905000	3905999	17
chr16	3906000	3906999	1
chr16	3907000	3907999	21
chr16	3908000	3908999	124
chr16	3909000	3909999	10
chr16	3910000	3910999	37
chr16	3911000	3911999	16
chr16	3912000	3912999	24
chr16	3913000	3913999	0
chr16	3914000	3914999	2
chr16	3915000	3915999	19
chr16	3916000	3916999	10
chr16	3917000	3917999	17
chr16	3918000	3918999	20
chr16	3919000	3919999	15
chr16	3920000	3920999	18
chr16	3921000	3921999	0
chr16	3922000	3922999	15
chr16	3923000	3923999	30
chr16	3924000	3924999	0
chr16	3925000	3925999	0
chr16	3926000	3926999	0
chr16	3927000	3927999	2
chr16	3928000	3928999	9
chr16	3929000	3929999	0
chr16	3930000	3930999	10
chr16	3931000	3931999	20
chr16	3932000	3932999	11
chr16	3933000	3933999	3
chr16	3934000	3934999	34
chr16	3935000	3935999	11
chr16	3936000	3936999	12
chr16	3937000	3937999	12
chr16	3938000	3938999	5
chr16	3939000	3939999	0
chr16	3940000	3940999	4
chr16	3941000	3941999	22
chr16	3942000	3942999	5
chr16	3943000	3943999	8
chr16	3944000	3944999	6
chr16	3945000	3945999	9
chr16	3946000	3946999	3
chr16	3947000	3947999	26
chr16	3948000	3948999	3
chr16	3949000	3949999	24
chr16	3950000	3950999	5
chr16	3951000	3951999	0
chr16	3952000	3952999	18
chr16	3953000	3953999	20
chr16	3954000	3954999	28
chr16	3955000	3955999	21
chr16	3956000	3956999	12
chr16	3957000	3957999	3
chr16	3958000	3958999	0
chr16	3959000	3959999	6
chr16	3960000	3960999	0
chr16	3961000	3961999	11
chr16	3962000	3962999	9
chr16	3963000	3963999	0
chr16	3964000	3964999	15
chr16	3965000	3965999	1
chr16	3966000	3966999	17
chr16	3967000	3967999	4
chr16	3968000	3968999	13
chr16	3969000	3969999	20
chr16	3970000	3970999	0
chr16	3971000	3971999	20
chr16	3972000	3972999	7
chr16	3973000	3973999	8
chr16	3974000	3974999	20
chr16	3975000	3975999	21
chr16	3976000	3976999	2
chr16	3977000	3977999	16
chr16	3978000	3978999	2
chr16	3979000	3979999	5
chr16	3980000	3980999	1
chr16	3981000	3981999	15
chr16	3982000	3982999	9
chr16	3983000	3983999	18
chr16	3984000	3984999	4
chr16	3985000	3985999	15
chr16	3986000	3986999	14
chr16	3987000	3987999	25
chr16	3988000	3988999	9
chr16	3989000	3989999	9
chr16	3990000	3990999	28
chr16	3991000	3991999	14
chr16	3992000	3992999	0
chr16	3993000	3993999	0
chr16	3994000	3994999	21
chr16	3995000	3995999	6
chr16	3996000	3996999	30
chr16	3997000	3997999	1
chr16	3998000	3998999	6
chr16	3999000	3999999	4
chr16	4000000	4000999	12
chr16	4001000	4001999	15
chr16	4002000	4002999	13
chr16	4003000	4003999	116
chr16	4004000	4004999	53
chr16	4005000	4005999	11
chr16	4006000	4006999	5
chr16	4007000	4007999	5
chr16	4008000	4008999	3
chr16	4009000	4009999	9
chr16	4010000	4010999	22
chr16	4011000	4011999	16
chr16	4012000	4012999	0
chr16	4013000	4013999	3
chr16	4014000	4014999	3
chr16	4015000	4015999	22
chr16	4016000	4016999	7
chr16	4017000	4017999	4
chr16	4018000	4018999	6
chr16	4019000	4019999	27
chr16	4020000	4020999	5
chr16	4021000	4021999	14
chr16	4022000	4022999	9
chr16	4023000	4023999	2
chr16	4024000	4024999	30
chr16	4025000	4025999	9
chr16	4026000	4026999	2
chr16	4027000	4027999	18
chr16	4028000	4028999	6
chr16	4029000	4029999	10
chr16	4030000	4030999	6
chr16	4031000	4031999	1
chr16	4032000	4032999	0
chr16	4033000	4033999	2
chr16	4034000	4034999	9
chr16	4035000	4035999	13
chr16	4036000	4036999	8
chr16	4037000	4037999	2
chr16	4038000	4038999	3
chr16	4039000	4039999	2
chr16	4040000	4040999	2
chr16	4041000	4041999	16
chr16	4042000	4042999	10
chr16	4043000	4043999	6
chr16	4044000	4044999	6
chr16	4045000	4045999	8
chr16	4046000	4046999	0
chr16	4047000	4047999	8
chr16	4048000	4048999	8
chr16	4049000	4049999	0
chr16	4050000	4050999	3
chr16	4051000	4051999	26
chr16	4052000	4052999	26
chr16	4053000	4053999	7
chr16	4054000	4054999	15
chr16	4055000	4055999	4
chr16	4056000	4056999	35
chr16	4057000	4057999	4
chr16	4058000	4058999	6
chr16	4059000	4059999	7
chr16	4060000	4060999	17
chr16	4061000	4061999	12
chr16	4062000	4062999	4
chr16	4063000	4063999	19
chr16	4064000	4064999	8
chr16	4065000	4065999	42
chr16	4066000	4066999	2
chr16	4067000	4067999	16
chr16	4068000	4068999	3
chr16	4069000	4069999	0
chr16	4070000	4070999	27
chr16	4071000	4071999	7
chr16	4072000	4072999	9
chr16	4073000	4073999	7
chr16	4074000	4074999	3
chr16	4075000	4075999	3
chr16	4076000	4076999	23
chr16	4077000	4077999	45
chr16	4078000	4078999	6
chr16	4079000	4079999	6
chr16	4080000	4080999	5
chr16	4081000	4081999	3
chr16	4082000	4082999	7
chr16	4083000	4083999	0
chr16	4084000	4084999	10
chr16	4085000	4085999	25
chr16	4086000	4086999	17
chr16	4087000	4087999	5
chr16	4088000	4088999	33
chr16	4089000	4089999	1
chr16	4090000	4090999	3
chr16	4091000	4091999	28
chr16	4092000	4092999	2
chr16	4093000	4093999	16
chr16	4094000	4094999	0
chr16	4095000	4095999	15
chr16	4096000	4096999	1
chr16	4097000	4097999	19
chr16	4098000	4098999	0
chr16	4099000	4099999	8
chr16	4100000	4100999	8
chr16	4101000	4101999	14
chr16	4102000	4102999	13
chr16	4103000	4103999	17
chr16	4104000	4104999	4
chr16	4105000	4105999	2
chr16	4106000	4106999	11
chr16	4107000	4107999	6
chr16	4108000	4108999	21
chr16	4109000	4109999	19
chr16	4110000	4110999	0
chr16	4111000	4111999	2
chr16	4112000	4112999	19
chr16	4113000	4113999	11
chr16	4114000	4114999	25
chr16	4115000	4115999	6
chr16	4116000	4116999	37
chr16	4117000	4117999	36
chr16	4118000	4118999	17
chr16	4119000	4119999	7
chr16	4120000	4120999	21
chr16	4121000	4121999	15
chr16	4122000	4122999	10
chr16	4123000	4123999	6
chr16	4124000	4124999	20
chr16	4125000	4125999	36
chr16	4126000	4126999	4
chr16	4127000	4127999	14
chr16	4128000	4128999	17
chr16	4129000	4129999	1
chr16	4130000	4130999	1
chr16	4131000	4131999	10
chr16	4132000	4132999	0
chr16	4133000	4133999	0
chr16	4134000	4134999	9
chr16	4135000	4135999	27
chr16	4136000	4136999	0
chr16	4137000	4137999	13
chr16	4138000	4138999	19
chr16	4139000	4139999	6
chr16	4140000	4140999	15
chr16	4141000	4141999	8
chr16	4142000	4142999	15
chr16	4143000	4143999	34
chr16	4144000	4144999	13
chr16	4145000	4145999	13
chr16	4146000	4146999	14
chr16	4147000	4147999	20
chr16	4148000	4148999	11
chr16	4149000	4149999	2
chr16	4150000	4150999	0
chr16	4151000	4151999	43
chr16	4152000	4152999	4
chr16	4153000	4153999	3
chr16	4154000	4154999	14
chr16	4155000	4155999	42
chr16	4156000	4156999	14
chr16	4157000	4157999	8
chr16	4158000	4158999	22
chr16	4159000	4159999	13
chr16	4160000	4160999	114
chr16	4161000	4161999	0
chr16	4162000	4162999	21
chr16	4163000	4163999	21
chr16	4164000	4164999	7
chr16	4165000	4165999	0
chr16	4166000	4166999	1
chr16	4167000	4167999	13
chr16	4168000	4168999	6
chr16	4169000	4169999	33
chr16	4170000	4170999	18
chr16	4171000	4171999	6
chr16	4172000	4172999	11
chr16	4173000	4173999	10
chr16	4174000	4174999	9
chr16	4175000	4175999	17
chr16	4176000	4176999	5
chr16	4177000	4177999	16
chr16	4178000	4178999	20
chr16	4179000	4179999	2
chr16	4180000	4180999	12
chr16	4181000	4181999	2
chr16	4182000	4182999	25
chr16	4183000	4183999	32
chr16	4184000	4184999	9
chr16	4185000	4185999	6
chr16	4186000	4186999	15
chr16	4187000	4187999	6
chr16	4188000	4188999	7
chr16	4189000	4189999	5
chr16	4190000	4190999	14
chr16	4191000	4191999	2
chr16	4192000	4192999	3
chr16	4193000	4193999	0
chr16	4194000	4194999	1
chr16	4195000	4195999	7
chr16	4196000	4196999	5
chr16	4197000	4197999	19
chr16	4198000	4198999	0
chr16	4199000	4199999	13
chr16	4200000	4200999	9
chr16	4201000	4201999	14
chr16	4202000	4202999	12
chr16	4203000	4203999	11
chr16	4204000	4204999	0
chr16	4205000	4205999	25
chr16	4206000	4206999	0
chr16	4207000	4207999	0
chr16	4208000	4208999	19
chr16	4209000	4209999	13
chr16	4210000	4210999	4
chr16	4211000	4211999	18
chr16	4212000	4212999	29
chr16	4213000	4213999	36
chr16	4214000	4214999	61
chr16	4215000	4215999	27
chr16	4216000	4216999	23
chr16	4217000	4217999	10
chr16	4218000	4218999	8
chr16	4219000	4219999	0
chr16	4220000	4220999	1
chr16	4221000	4221999	5
chr16	4222000	4222999	7
chr16	4223000	4223999	25
chr16	4224000	4224999	14
chr16	4225000	4225999	12
chr16	4226000	4226999	12
chr16	4227000	4227999	5
chr16	4228000	4228999	4
chr16	4229000	4229999	8
chr16	4230000	4230999	11
chr16	4231000	4231999	11
chr16	4232000	4232999	10
chr16	4233000	4233999	18
chr16	4234000	4234999	6
chr16	4235000	4235999	3
chr16	4236000	4236999	16
chr16	4237000	4237999	5
chr16	4238000	4238999	10
chr16	4239000	4239999	4
chr16	4240000	4240999	4
chr16	4241000	4241999	0
chr16	4242000	4242999	0
chr16	4243000	4243999	9
chr16	4244000	4244999	0
chr16	4245000	4245999	2
chr16	4246000	4246999	0
chr16	4247000	4247999	11
chr16	4248000	4248999	10
chr16	4249000	4249999	3
chr16	4250000	4250999	10
chr16	4251000	4251999	2
chr16	4252000	4252999	4
chr16	4253000	4253999	3
chr16	4254000	4254999	12
chr16	4255000	4255999	2
chr16	4256000	4256999	0
chr16	4257000	4257999	10
chr16	4258000	4258999	0
chr16	4259000	4259999	1
chr16	4260000	4260999	3
chr16	4261000	4261999	9
chr16	4262000	4262999	13
chr16	4263000	4263999	16
chr16	4264000	4264999	0
chr16	4265000	4265999	14
chr16	4266000	4266999	2
chr16	4267000	4267999	18
chr16	4268000	4268999	35
chr16	4269000	4269999	26
chr16	4270000	4270999	6
chr16	4271000	4271999	2
chr16	4272000	4272999	6
chr16	4273000	4273999	24
chr16	4274000	4274999	28
chr16	4275000	4275999	3
chr16	4276000	4276999	0
chr16	4277000	4277999	5
chr16	4278000	4278999	10
chr16	4279000	4279999	11
chr16	4280000	4280999	6
chr16	4281000	4281999	1
chr16	4282000	4282999	3
chr16	4283000	4283999	2
chr16	4284000	4284999	1
chr16	4285000	4285999	27
chr16	4286000	4286999	2
chr16	4287000	4287999	9
chr16	4288000	4288999	28
chr16	4289000	4289999	8
chr16	4290000	4290999	27
chr16	4291000	4291999	1
chr16	4292000	4292999	11
chr16	4293000	4293999	15
chr16	4294000	4294999	4
chr16	4295000	4295999	13
chr16	4296000	4296999	7
chr16	4297000	4297999	9
chr16	4298000	4298999	2
chr16	4299000	4299999	11
chr16	4300000	4300999	19
chr16	4301000	4301999	0
chr16	4302000	4302999	23
chr16	4303000	4303999	4
chr16	4304000	4304999	17
chr16	4305000	4305999	22
chr16	4306000	4306999	5
chr16	4307000	4307999	11
chr16	4308000	4308999	0
chr16	4309000	4309999	17
chr16	4310000	4310999	21
chr16	4311000	4311999	13
chr16	4312000	4312999	19
chr16	4313000	4313999	7
chr16	4314000	4314999	4
chr16	4315000	4315999	3
chr16	4316000	4316999	11
chr16	4317000	4317999	25
chr16	4318000	4318999	55
chr16	4319000	4319999	7
chr16	4320000	4320999	18
chr16	4321000	4321999	7
chr16	4322000	4322999	0
chr16	4323000	4323999	1
chr16	4324000	4324999	22
chr16	4325000	4325999	0
chr16	4326000	4326999	13
chr16	4327000	4327999	0
chr16	4328000	4328999	0
chr16	4329000	4329999	3
chr16	4330000	4330999	0
chr16	4331000	4331999	38
chr16	4332000	4332999	22
chr16	4333000	4333999	6
chr16	4334000	4334999	5
chr16	4335000	4335999	0
chr16	4336000	4336999	28
chr16	4337000	4337999	20
chr16	4338000	4338999	33
chr16	4339000	4339999	1
chr16	4340000	4340999	0
chr16	4341000	4341999	12
chr16	4342000	4342999	11
chr16	4343000	4343999	0
chr16	4344000	4344999	0
chr16	4345000	4345999	0
chr16	4346000	4346999	0
chr16	4347000	4347999	0
chr16	4348000	4348999	0
chr16	4349000	4349999	0
chr16	4350000	4350999	0
chr16	4351000	4351999	0
chr16	4352000	4352999	31
chr16	4353000	4353999	24
chr16	4354000	4354999	3
chr16	4355000	4355999	19
chr16	4356000	4356999	1
chr16	4357000	4357999	7
chr16	4358000	4358999	0
chr16	4359000	4359999	4
chr16	4360000	4360999	25
chr16	4361000	4361999	14
chr16	4362000	4362999	51
chr16	4363000	4363999	42
chr16	4364000	4364999	9
chr16	4365000	4365999	26
chr16	4366000	4366999	38
chr16	4367000	4367999	41
chr16	4368000	4368999	21
chr16	4369000	4369999	1
chr16	4370000	4370999	36
chr16	4371000	4371999	13
chr16	4372000	4372999	0
chr16	4373000	4373999	18
chr16	4374000	4374999	17
chr16	4375000	4375999	34
chr16	4376000	4376999	25
chr16	4377000	4377999	17
chr16	4378000	4378999	32
chr16	4379000	4379999	7
chr16	4380000	4380999	10
chr16	4381000	4381999	26
chr16	4382000	4382999	1
chr16	4383000	4383999	23
chr16	4384000	4384999	26
chr16	4385000	4385999	0
chr16	4386000	4386999	4
chr16	4387000	4387999	2
chr16	4388000	4388999	12
chr16	4389000	4389999	1
chr16	4390000	4390999	10
chr16	4391000	4391999	5
chr16	4392000	4392999	20
chr16	4393000	4393999	7
chr16	4394000	4394999	8
chr16	4395000	4395999	4
chr16	4396000	4396999	15
chr16	4397000	4397999	15
chr16	4398000	4398999	9
chr16	4399000	4399999	13
chr16	4400000	4400999	14
chr16	4401000	4401999	13
chr16	4402000	4402999	0
chr16	4403000	4403999	9
chr16	4404000	4404999	13
chr16	4405000	4405999	67
chr16	4406000	4406999	5
chr16	4407000	4407999	2
chr16	4408000	4408999	4
chr16	4409000	4409999	15
chr16	4410000	4410999	13
chr16	4411000	4411999	8
chr16	4412000	4412999	23
chr16	4413000	4413999	1
chr16	4414000	4414999	36
chr16	4415000	4415999	59
chr16	4416000	4416999	19
chr16	4417000	4417999	4
chr16	4418000	4418999	16
chr16	4419000	4419999	26
chr16	4420000	4420999	146
chr16	4421000	4421999	1
chr16	4422000	4422999	11
chr16	4423000	4423999	12
chr16	4424000	4424999	0
chr16	4425000	4425999	1
chr16	4426000	4426999	4
chr16	4427000	4427999	0
chr16	4428000	4428999	9
chr16	4429000	4429999	7
chr16	4430000	4430999	20
chr16	4431000	4431999	13
chr16	4432000	4432999	4
chr16	4433000	4433999	16
chr16	4434000	4434999	1
chr16	4435000	4435999	4
chr16	4436000	4436999	3
chr16	4437000	4437999	6
chr16	4438000	4438999	10
chr16	4439000	4439999	1
chr16	4440000	4440999	22
chr16	4441000	4441999	2
chr16	4442000	4442999	16
chr16	4443000	4443999	2
chr16	4444000	4444999	6
chr16	4445000	4445999	10
chr16	4446000	4446999	21
chr16	4447000	4447999	13
chr16	4448000	4448999	7
chr16	4449000	4449999	7
chr16	4450000	4450999	0
chr16	4451000	4451999	0
chr16	4452000	4452999	12
chr16	4453000	4453999	5
chr16	4454000	4454999	23
chr16	4455000	4455999	0
chr16	4456000	4456999	19
chr16	4457000	4457999	0
chr16	4458000	4458999	0
chr16	4459000	4459999	0
chr16	4460000	4460999	6
chr16	4461000	4461999	1
chr16	4462000	4462999	11
chr16	4463000	4463999	3
chr16	4464000	4464999	2
chr16	4465000	4465999	13
chr16	4466000	4466999	2
chr16	4467000	4467999	17
chr16	4468000	4468999	0
chr16	4469000	4469999	15
chr16	4470000	4470999	14
chr16	4471000	4471999	4
chr16	4472000	4472999	12
chr16	4473000	4473999	11
chr16	4474000	4474999	8
chr16	4475000	4475999	108
chr16	4476000	4476999	0
chr16	4477000	4477999	9
chr16	4478000	4478999	19
chr16	4479000	4479999	27
chr16	4480000	4480999	9
chr16	4481000	4481999	16
chr16	4482000	4482999	15
chr16	4483000	4483999	12
chr16	4484000	4484999	0
chr16	4485000	4485999	3
chr16	4486000	4486999	9
chr16	4487000	4487999	11
chr16	4488000	4488999	30
chr16	4489000	4489999	140
chr16	4490000	4490999	15
chr16	4491000	4491999	0
chr16	4492000	4492999	30
chr16	4493000	4493999	0
chr16	4494000	4494999	6
chr16	4495000	4495999	14
chr16	4496000	4496999	17
chr16	4497000	4497999	9
chr16	4498000	4498999	8
chr16	4499000	4499999	9
chr16	4500000	4500999	19
chr16	4501000	4501999	0
chr16	4502000	4502999	0
chr16	4503000	4503999	5
chr16	4504000	4504999	10
chr16	4505000	4505999	6
chr16	4506000	4506999	0
chr16	4507000	4507999	29
chr16	4508000	4508999	2
chr16	4509000	4509999	20
chr16	4510000	4510999	24
chr16	4511000	4511999	5
chr16	4512000	4512999	41
chr16	4513000	4513999	0
chr16	4514000	4514999	7
chr16	4515000	4515999	15
chr16	4516000	4516999	5
chr16	4517000	4517999	0
chr16	4518000	4518999	3
chr16	4519000	4519999	43
chr16	4520000	4520999	5
chr16	4521000	4521999	14
chr16	4522000	4522999	3
chr16	4523000	4523999	6
chr16	4524000	4524999	5
chr16	4525000	4525999	12
chr16	4526000	4526999	6
chr16	4527000	4527999	25
chr16	4528000	4528999	5
chr16	4529000	4529999	9
chr16	4530000	4530999	4
chr16	4531000	4531999	0
chr16	4532000	4532999	16
chr16	4533000	4533999	14
chr16	4534000	4534999	12
chr16	4535000	4535999	1
chr16	4536000	4536999	11
chr16	4537000	4537999	13
chr16	4538000	4538999	0
chr16	4539000	4539999	12
chr16	4540000	4540999	22
chr16	4541000	4541999	129
chr16	4542000	4542999	52
chr16	4543000	4543999	20
chr16	4544000	4544999	8
chr16	4545000	4545999	6
chr16	4546000	4546999	3
chr16	4547000	4547999	6
chr16	4548000	4548999	9
chr16	4549000	4549999	13
chr16	4550000	4550999	7
chr16	4551000	4551999	57
chr16	4552000	4552999	19
chr16	4553000	4553999	18
chr16	4554000	4554999	20
chr16	4555000	4555999	14
chr16	4556000	4556999	10
chr16	4557000	4557999	8
chr16	4558000	4558999	118
chr16	4559000	4559999	59
chr16	4560000	4560999	40
chr16	4561000	4561999	3
chr16	4562000	4562999	14
chr16	4563000	4563999	2
chr16	4564000	4564999	21
chr16	4565000	4565999	19
chr16	4566000	4566999	9
chr16	4567000	4567999	19
chr16	4568000	4568999	14
chr16	4569000	4569999	23
chr16	4570000	4570999	3
chr16	4571000	4571999	0
chr16	4572000	4572999	28
chr16	4573000	4573999	8
chr16	4574000	4574999	7
chr16	4575000	4575999	3
chr16	4576000	4576999	27
chr16	4577000	4577999	6
chr16	4578000	4578999	29
chr16	4579000	4579999	22
chr16	4580000	4580999	15
chr16	4581000	4581999	4
chr16	4582000	4582999	14
chr16	4583000	4583999	2
chr16	4584000	4584999	25
chr16	4585000	4585999	8
chr16	4586000	4586999	140
chr16	4587000	4587999	30
chr16	4588000	4588999	0
chr16	4589000	4589999	0
chr16	4590000	4590999	0
chr16	4591000	4591999	10
chr16	4592000	4592999	6
chr16	4593000	4593999	45
chr16	4594000	4594999	10
chr16	4595000	4595999	28
chr16	4596000	4596999	28
chr16	4597000	4597999	23
chr16	4598000	4598999	15
chr16	4599000	4599999	14
chr16	4600000	4600999	2
chr16	4601000	4601999	19
chr16	4602000	4602999	5
chr16	4603000	4603999	14
chr16	4604000	4604999	0
chr16	4605000	4605999	3
chr16	4606000	4606999	34
chr16	4607000	4607999	23
chr16	4608000	4608999	21
chr16	4609000	4609999	3
chr16	4610000	4610999	14
chr16	4611000	4611999	18
chr16	4612000	4612999	21
chr16	4613000	4613999	16
chr16	4614000	4614999	32
chr16	4615000	4615999	14
chr16	4616000	4616999	33
chr16	4617000	4617999	52
chr16	4618000	4618999	13
chr16	4619000	4619999	3
chr16	4620000	4620999	16
chr16	4621000	4621999	15
chr16	4622000	4622999	34
chr16	4623000	4623999	53
chr16	4624000	4624999	64
chr16	4625000	4625999	18
chr16	4626000	4626999	0
chr16	4627000	4627999	15
chr16	4628000	4628999	16
chr16	4629000	4629999	10
chr16	4630000	4630999	15
chr16	4631000	4631999	9
chr16	4632000	4632999	40
chr16	4633000	4633999	25
chr16	4634000	4634999	17
chr16	4635000	4635999	21
chr16	4636000	4636999	43
chr16	4637000	4637999	22
chr16	4638000	4638999	17
chr16	4639000	4639999	68
chr16	4640000	4640999	71
chr16	4641000	4641999	32
chr16	4642000	4642999	68
chr16	4643000	4643999	120
chr16	4644000	4644999	45
chr16	4645000	4645999	28
chr16	4646000	4646999	45
chr16	4647000	4647999	40
chr16	4648000	4648999	100
chr16	4649000	4649999	31
chr16	4650000	4650999	35
chr16	4651000	4651999	11
chr16	4652000	4652999	13
chr16	4653000	4653999	19
chr16	4654000	4654999	30
chr16	4655000	4655999	28
chr16	4656000	4656999	11
chr16	4657000	4657999	17
chr16	4658000	4658999	9
chr16	4659000	4659999	1
chr16	4660000	4660999	0
chr16	4661000	4661999	17
chr16	4662000	4662999	5
chr16	4663000	4663999	19
chr16	4664000	4664999	15
chr16	4665000	4665999	11
chr16	4666000	4666999	34
chr16	4667000	4667999	32
chr16	4668000	4668999	2
chr16	4669000	4669999	1
chr16	4670000	4670999	14
chr16	4671000	4671999	6
chr16	4672000	4672999	24
chr16	4673000	4673999	5
chr16	4674000	4674999	1
chr16	4675000	4675999	31
chr16	4676000	4676999	21
chr16	4677000	4677999	13
chr16	4678000	4678999	7
chr16	4679000	4679999	68
chr16	4680000	4680999	22
chr16	4681000	4681999	2
chr16	4682000	4682999	12
chr16	4683000	4683999	112
chr16	4684000	4684999	97
chr16	4685000	4685999	16
chr16	4686000	4686999	15
chr16	4687000	4687999	29
chr16	4688000	4688999	2
chr16	4689000	4689999	9
chr16	4690000	4690999	8
chr16	4691000	4691999	19
chr16	4692000	4692999	12
chr16	4693000	4693999	0
chr16	4694000	4694999	0
chr16	4695000	4695999	2
chr16	4696000	4696999	6
chr16	4697000	4697999	10
chr16	4698000	4698999	4
chr16	4699000	4699999	24
chr16	4700000	4700999	4
chr16	4701000	4701999	1
chr16	4702000	4702999	17
chr16	4703000	4703999	7
chr16	4704000	4704999	12
chr16	4705000	4705999	3
chr16	4706000	4706999	0
chr16	4707000	4707999	19
chr16	4708000	4708999	13
chr16	4709000	4709999	9
chr16	4710000	4710999	8
chr16	4711000	4711999	5
chr16	4712000	4712999	17
chr16	4713000	4713999	13
chr16	4714000	4714999	14
chr16	4715000	4715999	0
chr16	4716000	4716999	12
chr16	4717000	4717999	0
chr16	4718000	4718999	1
chr16	4719000	4719999	18
chr16	4720000	4720999	11
chr16	4721000	4721999	11
chr16	4722000	4722999	22
chr16	4723000	4723999	22
chr16	4724000	4724999	9
chr16	4725000	4725999	43
chr16	4726000	4726999	70
chr16	4727000	4727999	2
chr16	4728000	4728999	0
chr16	4729000	4729999	8
chr16	4730000	4730999	11
chr16	4731000	4731999	3
chr16	4732000	4732999	10
chr16	4733000	4733999	0
chr16	4734000	4734999	3
chr16	4735000	4735999	5
chr16	4736000	4736999	3
chr16	4737000	4737999	13
chr16	4738000	4738999	41
chr16	4739000	4739999	13
chr16	4740000	4740999	7
chr16	4741000	4741999	8
chr16	4742000	4742999	7
chr16	4743000	4743999	0
chr16	4744000	4744999	0
chr16	4745000	4745999	0
chr16	4746000	4746999	0
chr16	4747000	4747999	0
chr16	4748000	4748999	0
chr16	4749000	4749999	0
chr16	4750000	4750999	0
chr16	4751000	4751999	6
chr16	4752000	4752999	36
chr16	4753000	4753999	0
chr16	4754000	4754999	6
chr16	4755000	4755999	0
chr16	4756000	4756999	0
chr16	4757000	4757999	28
chr16	4758000	4758999	12
chr16	4759000	4759999	8
chr16	4760000	4760999	16
chr16	4761000	4761999	17
chr16	4762000	4762999	6
chr16	4763000	4763999	26
chr16	4764000	4764999	6
chr16	4765000	4765999	16
chr16	4766000	4766999	6
chr16	4767000	4767999	11
chr16	4768000	4768999	23
chr16	4769000	4769999	5
chr16	4770000	4770999	24
chr16	4771000	4771999	0
chr16	4772000	4772999	14
chr16	4773000	4773999	24
chr16	4774000	4774999	4
chr16	4775000	4775999	7
chr16	4776000	4776999	0
chr16	4777000	4777999	37
chr16	4778000	4778999	2
chr16	4779000	4779999	5
chr16	4780000	4780999	34
chr16	4781000	4781999	25
chr16	4782000	4782999	9
chr16	4783000	4783999	26
chr16	4784000	4784999	15
chr16	4785000	4785999	13
chr16	4786000	4786999	36
chr16	4787000	4787999	5
chr16	4788000	4788999	28
chr16	4789000	4789999	58
chr16	4790000	4790999	60
chr16	4791000	4791999	34
chr16	4792000	4792999	14
chr16	4793000	4793999	8
chr16	4794000	4794999	3
chr16	4795000	4795999	9
chr16	4796000	4796999	4
chr16	4797000	4797999	9
chr16	4798000	4798999	13
chr16	4799000	4799999	7
chr16	4800000	4800999	1
chr16	4801000	4801999	0
chr16	4802000	4802999	0
chr16	4803000	4803999	10
chr16	4804000	4804999	31
chr16	4805000	4805999	0
chr16	4806000	4806999	0
chr16	4807000	4807999	9
chr16	4808000	4808999	0
chr16	4809000	4809999	6
chr16	4810000	4810999	16
chr16	4811000	4811999	0
chr16	4812000	4812999	9
chr16	4813000	4813999	9
chr16	4814000	4814999	0
chr16	4815000	4815999	12
chr16	4816000	4816999	13
chr16	4817000	4817999	20
chr16	4818000	4818999	13
chr16	4819000	4819999	5
chr16	4820000	4820999	2
chr16	4821000	4821999	25
chr16	4822000	4822999	0
chr16	4823000	4823999	13
chr16	4824000	4824999	0
chr16	4825000	4825999	0
chr16	4826000	4826999	0
chr16	4827000	4827999	0
chr16	4828000	4828999	9
chr16	4829000	4829999	25
chr16	4830000	4830999	1
chr16	4831000	4831999	3
chr16	4832000	4832999	3
chr16	4833000	4833999	2
chr16	4834000	4834999	2
chr16	4835000	4835999	10
chr16	4836000	4836999	8
chr16	4837000	4837999	29
chr16	4838000	4838999	11
chr16	4839000	4839999	8
chr16	4840000	4840999	28
chr16	4841000	4841999	8
chr16	4842000	4842999	7
chr16	4843000	4843999	7
chr16	4844000	4844999	32
chr16	4845000	4845999	5
chr16	4846000	4846999	14
chr16	4847000	4847999	21
chr16	4848000	4848999	8
chr16	4849000	4849999	17
chr16	4850000	4850999	12
chr16	4851000	4851999	17
chr16	4852000	4852999	4
chr16	4853000	4853999	16
chr16	4854000	4854999	8
chr16	4855000	4855999	18
chr16	4856000	4856999	9
chr16	4857000	4857999	18
chr16	4858000	4858999	0
chr16	4859000	4859999	0
chr16	4860000	4860999	0
chr16	4861000	4861999	17
chr16	4862000	4862999	23
chr16	4863000	4863999	40
chr16	4864000	4864999	8
chr16	4865000	4865999	15
chr16	4866000	4866999	16
chr16	4867000	4867999	21
chr16	4868000	4868999	26
chr16	4869000	4869999	27
chr16	4870000	4870999	30
chr16	4871000	4871999	30
chr16	4872000	4872999	35
chr16	4873000	4873999	31
chr16	4874000	4874999	19
chr16	4875000	4875999	31
chr16	4876000	4876999	30
chr16	4877000	4877999	21
chr16	4878000	4878999	112
chr16	4879000	4879999	82
chr16	4880000	4880999	125
chr16	4881000	4881999	54
chr16	4882000	4882999	12
chr16	4883000	4883999	15
chr16	4884000	4884999	49
chr16	4885000	4885999	37
chr16	4886000	4886999	58
chr16	4887000	4887999	31
chr16	4888000	4888999	26
chr16	4889000	4889999	24
chr16	4890000	4890999	12
chr16	4891000	4891999	26
chr16	4892000	4892999	25
chr16	4893000	4893999	12
chr16	4894000	4894999	5
chr16	4895000	4895999	5
chr16	4896000	4896999	65
chr16	4897000	4897999	20
chr16	4898000	4898999	0
chr16	4899000	4899999	48
chr16	4900000	4900999	0
chr16	4901000	4901999	6
chr16	4902000	4902999	5
chr16	4903000	4903999	10
chr16	4904000	4904999	15
chr16	4905000	4905999	37
chr16	4906000	4906999	0
chr16	4907000	4907999	42
chr16	4908000	4908999	17
chr16	4909000	4909999	11
chr16	4910000	4910999	4
chr16	4911000	4911999	27
chr16	4912000	4912999	51
chr16	4913000	4913999	47
chr16	4914000	4914999	3
chr16	4915000	4915999	17
chr16	4916000	4916999	13
chr16	4917000	4917999	1
chr16	4918000	4918999	5
chr16	4919000	4919999	15
chr16	4920000	4920999	26
chr16	4921000	4921999	40
chr16	4922000	4922999	19
chr16	4923000	4923999	9
chr16	4924000	4924999	0
chr16	4925000	4925999	4
chr16	4926000	4926999	24
chr16	4927000	4927999	10
chr16	4928000	4928999	21
chr16	4929000	4929999	10
chr16	4930000	4930999	23
chr16	4931000	4931999	16
chr16	4932000	4932999	13
chr16	4933000	4933999	15
chr16	4934000	4934999	30
chr16	4935000	4935999	9
chr16	4936000	4936999	71
chr16	4937000	4937999	40
chr16	4938000	4938999	7
chr16	4939000	4939999	40
chr16	4940000	4940999	16
chr16	4941000	4941999	23
chr16	4942000	4942999	7
chr16	4943000	4943999	70
chr16	4944000	4944999	9
chr16	4945000	4945999	14
chr16	4946000	4946999	8
chr16	4947000	4947999	0
chr16	4948000	4948999	31
chr16	4949000	4949999	2
chr16	4950000	4950999	11
chr16	4951000	4951999	15
chr16	4952000	4952999	21
chr16	4953000	4953999	2
chr16	4954000	4954999	6
chr16	4955000	4955999	8
chr16	4956000	4956999	12
chr16	4957000	4957999	30
chr16	4958000	4958999	0
chr16	4959000	4959999	29
chr16	4960000	4960999	8
chr16	4961000	4961999	2
chr16	4962000	4962999	7
chr16	4963000	4963999	57
chr16	4964000	4964999	163
chr16	4965000	4965999	9
chr16	4966000	4966999	48
chr16	4967000	4967999	17
chr16	4968000	4968999	10
chr16	4969000	4969999	23
chr16	4970000	4970999	1
chr16	4971000	4971999	3
chr16	4972000	4972999	24
chr16	4973000	4973999	6
chr16	4974000	4974999	21
chr16	4975000	4975999	4
chr16	4976000	4976999	31
chr16	4977000	4977999	13
chr16	4978000	4978999	5
chr16	4979000	4979999	11
chr16	4980000	4980999	18
chr16	4981000	4981999	1
chr16	4982000	4982999	34
chr16	4983000	4983999	26
chr16	4984000	4984999	51
chr16	4985000	4985999	38
chr16	4986000	4986999	15
chr16	4987000	4987999	16
chr16	4988000	4988999	0
chr16	4989000	4989999	14
chr16	4990000	4990999	9
chr16	4991000	4991999	0
chr16	4992000	4992999	13
chr16	4993000	4993999	10
chr16	4994000	4994999	16
chr16	4995000	4995999	6
chr16	4996000	4996999	6
chr16	4997000	4997999	18
chr16	4998000	4998999	24
chr16	4999000	4999999	16
chr16	5000000	5000999	27
chr16	5001000	5001999	13
chr16	5002000	5002999	10
chr16	5003000	5003999	8
chr16	5004000	5004999	24
chr16	5005000	5005999	9
chr16	5006000	5006999	14
chr16	5007000	5007999	42
chr16	5008000	5008999	57
chr16	5009000	5009999	9
chr16	5010000	5010999	52
chr16	5011000	5011999	64
chr16	5012000	5012999	22
chr16	5013000	5013999	172
chr16	5014000	5014999	35
chr16	5015000	5015999	34
chr16	5016000	5016999	25
chr16	5017000	5017999	41
chr16	5018000	5018999	19
chr16	5019000	5019999	5
chr16	5020000	5020999	3
chr16	5021000	5021999	29
chr16	5022000	5022999	22
chr16	5023000	5023999	13
chr16	5024000	5024999	5
chr16	5025000	5025999	0
chr16	5026000	5026999	46
chr16	5027000	5027999	0
chr16	5028000	5028999	5
chr16	5029000	5029999	6
chr16	5030000	5030999	19
chr16	5031000	5031999	13
chr16	5032000	5032999	13
chr16	5033000	5033999	0
chr16	5034000	5034999	3
chr16	5035000	5035999	18
chr16	5036000	5036999	8
chr16	5037000	5037999	6
chr16	5038000	5038999	5
chr16	5039000	5039999	24
chr16	5040000	5040999	3
chr16	5041000	5041999	9
chr16	5042000	5042999	11
chr16	5043000	5043999	7
chr16	5044000	5044999	6
chr16	5045000	5045999	9
chr16	5046000	5046999	22
chr16	5047000	5047999	7
chr16	5048000	5048999	27
chr16	5049000	5049999	123
chr16	5050000	5050999	116
chr16	5051000	5051999	11
chr16	5052000	5052999	1
chr16	5053000	5053999	13
chr16	5054000	5054999	0
chr16	5055000	5055999	9
chr16	5056000	5056999	8
chr16	5057000	5057999	2
chr16	5058000	5058999	0
chr16	5059000	5059999	7
chr16	5060000	5060999	12
chr16	5061000	5061999	30
chr16	5062000	5062999	17
chr16	5063000	5063999	2
chr16	5064000	5064999	9
chr16	5065000	5065999	12
chr16	5066000	5066999	13
chr16	5067000	5067999	15
chr16	5068000	5068999	4
chr16	5069000	5069999	14
chr16	5070000	5070999	0
chr16	5071000	5071999	11
chr16	5072000	5072999	12
chr16	5073000	5073999	0
chr16	5074000	5074999	2
chr16	5075000	5075999	3
chr16	5076000	5076999	6
chr16	5077000	5077999	7
chr16	5078000	5078999	2
chr16	5079000	5079999	19
chr16	5080000	5080999	0
chr16	5081000	5081999	8
chr16	5082000	5082999	25
chr16	5083000	5083999	22
chr16	5084000	5084999	21
chr16	5085000	5085999	6
chr16	5086000	5086999	12
chr16	5087000	5087999	0
chr16	5088000	5088999	19
chr16	5089000	5089999	26
chr16	5090000	5090999	7
chr16	5091000	5091999	5
chr16	5092000	5092999	0
chr16	5093000	5093999	14
chr16	5094000	5094999	10
chr16	5095000	5095999	11
chr16	5096000	5096999	23
chr16	5097000	5097999	17
chr16	5098000	5098999	8
chr16	5099000	5099999	0
chr16	5100000	5100999	11
chr16	5101000	5101999	9
chr16	5102000	5102999	19
chr16	5103000	5103999	3
chr16	5104000	5104999	16
chr16	5105000	5105999	13
chr16	5106000	5106999	4
chr16	5107000	5107999	4
chr16	5108000	5108999	0
chr16	5109000	5109999	11
chr16	5110000	5110999	8
chr16	5111000	5111999	4
chr16	5112000	5112999	15
chr16	5113000	5113999	21
chr16	5114000	5114999	7
chr16	5115000	5115999	9
chr16	5116000	5116999	1
chr16	5117000	5117999	3
chr16	5118000	5118999	18
chr16	5119000	5119999	1
chr16	5120000	5120999	8
chr16	5121000	5121999	6
chr16	5122000	5122999	5
chr16	5123000	5123999	4
chr16	5124000	5124999	0
chr16	5125000	5125999	16
chr16	5126000	5126999	9
chr16	5127000	5127999	12
chr16	5128000	5128999	35
chr16	5129000	5129999	10
chr16	5130000	5130999	52
chr16	5131000	5131999	3
chr16	5132000	5132999	123
chr16	5133000	5133999	40
chr16	5134000	5134999	29
chr16	5135000	5135999	6
chr16	5136000	5136999	67
chr16	5137000	5137999	11
chr16	5138000	5138999	2
chr16	5139000	5139999	5
chr16	5140000	5140999	8
chr16	5141000	5141999	19
chr16	5142000	5142999	18
chr16	5143000	5143999	39
chr16	5144000	5144999	10
chr16	5145000	5145999	11
chr16	5146000	5146999	68
chr16	5147000	5147999	36
chr16	5148000	5148999	18
chr16	5149000	5149999	11
chr16	5150000	5150999	30
chr16	5151000	5151999	9
chr16	5152000	5152999	8
chr16	5153000	5153999	0
chr16	5154000	5154999	3
chr16	5155000	5155999	4
chr16	5156000	5156999	7
chr16	5157000	5157999	3
chr16	5158000	5158999	6
chr16	5159000	5159999	0
chr16	5160000	5160999	13
chr16	5161000	5161999	13
chr16	5162000	5162999	1
chr16	5163000	5163999	13
chr16	5164000	5164999	15
chr16	5165000	5165999	19
chr16	5166000	5166999	1
chr16	5167000	5167999	0
chr16	5168000	5168999	21
chr16	5169000	5169999	0
chr16	5170000	5170999	4
chr16	5171000	5171999	6
chr16	5172000	5172999	0
chr16	5173000	5173999	7
chr16	5174000	5174999	12
chr16	5175000	5175999	7
chr16	5176000	5176999	15
chr16	5177000	5177999	9
chr16	5178000	5178999	31
chr16	5179000	5179999	1
chr16	5180000	5180999	10
chr16	5181000	5181999	17
chr16	5182000	5182999	12
chr16	5183000	5183999	21
chr16	5184000	5184999	10
chr16	5185000	5185999	0
chr16	5186000	5186999	8
chr16	5187000	5187999	3
chr16	5188000	5188999	0
chr16	5189000	5189999	0
chr16	5190000	5190999	0
chr16	5191000	5191999	3
chr16	5192000	5192999	11
chr16	5193000	5193999	15
chr16	5194000	5194999	3
chr16	5195000	5195999	32
chr16	5196000	5196999	13
chr16	5197000	5197999	5
chr16	5198000	5198999	9
chr16	5199000	5199999	36
chr16	5200000	5200999	26
chr16	5201000	5201999	19
chr16	5202000	5202999	32
chr16	5203000	5203999	24
chr16	5204000	5204999	29
chr16	5205000	5205999	9
chr16	5206000	5206999	18
chr16	5207000	5207999	7
chr16	5208000	5208999	13
chr16	5209000	5209999	0
chr16	5210000	5210999	30
chr16	5211000	5211999	0
chr16	5212000	5212999	10
chr16	5213000	5213999	0
chr16	5214000	5214999	17
chr16	5215000	5215999	1
chr16	5216000	5216999	8
chr16	5217000	5217999	2
chr16	5218000	5218999	11
chr16	5219000	5219999	30
chr16	5220000	5220999	22
chr16	5221000	5221999	11
chr16	5222000	5222999	9
chr16	5223000	5223999	1
chr16	5224000	5224999	0
chr16	5225000	5225999	0
chr16	5226000	5226999	9
chr16	5227000	5227999	5
chr16	5228000	5228999	31
chr16	5229000	5229999	0
chr16	5230000	5230999	33
chr16	5231000	5231999	11
chr16	5232000	5232999	16
chr16	5233000	5233999	60
chr16	5234000	5234999	44
chr16	5235000	5235999	0
chr16	5236000	5236999	1
chr16	5237000	5237999	18
chr16	5238000	5238999	7
chr16	5239000	5239999	21
chr16	5240000	5240999	0
chr16	5241000	5241999	8
chr16	5242000	5242999	12
chr16	5243000	5243999	17
chr16	5244000	5244999	6
chr16	5245000	5245999	2
chr16	5246000	5246999	12
chr16	5247000	5247999	18
chr16	5248000	5248999	3
chr16	5249000	5249999	0
chr16	5250000	5250999	1
chr16	5251000	5251999	2
chr16	5252000	5252999	50
chr16	5253000	5253999	13
chr16	5254000	5254999	97
chr16	5255000	5255999	119
chr16	5256000	5256999	62
chr16	5257000	5257999	23
chr16	5258000	5258999	6
chr16	5259000	5259999	3
chr16	5260000	5260999	5
chr16	5261000	5261999	4
chr16	5262000	5262999	7
chr16	5263000	5263999	10
chr16	5264000	5264999	1
chr16	5265000	5265999	8
chr16	5266000	5266999	7
chr16	5267000	5267999	3
chr16	5268000	5268999	2
chr16	5269000	5269999	0
chr16	5270000	5270999	9
chr16	5271000	5271999	1
chr16	5272000	5272999	2
chr16	5273000	5273999	9
chr16	5274000	5274999	12
chr16	5275000	5275999	4
chr16	5276000	5276999	4
chr16	5277000	5277999	21
chr16	5278000	5278999	5
chr16	5279000	5279999	3
chr16	5280000	5280999	12
chr16	5281000	5281999	9
chr16	5282000	5282999	25
chr16	5283000	5283999	3
chr16	5284000	5284999	15
chr16	5285000	5285999	9
chr16	5286000	5286999	12
chr16	5287000	5287999	9
chr16	5288000	5288999	13
chr16	5289000	5289999	15
chr16	5290000	5290999	11
chr16	5291000	5291999	16
chr16	5292000	5292999	5
chr16	5293000	5293999	0
chr16	5294000	5294999	12
chr16	5295000	5295999	15
chr16	5296000	5296999	13
chr16	5297000	5297999	10
chr16	5298000	5298999	5
chr16	5299000	5299999	20
chr16	5300000	5300999	18
chr16	5301000	5301999	0
chr16	5302000	5302999	5
chr16	5303000	5303999	15
chr16	5304000	5304999	7
chr16	5305000	5305999	22
chr16	5306000	5306999	20
chr16	5307000	5307999	2
chr16	5308000	5308999	6
chr16	5309000	5309999	9
chr16	5310000	5310999	19
chr16	5311000	5311999	2
chr16	5312000	5312999	38
chr16	5313000	5313999	24
chr16	5314000	5314999	10
chr16	5315000	5315999	6
chr16	5316000	5316999	4
chr16	5317000	5317999	0
chr16	5318000	5318999	3
chr16	5319000	5319999	12
chr16	5320000	5320999	0
chr16	5321000	5321999	18
chr16	5322000	5322999	32
chr16	5323000	5323999	10
chr16	5324000	5324999	19
chr16	5325000	5325999	1
chr16	5326000	5326999	2
chr16	5327000	5327999	1
chr16	5328000	5328999	10
chr16	5329000	5329999	22
chr16	5330000	5330999	3
chr16	5331000	5331999	11
chr16	5332000	5332999	34
chr16	5333000	5333999	13
chr16	5334000	5334999	4
chr16	5335000	5335999	16
chr16	5336000	5336999	4
chr16	5337000	5337999	5
chr16	5338000	5338999	15
chr16	5339000	5339999	21
chr16	5340000	5340999	3
chr16	5341000	5341999	10
chr16	5342000	5342999	18
chr16	5343000	5343999	4
chr16	5344000	5344999	0
chr16	5345000	5345999	12
chr16	5346000	5346999	11
chr16	5347000	5347999	0
chr16	5348000	5348999	2
chr16	5349000	5349999	19
chr16	5350000	5350999	29
chr16	5351000	5351999	11
chr16	5352000	5352999	48
chr16	5353000	5353999	23
chr16	5354000	5354999	2
chr16	5355000	5355999	14
chr16	5356000	5356999	1
chr16	5357000	5357999	3
chr16	5358000	5358999	3
chr16	5359000	5359999	14
chr16	5360000	5360999	0
chr16	5361000	5361999	0
chr16	5362000	5362999	7
chr16	5363000	5363999	8
chr16	5364000	5364999	15
chr16	5365000	5365999	40
chr16	5366000	5366999	14
chr16	5367000	5367999	0
chr16	5368000	5368999	5
chr16	5369000	5369999	12
chr16	5370000	5370999	7
chr16	5371000	5371999	7
chr16	5372000	5372999	12
chr16	5373000	5373999	11
chr16	5374000	5374999	9
chr16	5375000	5375999	17
chr16	5376000	5376999	18
chr16	5377000	5377999	11
chr16	5378000	5378999	16
chr16	5379000	5379999	7
chr16	5380000	5380999	4
chr16	5381000	5381999	1
chr16	5382000	5382999	19
chr16	5383000	5383999	12
chr16	5384000	5384999	8
chr16	5385000	5385999	45
chr16	5386000	5386999	0
chr16	5387000	5387999	0
chr16	5388000	5388999	0
chr16	5389000	5389999	0
chr16	5390000	5390999	0
chr16	5391000	5391999	16
chr16	5392000	5392999	16
chr16	5393000	5393999	11
chr16	5394000	5394999	13
chr16	5395000	5395999	2
chr16	5396000	5396999	6
chr16	5397000	5397999	0
chr16	5398000	5398999	4
chr16	5399000	5399999	12
chr16	5400000	5400999	13
chr16	5401000	5401999	21
chr16	5402000	5402999	18
chr16	5403000	5403999	0
chr16	5404000	5404999	2
chr16	5405000	5405999	8
chr16	5406000	5406999	10
chr16	5407000	5407999	29
chr16	5408000	5408999	8
chr16	5409000	5409999	14
chr16	5410000	5410999	23
chr16	5411000	5411999	7
chr16	5412000	5412999	24
chr16	5413000	5413999	2
chr16	5414000	5414999	17
chr16	5415000	5415999	21
chr16	5416000	5416999	23
chr16	5417000	5417999	6
chr16	5418000	5418999	7
chr16	5419000	5419999	26
chr16	5420000	5420999	16
chr16	5421000	5421999	7
chr16	5422000	5422999	20
chr16	5423000	5423999	0
chr16	5424000	5424999	12
chr16	5425000	5425999	18
chr16	5426000	5426999	40
chr16	5427000	5427999	5
chr16	5428000	5428999	4
chr16	5429000	5429999	13
chr16	5430000	5430999	9
chr16	5431000	5431999	22
chr16	5432000	5432999	0
chr16	5433000	5433999	3
chr16	5434000	5434999	9
chr16	5435000	5435999	10
chr16	5436000	5436999	8
chr16	5437000	5437999	22
chr16	5438000	5438999	12
chr16	5439000	5439999	8
chr16	5440000	5440999	13
chr16	5441000	5441999	1
chr16	5442000	5442999	7
chr16	5443000	5443999	0
chr16	5444000	5444999	6
chr16	5445000	5445999	9
chr16	5446000	5446999	10
chr16	5447000	5447999	17
chr16	5448000	5448999	0
chr16	5449000	5449999	4
chr16	5450000	5450999	22
chr16	5451000	5451999	14
chr16	5452000	5452999	12
chr16	5453000	5453999	11
chr16	5454000	5454999	9
chr16	5455000	5455999	36
chr16	5456000	5456999	4
chr16	5457000	5457999	28
chr16	5458000	5458999	11
chr16	5459000	5459999	35
chr16	5460000	5460999	10
chr16	5461000	5461999	25
chr16	5462000	5462999	7
chr16	5463000	5463999	17
chr16	5464000	5464999	0
chr16	5465000	5465999	25
chr16	5466000	5466999	2
chr16	5467000	5467999	12
chr16	5468000	5468999	11
chr16	5469000	5469999	9
chr16	5470000	5470999	11
chr16	5471000	5471999	18
chr16	5472000	5472999	32
chr16	5473000	5473999	25
chr16	5474000	5474999	1
chr16	5475000	5475999	27
chr16	5476000	5476999	7
chr16	5477000	5477999	23
chr16	5478000	5478999	18
chr16	5479000	5479999	13
chr16	5480000	5480999	24
chr16	5481000	5481999	1
chr16	5482000	5482999	2
chr16	5483000	5483999	19
chr16	5484000	5484999	14
chr16	5485000	5485999	0
chr16	5486000	5486999	3
chr16	5487000	5487999	4
chr16	5488000	5488999	5
chr16	5489000	5489999	2
chr16	5490000	5490999	10
chr16	5491000	5491999	11
chr16	5492000	5492999	1
chr16	5493000	5493999	2
chr16	5494000	5494999	9
chr16	5495000	5495999	3
chr16	5496000	5496999	7
chr16	5497000	5497999	1
chr16	5498000	5498999	33
chr16	5499000	5499999	9
chr16	5500000	5500999	6
chr16	5501000	5501999	9
chr16	5502000	5502999	23
chr16	5503000	5503999	8
chr16	5504000	5504999	4
chr16	5505000	5505999	18
chr16	5506000	5506999	15
chr16	5507000	5507999	12
chr16	5508000	5508999	0
chr16	5509000	5509999	0
chr16	5510000	5510999	1
chr16	5511000	5511999	9
chr16	5512000	5512999	2
chr16	5513000	5513999	23
chr16	5514000	5514999	2
chr16	5515000	5515999	19
chr16	5516000	5516999	10
chr16	5517000	5517999	8
chr16	5518000	5518999	10
chr16	5519000	5519999	6
chr16	5520000	5520999	26
chr16	5521000	5521999	6
chr16	5522000	5522999	17
chr16	5523000	5523999	0
chr16	5524000	5524999	1
chr16	5525000	5525999	0
chr16	5526000	5526999	12
chr16	5527000	5527999	11
chr16	5528000	5528999	25
chr16	5529000	5529999	13
chr16	5530000	5530999	18
chr16	5531000	5531999	13
chr16	5532000	5532999	9
chr16	5533000	5533999	10
chr16	5534000	5534999	24
chr16	5535000	5535999	11
chr16	5536000	5536999	25
chr16	5537000	5537999	13
chr16	5538000	5538999	10
chr16	5539000	5539999	28
chr16	5540000	5540999	2
chr16	5541000	5541999	11
chr16	5542000	5542999	1
chr16	5543000	5543999	2
chr16	5544000	5544999	8
chr16	5545000	5545999	8
chr16	5546000	5546999	2
chr16	5547000	5547999	27
chr16	5548000	5548999	26
chr16	5549000	5549999	11
chr16	5550000	5550999	9
chr16	5551000	5551999	28
chr16	5552000	5552999	9
chr16	5553000	5553999	19
chr16	5554000	5554999	11
chr16	5555000	5555999	26
chr16	5556000	5556999	0
chr16	5557000	5557999	0
chr16	5558000	5558999	0
chr16	5559000	5559999	0
chr16	5560000	5560999	0
chr16	5561000	5561999	0
chr16	5562000	5562999	0
chr16	5563000	5563999	10
chr16	5564000	5564999	17
chr16	5565000	5565999	0
chr16	5566000	5566999	3
chr16	5567000	5567999	3
chr16	5568000	5568999	0
chr16	5569000	5569999	18
chr16	5570000	5570999	10
chr16	5571000	5571999	8
chr16	5572000	5572999	15
chr16	5573000	5573999	32
chr16	5574000	5574999	13
chr16	5575000	5575999	17
chr16	5576000	5576999	3
chr16	5577000	5577999	18
chr16	5578000	5578999	5
chr16	5579000	5579999	16
chr16	5580000	5580999	17
chr16	5581000	5581999	8
chr16	5582000	5582999	7
chr16	5583000	5583999	23
chr16	5584000	5584999	20
chr16	5585000	5585999	16
chr16	5586000	5586999	9
chr16	5587000	5587999	11
chr16	5588000	5588999	3
chr16	5589000	5589999	4
chr16	5590000	5590999	6
chr16	5591000	5591999	12
chr16	5592000	5592999	10
chr16	5593000	5593999	8
chr16	5594000	5594999	17
chr16	5595000	5595999	0
chr16	5596000	5596999	0
chr16	5597000	5597999	2
chr16	5598000	5598999	8
chr16	5599000	5599999	12
chr16	5600000	5600999	9
chr16	5601000	5601999	0
chr16	5602000	5602999	32
chr16	5603000	5603999	5
chr16	5604000	5604999	22
chr16	5605000	5605999	0
chr16	5606000	5606999	5
chr16	5607000	5607999	5
chr16	5608000	5608999	0
chr16	5609000	5609999	8
chr16	5610000	5610999	31
chr16	5611000	5611999	20
chr16	5612000	5612999	11
chr16	5613000	5613999	12
chr16	5614000	5614999	19
chr16	5615000	5615999	3
chr16	5616000	5616999	13
chr16	5617000	5617999	6
chr16	5618000	5618999	4
chr16	5619000	5619999	0
chr16	5620000	5620999	0
chr16	5621000	5621999	2
chr16	5622000	5622999	2
chr16	5623000	5623999	2
chr16	5624000	5624999	14
chr16	5625000	5625999	6
chr16	5626000	5626999	9
chr16	5627000	5627999	13
chr16	5628000	5628999	13
chr16	5629000	5629999	11
chr16	5630000	5630999	23
chr16	5631000	5631999	3
chr16	5632000	5632999	0
chr16	5633000	5633999	14
chr16	5634000	5634999	2
chr16	5635000	5635999	0
chr16	5636000	5636999	11
chr16	5637000	5637999	7
chr16	5638000	5638999	15
chr16	5639000	5639999	2
chr16	5640000	5640999	11
chr16	5641000	5641999	3
chr16	5642000	5642999	0
chr16	5643000	5643999	0
chr16	5644000	5644999	0
chr16	5645000	5645999	31
chr16	5646000	5646999	0
chr16	5647000	5647999	8
chr16	5648000	5648999	0
chr16	5649000	5649999	0
chr16	5650000	5650999	13
chr16	5651000	5651999	13
chr16	5652000	5652999	2
chr16	5653000	5653999	0
chr16	5654000	5654999	10
chr16	5655000	5655999	13
chr16	5656000	5656999	18
chr16	5657000	5657999	12
chr16	5658000	5658999	14
chr16	5659000	5659999	16
chr16	5660000	5660999	22
chr16	5661000	5661999	33
chr16	5662000	5662999	35
chr16	5663000	5663999	33
chr16	5664000	5664999	13
chr16	5665000	5665999	13
chr16	5666000	5666999	4
chr16	5667000	5667999	16
chr16	5668000	5668999	32
chr16	5669000	5669999	0
chr16	5670000	5670999	28
chr16	5671000	5671999	18
chr16	5672000	5672999	30
chr16	5673000	5673999	56
chr16	5674000	5674999	19
chr16	5675000	5675999	2
chr16	5676000	5676999	12
chr16	5677000	5677999	19
chr16	5678000	5678999	16
chr16	5679000	5679999	19
chr16	5680000	5680999	4
chr16	5681000	5681999	1
chr16	5682000	5682999	11
chr16	5683000	5683999	10
chr16	5684000	5684999	14
chr16	5685000	5685999	0
chr16	5686000	5686999	10
chr16	5687000	5687999	5
chr16	5688000	5688999	22
chr16	5689000	5689999	12
chr16	5690000	5690999	14
chr16	5691000	5691999	1
chr16	5692000	5692999	19
chr16	5693000	5693999	0
chr16	5694000	5694999	8
chr16	5695000	5695999	0
chr16	5696000	5696999	17
chr16	5697000	5697999	10
chr16	5698000	5698999	14
chr16	5699000	5699999	11
chr16	5700000	5700999	15
chr16	5701000	5701999	1
chr16	5702000	5702999	9
chr16	5703000	5703999	0
chr16	5704000	5704999	2
chr16	5705000	5705999	0
chr16	5706000	5706999	5
chr16	5707000	5707999	3
chr16	5708000	5708999	6
chr16	5709000	5709999	27
chr16	5710000	5710999	13
chr16	5711000	5711999	15
chr16	5712000	5712999	0
chr16	5713000	5713999	3
chr16	5714000	5714999	14
chr16	5715000	5715999	23
chr16	5716000	5716999	17
chr16	5717000	5717999	0
chr16	5718000	5718999	10
chr16	5719000	5719999	14
chr16	5720000	5720999	29
chr16	5721000	5721999	3
chr16	5722000	5722999	5
chr16	5723000	5723999	3
chr16	5724000	5724999	6
chr16	5725000	5725999	0
chr16	5726000	5726999	6
chr16	5727000	5727999	15
chr16	5728000	5728999	28
chr16	5729000	5729999	0
chr16	5730000	5730999	4
chr16	5731000	5731999	10
chr16	5732000	5732999	6
chr16	5733000	5733999	2
chr16	5734000	5734999	6
chr16	5735000	5735999	11
chr16	5736000	5736999	0
chr16	5737000	5737999	18
chr16	5738000	5738999	16
chr16	5739000	5739999	5
chr16	5740000	5740999	5
chr16	5741000	5741999	8
chr16	5742000	5742999	23
chr16	5743000	5743999	8
chr16	5744000	5744999	8
chr16	5745000	5745999	0
chr16	5746000	5746999	12
chr16	5747000	5747999	10
chr16	5748000	5748999	12
chr16	5749000	5749999	0
chr16	5750000	5750999	13
chr16	5751000	5751999	2
chr16	5752000	5752999	6
chr16	5753000	5753999	16
chr16	5754000	5754999	2
chr16	5755000	5755999	1
chr16	5756000	5756999	0
chr16	5757000	5757999	17
chr16	5758000	5758999	26
chr16	5759000	5759999	10
chr16	5760000	5760999	0
chr16	5761000	5761999	9
chr16	5762000	5762999	11
chr16	5763000	5763999	2
chr16	5764000	5764999	8
chr16	5765000	5765999	14
chr16	5766000	5766999	12
chr16	5767000	5767999	0
chr16	5768000	5768999	8
chr16	5769000	5769999	0
chr16	5770000	5770999	17
chr16	5771000	5771999	13
chr16	5772000	5772999	7
chr16	5773000	5773999	19
chr16	5774000	5774999	10
chr16	5775000	5775999	33
chr16	5776000	5776999	31
chr16	5777000	5777999	16
chr16	5778000	5778999	5
chr16	5779000	5779999	40
chr16	5780000	5780999	18
chr16	5781000	5781999	21
chr16	5782000	5782999	29
chr16	5783000	5783999	0
chr16	5784000	5784999	0
chr16	5785000	5785999	0
chr16	5786000	5786999	5
chr16	5787000	5787999	0
chr16	5788000	5788999	3
chr16	5789000	5789999	5
chr16	5790000	5790999	11
chr16	5791000	5791999	3
chr16	5792000	5792999	1
chr16	5793000	5793999	29
chr16	5794000	5794999	9
chr16	5795000	5795999	0
chr16	5796000	5796999	22
chr16	5797000	5797999	1
chr16	5798000	5798999	33
chr16	5799000	5799999	16
chr16	5800000	5800999	5
chr16	5801000	5801999	10
chr16	5802000	5802999	5
chr16	5803000	5803999	0
chr16	5804000	5804999	4
chr16	5805000	5805999	2
chr16	5806000	5806999	8
chr16	5807000	5807999	3
chr16	5808000	5808999	6
chr16	5809000	5809999	11
chr16	5810000	5810999	10
chr16	5811000	5811999	0
chr16	5812000	5812999	19
chr16	5813000	5813999	21
chr16	5814000	5814999	7
chr16	5815000	5815999	0
chr16	5816000	5816999	0
chr16	5817000	5817999	1
chr16	5818000	5818999	25
chr16	5819000	5819999	19
chr16	5820000	5820999	2
chr16	5821000	5821999	0
chr16	5822000	5822999	2
chr16	5823000	5823999	8
chr16	5824000	5824999	13
chr16	5825000	5825999	24
chr16	5826000	5826999	2
chr16	5827000	5827999	8
chr16	5828000	5828999	0
chr16	5829000	5829999	35
chr16	5830000	5830999	0
chr16	5831000	5831999	4
chr16	5832000	5832999	0
chr16	5833000	5833999	9
chr16	5834000	5834999	15
chr16	5835000	5835999	13
chr16	5836000	5836999	10
chr16	5837000	5837999	17
chr16	5838000	5838999	0
chr16	5839000	5839999	0
chr16	5840000	5840999	8
chr16	5841000	5841999	0
chr16	5842000	5842999	9
chr16	5843000	5843999	17
chr16	5844000	5844999	9
chr16	5845000	5845999	5
chr16	5846000	5846999	5
chr16	5847000	5847999	6
chr16	5848000	5848999	13
chr16	5849000	5849999	15
chr16	5850000	5850999	1
chr16	5851000	5851999	7
chr16	5852000	5852999	13
chr16	5853000	5853999	28
chr16	5854000	5854999	41
chr16	5855000	5855999	28
chr16	5856000	5856999	14
chr16	5857000	5857999	26
chr16	5858000	5858999	12
chr16	5859000	5859999	0
chr16	5860000	5860999	0
chr16	5861000	5861999	0
chr16	5862000	5862999	11
chr16	5863000	5863999	1
chr16	5864000	5864999	6
chr16	5865000	5865999	8
chr16	5866000	5866999	24
chr16	5867000	5867999	15
chr16	5868000	5868999	9
chr16	5869000	5869999	10
chr16	5870000	5870999	24
chr16	5871000	5871999	22
chr16	5872000	5872999	25
chr16	5873000	5873999	4
chr16	5874000	5874999	18
chr16	5875000	5875999	7
chr16	5876000	5876999	34
chr16	5877000	5877999	12
chr16	5878000	5878999	0
chr16	5879000	5879999	0
chr16	5880000	5880999	1
chr16	5881000	5881999	8
chr16	5882000	5882999	2
chr16	5883000	5883999	19
chr16	5884000	5884999	1
chr16	5885000	5885999	5
chr16	5886000	5886999	15
chr16	5887000	5887999	12
chr16	5888000	5888999	37
chr16	5889000	5889999	2
chr16	5890000	5890999	8
chr16	5891000	5891999	3
chr16	5892000	5892999	20
chr16	5893000	5893999	5
chr16	5894000	5894999	21
chr16	5895000	5895999	18
chr16	5896000	5896999	1
chr16	5897000	5897999	3
chr16	5898000	5898999	1
chr16	5899000	5899999	5
chr16	5900000	5900999	0
chr16	5901000	5901999	1
chr16	5902000	5902999	1
chr16	5903000	5903999	7
chr16	5904000	5904999	13
chr16	5905000	5905999	1
chr16	5906000	5906999	9
chr16	5907000	5907999	29
chr16	5908000	5908999	3
chr16	5909000	5909999	11
chr16	5910000	5910999	18
chr16	5911000	5911999	14
chr16	5912000	5912999	7
chr16	5913000	5913999	5
chr16	5914000	5914999	4
chr16	5915000	5915999	0
chr16	5916000	5916999	0
chr16	5917000	5917999	18
chr16	5918000	5918999	1
chr16	5919000	5919999	0
chr16	5920000	5920999	0
chr16	5921000	5921999	16
chr16	5922000	5922999	23
chr16	5923000	5923999	10
chr16	5924000	5924999	11
chr16	5925000	5925999	7
chr16	5926000	5926999	1
chr16	5927000	5927999	6
chr16	5928000	5928999	13
chr16	5929000	5929999	0
chr16	5930000	5930999	4
chr16	5931000	5931999	25
chr16	5932000	5932999	5
chr16	5933000	5933999	8
chr16	5934000	5934999	11
chr16	5935000	5935999	16
chr16	5936000	5936999	22
chr16	5937000	5937999	15
chr16	5938000	5938999	1
chr16	5939000	5939999	5
chr16	5940000	5940999	6
chr16	5941000	5941999	21
chr16	5942000	5942999	9
chr16	5943000	5943999	0
chr16	5944000	5944999	1
chr16	5945000	5945999	11
chr16	5946000	5946999	0
chr16	5947000	5947999	0
chr16	5948000	5948999	0
chr16	5949000	5949999	14
chr16	5950000	5950999	2
chr16	5951000	5951999	11
chr16	5952000	5952999	15
chr16	5953000	5953999	11
chr16	5954000	5954999	5
chr16	5955000	5955999	17
chr16	5956000	5956999	19
chr16	5957000	5957999	14
chr16	5958000	5958999	21
chr16	5959000	5959999	8
chr16	5960000	5960999	0
chr16	5961000	5961999	3
chr16	5962000	5962999	5
chr16	5963000	5963999	18
chr16	5964000	5964999	18
chr16	5965000	5965999	8
chr16	5966000	5966999	2
chr16	5967000	5967999	4
chr16	5968000	5968999	8
chr16	5969000	5969999	3
chr16	5970000	5970999	13
chr16	5971000	5971999	3
chr16	5972000	5972999	0
chr16	5973000	5973999	0
chr16	5974000	5974999	11
chr16	5975000	5975999	13
chr16	5976000	5976999	16
chr16	5977000	5977999	16
chr16	5978000	5978999	3
chr16	5979000	5979999	21
chr16	5980000	5980999	15
chr16	5981000	5981999	8
chr16	5982000	5982999	19
chr16	5983000	5983999	2
chr16	5984000	5984999	11
chr16	5985000	5985999	0
chr16	5986000	5986999	5
chr16	5987000	5987999	12
chr16	5988000	5988999	8
chr16	5989000	5989999	0
chr16	5990000	5990999	18
chr16	5991000	5991999	11
chr16	5992000	5992999	17
chr16	5993000	5993999	7
chr16	5994000	5994999	9
chr16	5995000	5995999	26
chr16	5996000	5996999	2
chr16	5997000	5997999	0
chr16	5998000	5998999	0
chr16	5999000	5999999	5
chr16	6000000	6000999	2
chr16	6001000	6001999	0
chr16	6002000	6002999	15
chr16	6003000	6003999	0
chr16	6004000	6004999	2
chr16	6005000	6005999	3
chr16	6006000	6006999	1
chr16	6007000	6007999	13
chr16	6008000	6008999	6
chr16	6009000	6009999	0
chr16	6010000	6010999	3
chr16	6011000	6011999	0
chr16	6012000	6012999	9
chr16	6013000	6013999	14
chr16	6014000	6014999	1
chr16	6015000	6015999	3
chr16	6016000	6016999	6
chr16	6017000	6017999	1
chr16	6018000	6018999	32
chr16	6019000	6019999	2
chr16	6020000	6020999	9
chr16	6021000	6021999	2
chr16	6022000	6022999	34
chr16	6023000	6023999	7
chr16	6024000	6024999	3
chr16	6025000	6025999	0
chr16	6026000	6026999	24
chr16	6027000	6027999	0
chr16	6028000	6028999	11
chr16	6029000	6029999	3
chr16	6030000	6030999	4
chr16	6031000	6031999	7
chr16	6032000	6032999	1
chr16	6033000	6033999	5
chr16	6034000	6034999	5
chr16	6035000	6035999	42
chr16	6036000	6036999	26
chr16	6037000	6037999	15
chr16	6038000	6038999	11
chr16	6039000	6039999	24
chr16	6040000	6040999	4
chr16	6041000	6041999	6
chr16	6042000	6042999	13
chr16	6043000	6043999	7
chr16	6044000	6044999	5
chr16	6045000	6045999	11
chr16	6046000	6046999	14
chr16	6047000	6047999	13
chr16	6048000	6048999	4
chr16	6049000	6049999	6
chr16	6050000	6050999	24
chr16	6051000	6051999	10
chr16	6052000	6052999	13
chr16	6053000	6053999	11
chr16	6054000	6054999	26
chr16	6055000	6055999	1
chr16	6056000	6056999	0
chr16	6057000	6057999	24
chr16	6058000	6058999	1
chr16	6059000	6059999	2
chr16	6060000	6060999	17
chr16	6061000	6061999	2
chr16	6062000	6062999	13
chr16	6063000	6063999	12
chr16	6064000	6064999	10
chr16	6065000	6065999	2
chr16	6066000	6066999	0
chr16	6067000	6067999	8
chr16	6068000	6068999	6
chr16	6069000	6069999	3
chr16	6070000	6070999	4
chr16	6071000	6071999	16
chr16	6072000	6072999	8
chr16	6073000	6073999	4
chr16	6074000	6074999	23
chr16	6075000	6075999	17
chr16	6076000	6076999	37
chr16	6077000	6077999	13
chr16	6078000	6078999	21
chr16	6079000	6079999	16
chr16	6080000	6080999	11
chr16	6081000	6081999	15
chr16	6082000	6082999	7
chr16	6083000	6083999	22
chr16	6084000	6084999	0
chr16	6085000	6085999	10
chr16	6086000	6086999	7
chr16	6087000	6087999	9
chr16	6088000	6088999	53
chr16	6089000	6089999	18
chr16	6090000	6090999	12
chr16	6091000	6091999	14
chr16	6092000	6092999	25
chr16	6093000	6093999	18
chr16	6094000	6094999	18
chr16	6095000	6095999	26
chr16	6096000	6096999	14
chr16	6097000	6097999	2
chr16	6098000	6098999	12
chr16	6099000	6099999	11
chr16	6100000	6100999	0
chr16	6101000	6101999	27
chr16	6102000	6102999	11
chr16	6103000	6103999	20
chr16	6104000	6104999	7
chr16	6105000	6105999	20
chr16	6106000	6106999	3
chr16	6107000	6107999	0
chr16	6108000	6108999	4
chr16	6109000	6109999	0
chr16	6110000	6110999	0
chr16	6111000	6111999	8
chr16	6112000	6112999	11
chr16	6113000	6113999	22
chr16	6114000	6114999	1
chr16	6115000	6115999	14
chr16	6116000	6116999	4
chr16	6117000	6117999	21
chr16	6118000	6118999	3
chr16	6119000	6119999	34
chr16	6120000	6120999	3
chr16	6121000	6121999	14
chr16	6122000	6122999	22
chr16	6123000	6123999	2
chr16	6124000	6124999	5
chr16	6125000	6125999	5
chr16	6126000	6126999	6
chr16	6127000	6127999	7
chr16	6128000	6128999	0
chr16	6129000	6129999	3
chr16	6130000	6130999	0
chr16	6131000	6131999	0
chr16	6132000	6132999	19
chr16	6133000	6133999	0
chr16	6134000	6134999	9
chr16	6135000	6135999	12
chr16	6136000	6136999	2
chr16	6137000	6137999	0
chr16	6138000	6138999	13
chr16	6139000	6139999	14
chr16	6140000	6140999	7
chr16	6141000	6141999	6
chr16	6142000	6142999	4
chr16	6143000	6143999	31
chr16	6144000	6144999	8
chr16	6145000	6145999	10
chr16	6146000	6146999	8
chr16	6147000	6147999	11
chr16	6148000	6148999	2
chr16	6149000	6149999	8
chr16	6150000	6150999	38
chr16	6151000	6151999	1
chr16	6152000	6152999	26
chr16	6153000	6153999	18
chr16	6154000	6154999	0
chr16	6155000	6155999	32
chr16	6156000	6156999	25
chr16	6157000	6157999	6
chr16	6158000	6158999	10
chr16	6159000	6159999	13
chr16	6160000	6160999	10
chr16	6161000	6161999	5
chr16	6162000	6162999	8
chr16	6163000	6163999	12
chr16	6164000	6164999	5
chr16	6165000	6165999	4
chr16	6166000	6166999	0
chr16	6167000	6167999	8
chr16	6168000	6168999	0
chr16	6169000	6169999	20
chr16	6170000	6170999	0
chr16	6171000	6171999	9
chr16	6172000	6172999	3
chr16	6173000	6173999	8
chr16	6174000	6174999	15
chr16	6175000	6175999	10
chr16	6176000	6176999	2
chr16	6177000	6177999	1
chr16	6178000	6178999	4
chr16	6179000	6179999	16
chr16	6180000	6180999	13
chr16	6181000	6181999	16
chr16	6182000	6182999	9
chr16	6183000	6183999	17
chr16	6184000	6184999	3
chr16	6185000	6185999	5
chr16	6186000	6186999	0
chr16	6187000	6187999	8
chr16	6188000	6188999	4
chr16	6189000	6189999	30
chr16	6190000	6190999	1
chr16	6191000	6191999	15
chr16	6192000	6192999	36
chr16	6193000	6193999	11
chr16	6194000	6194999	25
chr16	6195000	6195999	11
chr16	6196000	6196999	8
chr16	6197000	6197999	9
chr16	6198000	6198999	6
chr16	6199000	6199999	0
chr16	6200000	6200999	11
chr16	6201000	6201999	0
chr16	6202000	6202999	13
chr16	6203000	6203999	40
chr16	6204000	6204999	10
chr16	6205000	6205999	0
chr16	6206000	6206999	17
chr16	6207000	6207999	3
chr16	6208000	6208999	1
chr16	6209000	6209999	26
chr16	6210000	6210999	22
chr16	6211000	6211999	16
chr16	6212000	6212999	23
chr16	6213000	6213999	6
chr16	6214000	6214999	17
chr16	6215000	6215999	6
chr16	6216000	6216999	17
chr16	6217000	6217999	3
chr16	6218000	6218999	4
chr16	6219000	6219999	2
chr16	6220000	6220999	0
chr16	6221000	6221999	4
chr16	6222000	6222999	8
chr16	6223000	6223999	15
chr16	6224000	6224999	0
chr16	6225000	6225999	23
chr16	6226000	6226999	4
chr16	6227000	6227999	6
chr16	6228000	6228999	7
chr16	6229000	6229999	33
chr16	6230000	6230999	5
chr16	6231000	6231999	17
chr16	6232000	6232999	1
chr16	6233000	6233999	15
chr16	6234000	6234999	0
chr16	6235000	6235999	7
chr16	6236000	6236999	3
chr16	6237000	6237999	20
chr16	6238000	6238999	12
chr16	6239000	6239999	12
chr16	6240000	6240999	18
chr16	6241000	6241999	19
chr16	6242000	6242999	27
chr16	6243000	6243999	7
chr16	6244000	6244999	9
chr16	6245000	6245999	9
chr16	6246000	6246999	0
chr16	6247000	6247999	4
chr16	6248000	6248999	25
chr16	6249000	6249999	16
chr16	6250000	6250999	0
chr16	6251000	6251999	0
chr16	6252000	6252999	1
chr16	6253000	6253999	3
chr16	6254000	6254999	0
chr16	6255000	6255999	0
chr16	6256000	6256999	0
chr16	6257000	6257999	0
chr16	6258000	6258999	0
chr16	6259000	6259999	12
chr16	6260000	6260999	0
chr16	6261000	6261999	2
chr16	6262000	6262999	36
chr16	6263000	6263999	17
chr16	6264000	6264999	32
chr16	6265000	6265999	0
chr16	6266000	6266999	7
chr16	6267000	6267999	6
chr16	6268000	6268999	1
chr16	6269000	6269999	10
chr16	6270000	6270999	17
chr16	6271000	6271999	12
chr16	6272000	6272999	15
chr16	6273000	6273999	19
chr16	6274000	6274999	7
chr16	6275000	6275999	13
chr16	6276000	6276999	19
chr16	6277000	6277999	11
chr16	6278000	6278999	18
chr16	6279000	6279999	13
chr16	6280000	6280999	0
chr16	6281000	6281999	3
chr16	6282000	6282999	11
chr16	6283000	6283999	15
chr16	6284000	6284999	10
chr16	6285000	6285999	14
chr16	6286000	6286999	23
chr16	6287000	6287999	14
chr16	6288000	6288999	0
chr16	6289000	6289999	0
chr16	6290000	6290999	0
chr16	6291000	6291999	23
chr16	6292000	6292999	2
chr16	6293000	6293999	9
chr16	6294000	6294999	19
chr16	6295000	6295999	24
chr16	6296000	6296999	8
chr16	6297000	6297999	15
chr16	6298000	6298999	0
chr16	6299000	6299999	12
chr16	6300000	6300999	27
chr16	6301000	6301999	0
chr16	6302000	6302999	21
chr16	6303000	6303999	15
chr16	6304000	6304999	19
chr16	6305000	6305999	5
chr16	6306000	6306999	0
chr16	6307000	6307999	5
chr16	6308000	6308999	6
chr16	6309000	6309999	15
chr16	6310000	6310999	14
chr16	6311000	6311999	0
chr16	6312000	6312999	2
chr16	6313000	6313999	14
chr16	6314000	6314999	20
chr16	6315000	6315999	3
chr16	6316000	6316999	5
chr16	6317000	6317999	0
chr16	6318000	6318999	7
chr16	6319000	6319999	6
chr16	6320000	6320999	11
chr16	6321000	6321999	24
chr16	6322000	6322999	9
chr16	6323000	6323999	9
chr16	6324000	6324999	2
chr16	6325000	6325999	4
chr16	6326000	6326999	14
chr16	6327000	6327999	25
chr16	6328000	6328999	20
chr16	6329000	6329999	0
chr16	6330000	6330999	41
chr16	6331000	6331999	0
chr16	6332000	6332999	22
chr16	6333000	6333999	0
chr16	6334000	6334999	21
chr16	6335000	6335999	3
chr16	6336000	6336999	3
chr16	6337000	6337999	18
chr16	6338000	6338999	5
chr16	6339000	6339999	29
chr16	6340000	6340999	0
chr16	6341000	6341999	14
chr16	6342000	6342999	8
chr16	6343000	6343999	24
chr16	6344000	6344999	5
chr16	6345000	6345999	3
chr16	6346000	6346999	29
chr16	6347000	6347999	4
chr16	6348000	6348999	2
chr16	6349000	6349999	13
chr16	6350000	6350999	19
chr16	6351000	6351999	12
chr16	6352000	6352999	23
chr16	6353000	6353999	20
chr16	6354000	6354999	0
chr16	6355000	6355999	19
chr16	6356000	6356999	5
chr16	6357000	6357999	17
chr16	6358000	6358999	4
chr16	6359000	6359999	4
chr16	6360000	6360999	12
chr16	6361000	6361999	0
chr16	6362000	6362999	1
chr16	6363000	6363999	4
chr16	6364000	6364999	21
chr16	6365000	6365999	4
chr16	6366000	6366999	22
chr16	6367000	6367999	15
chr16	6368000	6368999	9
chr16	6369000	6369999	19
chr16	6370000	6370999	8
chr16	6371000	6371999	6
chr16	6372000	6372999	10
chr16	6373000	6373999	24
chr16	6374000	6374999	7
chr16	6375000	6375999	2
chr16	6376000	6376999	4
chr16	6377000	6377999	14
chr16	6378000	6378999	22
chr16	6379000	6379999	0
chr16	6380000	6380999	11
chr16	6381000	6381999	47
chr16	6382000	6382999	2
chr16	6383000	6383999	14
chr16	6384000	6384999	5
chr16	6385000	6385999	0
chr16	6386000	6386999	11
chr16	6387000	6387999	0
chr16	6388000	6388999	19
chr16	6389000	6389999	2
chr16	6390000	6390999	0
chr16	6391000	6391999	16
chr16	6392000	6392999	2
chr16	6393000	6393999	0
chr16	6394000	6394999	0
chr16	6395000	6395999	2
chr16	6396000	6396999	3
chr16	6397000	6397999	27
chr16	6398000	6398999	4
chr16	6399000	6399999	20
chr16	6400000	6400999	22
chr16	6401000	6401999	12
chr16	6402000	6402999	15
chr16	6403000	6403999	4
chr16	6404000	6404999	17
chr16	6405000	6405999	10
chr16	6406000	6406999	9
chr16	6407000	6407999	3
chr16	6408000	6408999	5
chr16	6409000	6409999	27
chr16	6410000	6410999	8
chr16	6411000	6411999	2
chr16	6412000	6412999	6
chr16	6413000	6413999	0
chr16	6414000	6414999	6
chr16	6415000	6415999	10
chr16	6416000	6416999	5
chr16	6417000	6417999	26
chr16	6418000	6418999	20
chr16	6419000	6419999	1
chr16	6420000	6420999	41
chr16	6421000	6421999	6
chr16	6422000	6422999	16
chr16	6423000	6423999	24
chr16	6424000	6424999	1
chr16	6425000	6425999	18
chr16	6426000	6426999	2
chr16	6427000	6427999	13
chr16	6428000	6428999	0
chr16	6429000	6429999	0
chr16	6430000	6430999	15
chr16	6431000	6431999	22
chr16	6432000	6432999	4
chr16	6433000	6433999	7
chr16	6434000	6434999	30
chr16	6435000	6435999	7
chr16	6436000	6436999	10
chr16	6437000	6437999	0
chr16	6438000	6438999	6
chr16	6439000	6439999	11
chr16	6440000	6440999	9
chr16	6441000	6441999	3
chr16	6442000	6442999	10
chr16	6443000	6443999	0
chr16	6444000	6444999	11
chr16	6445000	6445999	0
chr16	6446000	6446999	0
chr16	6447000	6447999	24
chr16	6448000	6448999	13
chr16	6449000	6449999	0
chr16	6450000	6450999	13
chr16	6451000	6451999	2
chr16	6452000	6452999	26
chr16	6453000	6453999	8
chr16	6454000	6454999	7
chr16	6455000	6455999	17
chr16	6456000	6456999	0
chr16	6457000	6457999	12
chr16	6458000	6458999	0
chr16	6459000	6459999	4
chr16	6460000	6460999	1
chr16	6461000	6461999	0
chr16	6462000	6462999	5
chr16	6463000	6463999	32
chr16	6464000	6464999	0
chr16	6465000	6465999	5
chr16	6466000	6466999	5
chr16	6467000	6467999	0
chr16	6468000	6468999	6
chr16	6469000	6469999	15
chr16	6470000	6470999	18
chr16	6471000	6471999	5
chr16	6472000	6472999	4
chr16	6473000	6473999	8
chr16	6474000	6474999	3
chr16	6475000	6475999	4
chr16	6476000	6476999	15
chr16	6477000	6477999	14
chr16	6478000	6478999	18
chr16	6479000	6479999	8
chr16	6480000	6480999	20
chr16	6481000	6481999	10
chr16	6482000	6482999	19
chr16	6483000	6483999	16
chr16	6484000	6484999	6
chr16	6485000	6485999	6
chr16	6486000	6486999	6
chr16	6487000	6487999	0
chr16	6488000	6488999	17
chr16	6489000	6489999	4
chr16	6490000	6490999	0
chr16	6491000	6491999	6
chr16	6492000	6492999	2
chr16	6493000	6493999	9
chr16	6494000	6494999	4
chr16	6495000	6495999	5
chr16	6496000	6496999	0
chr16	6497000	6497999	3
chr16	6498000	6498999	10
chr16	6499000	6499999	5
chr16	6500000	6500999	7
chr16	6501000	6501999	11
chr16	6502000	6502999	42
chr16	6503000	6503999	15
chr16	6504000	6504999	15
chr16	6505000	6505999	2
chr16	6506000	6506999	0
chr16	6507000	6507999	8
chr16	6508000	6508999	10
chr16	6509000	6509999	15
chr16	6510000	6510999	12
chr16	6511000	6511999	3
chr16	6512000	6512999	5
chr16	6513000	6513999	7
chr16	6514000	6514999	2
chr16	6515000	6515999	8
chr16	6516000	6516999	23
chr16	6517000	6517999	7
chr16	6518000	6518999	10
chr16	6519000	6519999	9
chr16	6520000	6520999	4
chr16	6521000	6521999	10
chr16	6522000	6522999	12
chr16	6523000	6523999	0
chr16	6524000	6524999	20
chr16	6525000	6525999	9
chr16	6526000	6526999	13
chr16	6527000	6527999	16
chr16	6528000	6528999	16
chr16	6529000	6529999	6
chr16	6530000	6530999	40
chr16	6531000	6531999	0
chr16	6532000	6532999	18
chr16	6533000	6533999	4
chr16	6534000	6534999	22
chr16	6535000	6535999	11
chr16	6536000	6536999	3
chr16	6537000	6537999	5
chr16	6538000	6538999	12
chr16	6539000	6539999	15
chr16	6540000	6540999	12
chr16	6541000	6541999	24
chr16	6542000	6542999	0
chr16	6543000	6543999	22
chr16	6544000	6544999	0
chr16	6545000	6545999	8
chr16	6546000	6546999	0
chr16	6547000	6547999	16
chr16	6548000	6548999	0
chr16	6549000	6549999	6
chr16	6550000	6550999	3
chr16	6551000	6551999	11
chr16	6552000	6552999	15
chr16	6553000	6553999	9
chr16	6554000	6554999	29
chr16	6555000	6555999	0
chr16	6556000	6556999	7
chr16	6557000	6557999	20
chr16	6558000	6558999	3
chr16	6559000	6559999	10
chr16	6560000	6560999	8
chr16	6561000	6561999	3
chr16	6562000	6562999	0
chr16	6563000	6563999	3
chr16	6564000	6564999	0
chr16	6565000	6565999	9
chr16	6566000	6566999	0
chr16	6567000	6567999	4
chr16	6568000	6568999	2
chr16	6569000	6569999	32
chr16	6570000	6570999	0
chr16	6571000	6571999	6
chr16	6572000	6572999	29
chr16	6573000	6573999	18
chr16	6574000	6574999	8
chr16	6575000	6575999	2
chr16	6576000	6576999	0
chr16	6577000	6577999	9
chr16	6578000	6578999	0
chr16	6579000	6579999	30
chr16	6580000	6580999	0
chr16	6581000	6581999	16
chr16	6582000	6582999	2
chr16	6583000	6583999	5
chr16	6584000	6584999	0
chr16	6585000	6585999	15
chr16	6586000	6586999	10
chr16	6587000	6587999	1
chr16	6588000	6588999	8
chr16	6589000	6589999	14
chr16	6590000	6590999	3
chr16	6591000	6591999	9
chr16	6592000	6592999	0
chr16	6593000	6593999	12
chr16	6594000	6594999	4
chr16	6595000	6595999	5
chr16	6596000	6596999	4
chr16	6597000	6597999	1
chr16	6598000	6598999	0
chr16	6599000	6599999	7
chr16	6600000	6600999	8
chr16	6601000	6601999	15
chr16	6602000	6602999	1
chr16	6603000	6603999	7
chr16	6604000	6604999	0
chr16	6605000	6605999	0
chr16	6606000	6606999	7
chr16	6607000	6607999	0
chr16	6608000	6608999	4
chr16	6609000	6609999	3
chr16	6610000	6610999	15
chr16	6611000	6611999	4
chr16	6612000	6612999	11
chr16	6613000	6613999	7
chr16	6614000	6614999	0
chr16	6615000	6615999	0
chr16	6616000	6616999	6
chr16	6617000	6617999	27
chr16	6618000	6618999	8
chr16	6619000	6619999	10
chr16	6620000	6620999	4
chr16	6621000	6621999	10
chr16	6622000	6622999	20
chr16	6623000	6623999	4
chr16	6624000	6624999	18
chr16	6625000	6625999	1
chr16	6626000	6626999	10
chr16	6627000	6627999	20
chr16	6628000	6628999	12
chr16	6629000	6629999	4
chr16	6630000	6630999	16
chr16	6631000	6631999	3
chr16	6632000	6632999	5
chr16	6633000	6633999	6
chr16	6634000	6634999	21
chr16	6635000	6635999	11
chr16	6636000	6636999	5
chr16	6637000	6637999	14
chr16	6638000	6638999	16
chr16	6639000	6639999	13
chr16	6640000	6640999	0
chr16	6641000	6641999	14
chr16	6642000	6642999	23
chr16	6643000	6643999	2
chr16	6644000	6644999	18
chr16	6645000	6645999	44
chr16	6646000	6646999	19
chr16	6647000	6647999	11
chr16	6648000	6648999	2
chr16	6649000	6649999	47
chr16	6650000	6650999	3
chr16	6651000	6651999	0
chr16	6652000	6652999	3
chr16	6653000	6653999	16
chr16	6654000	6654999	6
chr16	6655000	6655999	5
chr16	6656000	6656999	3
chr16	6657000	6657999	5
chr16	6658000	6658999	18
chr16	6659000	6659999	0
chr16	6660000	6660999	0
chr16	6661000	6661999	0
chr16	6662000	6662999	2
chr16	6663000	6663999	0
chr16	6664000	6664999	23
chr16	6665000	6665999	7
chr16	6666000	6666999	13
chr16	6667000	6667999	13
chr16	6668000	6668999	14
chr16	6669000	6669999	7
chr16	6670000	6670999	11
chr16	6671000	6671999	7
chr16	6672000	6672999	14
chr16	6673000	6673999	25
chr16	6674000	6674999	33
chr16	6675000	6675999	5
chr16	6676000	6676999	22
chr16	6677000	6677999	15
chr16	6678000	6678999	10
chr16	6679000	6679999	6
chr16	6680000	6680999	0
chr16	6681000	6681999	8
chr16	6682000	6682999	5
chr16	6683000	6683999	0
chr16	6684000	6684999	19
chr16	6685000	6685999	4
chr16	6686000	6686999	11
chr16	6687000	6687999	0
chr16	6688000	6688999	3
chr16	6689000	6689999	6
chr16	6690000	6690999	8
chr16	6691000	6691999	13
chr16	6692000	6692999	21
chr16	6693000	6693999	17
chr16	6694000	6694999	16
chr16	6695000	6695999	7
chr16	6696000	6696999	16
chr16	6697000	6697999	10
chr16	6698000	6698999	23
chr16	6699000	6699999	0
chr16	6700000	6700999	0
chr16	6701000	6701999	0
chr16	6702000	6702999	0
chr16	6703000	6703999	13
chr16	6704000	6704999	6
chr16	6705000	6705999	1
chr16	6706000	6706999	9
chr16	6707000	6707999	11
chr16	6708000	6708999	9
chr16	6709000	6709999	3
chr16	6710000	6710999	0
chr16	6711000	6711999	12
chr16	6712000	6712999	15
chr16	6713000	6713999	0
chr16	6714000	6714999	12
chr16	6715000	6715999	30
chr16	6716000	6716999	9
chr16	6717000	6717999	5
chr16	6718000	6718999	0
chr16	6719000	6719999	24
chr16	6720000	6720999	0
chr16	6721000	6721999	24
chr16	6722000	6722999	5
chr16	6723000	6723999	22
chr16	6724000	6724999	12
chr16	6725000	6725999	9
chr16	6726000	6726999	21
chr16	6727000	6727999	0
chr16	6728000	6728999	13
chr16	6729000	6729999	22
chr16	6730000	6730999	6
chr16	6731000	6731999	1
chr16	6732000	6732999	9
chr16	6733000	6733999	1
chr16	6734000	6734999	27
chr16	6735000	6735999	0
chr16	6736000	6736999	6
chr16	6737000	6737999	10
chr16	6738000	6738999	9
chr16	6739000	6739999	20
chr16	6740000	6740999	23
chr16	6741000	6741999	3
chr16	6742000	6742999	0
chr16	6743000	6743999	4
chr16	6744000	6744999	10
chr16	6745000	6745999	9
chr16	6746000	6746999	13
chr16	6747000	6747999	5
chr16	6748000	6748999	1
chr16	6749000	6749999	9
chr16	6750000	6750999	41
chr16	6751000	6751999	0
chr16	6752000	6752999	6
chr16	6753000	6753999	5
chr16	6754000	6754999	4
chr16	6755000	6755999	9
chr16	6756000	6756999	19
chr16	6757000	6757999	2
chr16	6758000	6758999	17
chr16	6759000	6759999	7
chr16	6760000	6760999	5
chr16	6761000	6761999	8
chr16	6762000	6762999	7
chr16	6763000	6763999	12
chr16	6764000	6764999	14
chr16	6765000	6765999	12
chr16	6766000	6766999	9
chr16	6767000	6767999	3
chr16	6768000	6768999	8
chr16	6769000	6769999	4
chr16	6770000	6770999	29
chr16	6771000	6771999	8
chr16	6772000	6772999	4
chr16	6773000	6773999	4
chr16	6774000	6774999	2
chr16	6775000	6775999	5
chr16	6776000	6776999	15
chr16	6777000	6777999	13
chr16	6778000	6778999	24
chr16	6779000	6779999	16
chr16	6780000	6780999	28
chr16	6781000	6781999	0
chr16	6782000	6782999	8
chr16	6783000	6783999	4
chr16	6784000	6784999	10
chr16	6785000	6785999	5
chr16	6786000	6786999	3
chr16	6787000	6787999	0
chr16	6788000	6788999	24
chr16	6789000	6789999	3
chr16	6790000	6790999	4
chr16	6791000	6791999	26
chr16	6792000	6792999	9
chr16	6793000	6793999	12
chr16	6794000	6794999	11
chr16	6795000	6795999	0
chr16	6796000	6796999	0
chr16	6797000	6797999	33
chr16	6798000	6798999	9
chr16	6799000	6799999	26
chr16	6800000	6800999	22
chr16	6801000	6801999	7
chr16	6802000	6802999	23
chr16	6803000	6803999	2
chr16	6804000	6804999	5
chr16	6805000	6805999	3
chr16	6806000	6806999	8
chr16	6807000	6807999	22
chr16	6808000	6808999	30
chr16	6809000	6809999	6
chr16	6810000	6810999	13
chr16	6811000	6811999	23
chr16	6812000	6812999	0
chr16	6813000	6813999	10
chr16	6814000	6814999	0
chr16	6815000	6815999	11
chr16	6816000	6816999	10
chr16	6817000	6817999	20
chr16	6818000	6818999	4
chr16	6819000	6819999	7
chr16	6820000	6820999	11
chr16	6821000	6821999	33
chr16	6822000	6822999	14
chr16	6823000	6823999	10
chr16	6824000	6824999	10
chr16	6825000	6825999	2
chr16	6826000	6826999	7
chr16	6827000	6827999	10
chr16	6828000	6828999	0
chr16	6829000	6829999	12
chr16	6830000	6830999	7
chr16	6831000	6831999	1
chr16	6832000	6832999	20
chr16	6833000	6833999	20
chr16	6834000	6834999	32
chr16	6835000	6835999	15
chr16	6836000	6836999	30
chr16	6837000	6837999	7
chr16	6838000	6838999	9
chr16	6839000	6839999	0
chr16	6840000	6840999	12
chr16	6841000	6841999	36
chr16	6842000	6842999	13
chr16	6843000	6843999	7
chr16	6844000	6844999	0
chr16	6845000	6845999	5
chr16	6846000	6846999	4
chr16	6847000	6847999	17
chr16	6848000	6848999	13
chr16	6849000	6849999	0
chr16	6850000	6850999	4
chr16	6851000	6851999	25
chr16	6852000	6852999	0
chr16	6853000	6853999	11
chr16	6854000	6854999	0
chr16	6855000	6855999	2
chr16	6856000	6856999	6
chr16	6857000	6857999	6
chr16	6858000	6858999	50
chr16	6859000	6859999	22
chr16	6860000	6860999	24
chr16	6861000	6861999	13
chr16	6862000	6862999	3
chr16	6863000	6863999	5
chr16	6864000	6864999	0
chr16	6865000	6865999	19
chr16	6866000	6866999	9
chr16	6867000	6867999	8
chr16	6868000	6868999	6
chr16	6869000	6869999	13
chr16	6870000	6870999	12
chr16	6871000	6871999	11
chr16	6872000	6872999	7
chr16	6873000	6873999	14
chr16	6874000	6874999	0
chr16	6875000	6875999	14
chr16	6876000	6876999	1
chr16	6877000	6877999	1
chr16	6878000	6878999	18
chr16	6879000	6879999	20
chr16	6880000	6880999	16
chr16	6881000	6881999	11
chr16	6882000	6882999	4
chr16	6883000	6883999	13
chr16	6884000	6884999	8
chr16	6885000	6885999	16
chr16	6886000	6886999	0
chr16	6887000	6887999	32
chr16	6888000	6888999	0
chr16	6889000	6889999	16
chr16	6890000	6890999	3
chr16	6891000	6891999	22
chr16	6892000	6892999	13
chr16	6893000	6893999	0
chr16	6894000	6894999	14
chr16	6895000	6895999	11
chr16	6896000	6896999	6
chr16	6897000	6897999	11
chr16	6898000	6898999	5
chr16	6899000	6899999	2
chr16	6900000	6900999	11
chr16	6901000	6901999	22
chr16	6902000	6902999	8
chr16	6903000	6903999	5
chr16	6904000	6904999	11
chr16	6905000	6905999	28
chr16	6906000	6906999	17
chr16	6907000	6907999	12
chr16	6908000	6908999	4
chr16	6909000	6909999	0
chr16	6910000	6910999	0
chr16	6911000	6911999	12
chr16	6912000	6912999	5
chr16	6913000	6913999	12
chr16	6914000	6914999	18
chr16	6915000	6915999	5
chr16	6916000	6916999	0
chr16	6917000	6917999	1
chr16	6918000	6918999	5
chr16	6919000	6919999	14
chr16	6920000	6920999	14
chr16	6921000	6921999	22
chr16	6922000	6922999	4
chr16	6923000	6923999	0
chr16	6924000	6924999	0
chr16	6925000	6925999	7
chr16	6926000	6926999	14
chr16	6927000	6927999	22
chr16	6928000	6928999	16
chr16	6929000	6929999	2
chr16	6930000	6930999	13
chr16	6931000	6931999	5
chr16	6932000	6932999	0
chr16	6933000	6933999	15
chr16	6934000	6934999	19
chr16	6935000	6935999	12
chr16	6936000	6936999	11
chr16	6937000	6937999	7
chr16	6938000	6938999	10
chr16	6939000	6939999	0
chr16	6940000	6940999	2
chr16	6941000	6941999	2
chr16	6942000	6942999	8
chr16	6943000	6943999	0
chr16	6944000	6944999	9
chr16	6945000	6945999	0
chr16	6946000	6946999	0
chr16	6947000	6947999	20
chr16	6948000	6948999	11
chr16	6949000	6949999	8
chr16	6950000	6950999	21
chr16	6951000	6951999	24
chr16	6952000	6952999	10
chr16	6953000	6953999	24
chr16	6954000	6954999	0
chr16	6955000	6955999	24
chr16	6956000	6956999	10
chr16	6957000	6957999	7
chr16	6958000	6958999	0
chr16	6959000	6959999	4
chr16	6960000	6960999	6
chr16	6961000	6961999	0
chr16	6962000	6962999	16
chr16	6963000	6963999	3
chr16	6964000	6964999	7
chr16	6965000	6965999	4
chr16	6966000	6966999	1
chr16	6967000	6967999	8
chr16	6968000	6968999	5
chr16	6969000	6969999	10
chr16	6970000	6970999	5
chr16	6971000	6971999	11
chr16	6972000	6972999	5
chr16	6973000	6973999	26
chr16	6974000	6974999	25
chr16	6975000	6975999	14
chr16	6976000	6976999	30
chr16	6977000	6977999	9
chr16	6978000	6978999	11
chr16	6979000	6979999	9
chr16	6980000	6980999	8
chr16	6981000	6981999	3
chr16	6982000	6982999	6
chr16	6983000	6983999	30
chr16	6984000	6984999	25
chr16	6985000	6985999	0
chr16	6986000	6986999	26
chr16	6987000	6987999	7
chr16	6988000	6988999	8
chr16	6989000	6989999	10
chr16	6990000	6990999	7
chr16	6991000	6991999	12
chr16	6992000	6992999	18
chr16	6993000	6993999	18
chr16	6994000	6994999	5
chr16	6995000	6995999	12
chr16	6996000	6996999	0
chr16	6997000	6997999	20
chr16	6998000	6998999	4
chr16	6999000	6999999	33
chr16	7000000	7000999	4
chr16	7001000	7001999	19
chr16	7002000	7002999	14
chr16	7003000	7003999	2
chr16	7004000	7004999	17
chr16	7005000	7005999	8
chr16	7006000	7006999	36
chr16	7007000	7007999	0
chr16	7008000	7008999	2
chr16	7009000	7009999	0
chr16	7010000	7010999	0
chr16	7011000	7011999	5
chr16	7012000	7012999	5
chr16	7013000	7013999	9
chr16	7014000	7014999	11
chr16	7015000	7015999	5
chr16	7016000	7016999	0
chr16	7017000	7017999	6
chr16	7018000	7018999	7
chr16	7019000	7019999	18
chr16	7020000	7020999	0
chr16	7021000	7021999	11
chr16	7022000	7022999	20
chr16	7023000	7023999	5
chr16	7024000	7024999	5
chr16	7025000	7025999	4
chr16	7026000	7026999	0
chr16	7027000	7027999	1
chr16	7028000	7028999	8
chr16	7029000	7029999	48
chr16	7030000	7030999	0
chr16	7031000	7031999	17
chr16	7032000	7032999	13
chr16	7033000	7033999	1
chr16	7034000	7034999	7
chr16	7035000	7035999	12
chr16	7036000	7036999	12
chr16	7037000	7037999	0
chr16	7038000	7038999	15
chr16	7039000	7039999	2
chr16	7040000	7040999	9
chr16	7041000	7041999	17
chr16	7042000	7042999	11
chr16	7043000	7043999	10
chr16	7044000	7044999	2
chr16	7045000	7045999	13
chr16	7046000	7046999	3
chr16	7047000	7047999	2
chr16	7048000	7048999	6
chr16	7049000	7049999	13
chr16	7050000	7050999	17
chr16	7051000	7051999	6
chr16	7052000	7052999	14
chr16	7053000	7053999	6
chr16	7054000	7054999	6
chr16	7055000	7055999	3
chr16	7056000	7056999	26
chr16	7057000	7057999	17
chr16	7058000	7058999	7
chr16	7059000	7059999	26
chr16	7060000	7060999	27
chr16	7061000	7061999	11
chr16	7062000	7062999	4
chr16	7063000	7063999	0
chr16	7064000	7064999	4
chr16	7065000	7065999	8
chr16	7066000	7066999	11
chr16	7067000	7067999	18
chr16	7068000	7068999	6
chr16	7069000	7069999	42
chr16	7070000	7070999	12
chr16	7071000	7071999	21
chr16	7072000	7072999	32
chr16	7073000	7073999	3
chr16	7074000	7074999	8
chr16	7075000	7075999	17
chr16	7076000	7076999	14
chr16	7077000	7077999	0
chr16	7078000	7078999	4
chr16	7079000	7079999	10
chr16	7080000	7080999	16
chr16	7081000	7081999	3
chr16	7082000	7082999	2
chr16	7083000	7083999	16
chr16	7084000	7084999	21
chr16	7085000	7085999	3
chr16	7086000	7086999	8
chr16	7087000	7087999	8
chr16	7088000	7088999	10
chr16	7089000	7089999	2
chr16	7090000	7090999	25
chr16	7091000	7091999	0
chr16	7092000	7092999	0
chr16	7093000	7093999	17
chr16	7094000	7094999	15
chr16	7095000	7095999	4
chr16	7096000	7096999	13
chr16	7097000	7097999	8
chr16	7098000	7098999	5
chr16	7099000	7099999	19
chr16	7100000	7100999	16
chr16	7101000	7101999	3
chr16	7102000	7102999	23
chr16	7103000	7103999	3
chr16	7104000	7104999	13
chr16	7105000	7105999	13
chr16	7106000	7106999	1
chr16	7107000	7107999	18
chr16	7108000	7108999	0
chr16	7109000	7109999	3
chr16	7110000	7110999	0
chr16	7111000	7111999	10
chr16	7112000	7112999	15
chr16	7113000	7113999	6
chr16	7114000	7114999	5
chr16	7115000	7115999	24
chr16	7116000	7116999	4
chr16	7117000	7117999	1
chr16	7118000	7118999	27
chr16	7119000	7119999	4
chr16	7120000	7120999	10
chr16	7121000	7121999	20
chr16	7122000	7122999	0
chr16	7123000	7123999	5
chr16	7124000	7124999	4
chr16	7125000	7125999	28
chr16	7126000	7126999	10
chr16	7127000	7127999	28
chr16	7128000	7128999	4
chr16	7129000	7129999	8
chr16	7130000	7130999	21
chr16	7131000	7131999	8
chr16	7132000	7132999	0
chr16	7133000	7133999	20
chr16	7134000	7134999	15
chr16	7135000	7135999	10
chr16	7136000	7136999	2
chr16	7137000	7137999	3
chr16	7138000	7138999	40
chr16	7139000	7139999	16
chr16	7140000	7140999	11
chr16	7141000	7141999	2
chr16	7142000	7142999	2
chr16	7143000	7143999	3
chr16	7144000	7144999	9
chr16	7145000	7145999	12
chr16	7146000	7146999	12
chr16	7147000	7147999	10
chr16	7148000	7148999	22
chr16	7149000	7149999	2
chr16	7150000	7150999	0
chr16	7151000	7151999	11
chr16	7152000	7152999	3
chr16	7153000	7153999	7
chr16	7154000	7154999	6
chr16	7155000	7155999	16
chr16	7156000	7156999	20
chr16	7157000	7157999	17
chr16	7158000	7158999	5
chr16	7159000	7159999	8
chr16	7160000	7160999	4
chr16	7161000	7161999	10
chr16	7162000	7162999	0
chr16	7163000	7163999	9
chr16	7164000	7164999	15
chr16	7165000	7165999	0
chr16	7166000	7166999	11
chr16	7167000	7167999	14
chr16	7168000	7168999	0
chr16	7169000	7169999	5
chr16	7170000	7170999	0
chr16	7171000	7171999	0
chr16	7172000	7172999	3
chr16	7173000	7173999	15
chr16	7174000	7174999	6
chr16	7175000	7175999	3
chr16	7176000	7176999	10
chr16	7177000	7177999	3
chr16	7178000	7178999	7
chr16	7179000	7179999	35
chr16	7180000	7180999	8
chr16	7181000	7181999	8
chr16	7182000	7182999	0
chr16	7183000	7183999	10
chr16	7184000	7184999	9
chr16	7185000	7185999	2
chr16	7186000	7186999	18
chr16	7187000	7187999	0
chr16	7188000	7188999	17
chr16	7189000	7189999	17
chr16	7190000	7190999	23
chr16	7191000	7191999	2
chr16	7192000	7192999	10
chr16	7193000	7193999	15
chr16	7194000	7194999	10
chr16	7195000	7195999	15
chr16	7196000	7196999	17
chr16	7197000	7197999	23
chr16	7198000	7198999	0
chr16	7199000	7199999	10
chr16	7200000	7200999	23
chr16	7201000	7201999	4
chr16	7202000	7202999	1
chr16	7203000	7203999	3
chr16	7204000	7204999	8
chr16	7205000	7205999	18
chr16	7206000	7206999	6
chr16	7207000	7207999	7
chr16	7208000	7208999	21
chr16	7209000	7209999	24
chr16	7210000	7210999	3
chr16	7211000	7211999	8
chr16	7212000	7212999	22
chr16	7213000	7213999	13
chr16	7214000	7214999	6
chr16	7215000	7215999	7
chr16	7216000	7216999	1
chr16	7217000	7217999	12
chr16	7218000	7218999	24
chr16	7219000	7219999	9
chr16	7220000	7220999	9
chr16	7221000	7221999	1
chr16	7222000	7222999	24
chr16	7223000	7223999	3
chr16	7224000	7224999	5
chr16	7225000	7225999	5
chr16	7226000	7226999	18
chr16	7227000	7227999	12
chr16	7228000	7228999	16
chr16	7229000	7229999	4
chr16	7230000	7230999	5
chr16	7231000	7231999	20
chr16	7232000	7232999	0
chr16	7233000	7233999	6
chr16	7234000	7234999	1
chr16	7235000	7235999	22
chr16	7236000	7236999	8
chr16	7237000	7237999	20
chr16	7238000	7238999	1
chr16	7239000	7239999	3
chr16	7240000	7240999	1
chr16	7241000	7241999	39
chr16	7242000	7242999	3
chr16	7243000	7243999	0
chr16	7244000	7244999	23
chr16	7245000	7245999	20
chr16	7246000	7246999	6
chr16	7247000	7247999	19
chr16	7248000	7248999	16
chr16	7249000	7249999	12
chr16	7250000	7250999	18
chr16	7251000	7251999	5
chr16	7252000	7252999	1
chr16	7253000	7253999	15
chr16	7254000	7254999	3
chr16	7255000	7255999	5
chr16	7256000	7256999	2
chr16	7257000	7257999	14
chr16	7258000	7258999	11
chr16	7259000	7259999	19
chr16	7260000	7260999	12
chr16	7261000	7261999	17
chr16	7262000	7262999	23
chr16	7263000	7263999	18
chr16	7264000	7264999	7
chr16	7265000	7265999	5
chr16	7266000	7266999	6
chr16	7267000	7267999	3
chr16	7268000	7268999	26
chr16	7269000	7269999	12
chr16	7270000	7270999	0
chr16	7271000	7271999	6
chr16	7272000	7272999	5
chr16	7273000	7273999	9
chr16	7274000	7274999	18
chr16	7275000	7275999	29
chr16	7276000	7276999	3
chr16	7277000	7277999	0
chr16	7278000	7278999	9
chr16	7279000	7279999	16
chr16	7280000	7280999	27
chr16	7281000	7281999	8
chr16	7282000	7282999	27
chr16	7283000	7283999	1
chr16	7284000	7284999	6
chr16	7285000	7285999	16
chr16	7286000	7286999	16
chr16	7287000	7287999	5
chr16	7288000	7288999	0
chr16	7289000	7289999	10
chr16	7290000	7290999	6
chr16	7291000	7291999	16
chr16	7292000	7292999	4
chr16	7293000	7293999	7
chr16	7294000	7294999	5
chr16	7295000	7295999	4
chr16	7296000	7296999	0
chr16	7297000	7297999	0
chr16	7298000	7298999	9
chr16	7299000	7299999	3
chr16	7300000	7300999	14
chr16	7301000	7301999	3
chr16	7302000	7302999	7
chr16	7303000	7303999	0
chr16	7304000	7304999	4
chr16	7305000	7305999	11
chr16	7306000	7306999	9
chr16	7307000	7307999	2
chr16	7308000	7308999	0
chr16	7309000	7309999	4
chr16	7310000	7310999	1
chr16	7311000	7311999	13
chr16	7312000	7312999	1
chr16	7313000	7313999	34
chr16	7314000	7314999	0
chr16	7315000	7315999	0
chr16	7316000	7316999	14
chr16	7317000	7317999	0
chr16	7318000	7318999	2
chr16	7319000	7319999	0
chr16	7320000	7320999	8
chr16	7321000	7321999	11
chr16	7322000	7322999	3
chr16	7323000	7323999	19
chr16	7324000	7324999	21
chr16	7325000	7325999	1
chr16	7326000	7326999	1
chr16	7327000	7327999	7
chr16	7328000	7328999	2
chr16	7329000	7329999	9
chr16	7330000	7330999	4
chr16	7331000	7331999	4
chr16	7332000	7332999	16
chr16	7333000	7333999	7
chr16	7334000	7334999	4
chr16	7335000	7335999	10
chr16	7336000	7336999	0
chr16	7337000	7337999	0
chr16	7338000	7338999	8
chr16	7339000	7339999	4
chr16	7340000	7340999	9
chr16	7341000	7341999	18
chr16	7342000	7342999	10
chr16	7343000	7343999	7
chr16	7344000	7344999	8
chr16	7345000	7345999	5
chr16	7346000	7346999	0
chr16	7347000	7347999	5
chr16	7348000	7348999	39
chr16	7349000	7349999	10
chr16	7350000	7350999	7
chr16	7351000	7351999	0
chr16	7352000	7352999	12
chr16	7353000	7353999	11
chr16	7354000	7354999	13
chr16	7355000	7355999	32
chr16	7356000	7356999	19
chr16	7357000	7357999	13
chr16	7358000	7358999	14
chr16	7359000	7359999	8
chr16	7360000	7360999	10
chr16	7361000	7361999	0
chr16	7362000	7362999	8
chr16	7363000	7363999	1
chr16	7364000	7364999	7
chr16	7365000	7365999	29
chr16	7366000	7366999	14
chr16	7367000	7367999	7
chr16	7368000	7368999	14
chr16	7369000	7369999	1
chr16	7370000	7370999	7
chr16	7371000	7371999	3
chr16	7372000	7372999	0
chr16	7373000	7373999	2
chr16	7374000	7374999	8
chr16	7375000	7375999	5
chr16	7376000	7376999	20
chr16	7377000	7377999	3
chr16	7378000	7378999	0
chr16	7379000	7379999	9
chr16	7380000	7380999	26
chr16	7381000	7381999	12
chr16	7382000	7382999	24
chr16	7383000	7383999	11
chr16	7384000	7384999	5
chr16	7385000	7385999	6
chr16	7386000	7386999	23
chr16	7387000	7387999	7
chr16	7388000	7388999	10
chr16	7389000	7389999	10
chr16	7390000	7390999	5
chr16	7391000	7391999	2
chr16	7392000	7392999	11
chr16	7393000	7393999	9
chr16	7394000	7394999	7
chr16	7395000	7395999	1
chr16	7396000	7396999	5
chr16	7397000	7397999	14
chr16	7398000	7398999	8
chr16	7399000	7399999	18
chr16	7400000	7400999	19
chr16	7401000	7401999	8
chr16	7402000	7402999	3
chr16	7403000	7403999	9
chr16	7404000	7404999	21
chr16	7405000	7405999	18
chr16	7406000	7406999	1
chr16	7407000	7407999	7
chr16	7408000	7408999	5
chr16	7409000	7409999	0
chr16	7410000	7410999	16
chr16	7411000	7411999	14
chr16	7412000	7412999	9
chr16	7413000	7413999	0
chr16	7414000	7414999	9
chr16	7415000	7415999	19
chr16	7416000	7416999	6
chr16	7417000	7417999	7
chr16	7418000	7418999	20
chr16	7419000	7419999	13
chr16	7420000	7420999	12
chr16	7421000	7421999	22
chr16	7422000	7422999	10
chr16	7423000	7423999	7
chr16	7424000	7424999	0
chr16	7425000	7425999	4
chr16	7426000	7426999	29
chr16	7427000	7427999	9
chr16	7428000	7428999	3
chr16	7429000	7429999	0
chr16	7430000	7430999	1
chr16	7431000	7431999	0
chr16	7432000	7432999	6
chr16	7433000	7433999	7
chr16	7434000	7434999	6
chr16	7435000	7435999	27
chr16	7436000	7436999	0
chr16	7437000	7437999	9
chr16	7438000	7438999	0
chr16	7439000	7439999	6
chr16	7440000	7440999	8
chr16	7441000	7441999	0
chr16	7442000	7442999	21
chr16	7443000	7443999	18
chr16	7444000	7444999	31
chr16	7445000	7445999	4
chr16	7446000	7446999	9
chr16	7447000	7447999	30
chr16	7448000	7448999	29
chr16	7449000	7449999	18
chr16	7450000	7450999	0
chr16	7451000	7451999	10
chr16	7452000	7452999	37
chr16	7453000	7453999	33
chr16	7454000	7454999	15
chr16	7455000	7455999	0
chr16	7456000	7456999	5
chr16	7457000	7457999	9
chr16	7458000	7458999	20
chr16	7459000	7459999	16
chr16	7460000	7460999	22
chr16	7461000	7461999	0
chr16	7462000	7462999	0
chr16	7463000	7463999	0
chr16	7464000	7464999	10
chr16	7465000	7465999	20
chr16	7466000	7466999	21
chr16	7467000	7467999	9
chr16	7468000	7468999	9
chr16	7469000	7469999	5
chr16	7470000	7470999	6
chr16	7471000	7471999	17
chr16	7472000	7472999	22
chr16	7473000	7473999	20
chr16	7474000	7474999	0
chr16	7475000	7475999	1
chr16	7476000	7476999	8
chr16	7477000	7477999	1
chr16	7478000	7478999	27
chr16	7479000	7479999	12
chr16	7480000	7480999	10
chr16	7481000	7481999	2
chr16	7482000	7482999	19
chr16	7483000	7483999	0
chr16	7484000	7484999	0
chr16	7485000	7485999	10
chr16	7486000	7486999	0
chr16	7487000	7487999	5
chr16	7488000	7488999	13
chr16	7489000	7489999	8
chr16	7490000	7490999	15
chr16	7491000	7491999	0
chr16	7492000	7492999	19
chr16	7493000	7493999	25
chr16	7494000	7494999	7
chr16	7495000	7495999	0
chr16	7496000	7496999	7
chr16	7497000	7497999	4
chr16	7498000	7498999	15
chr16	7499000	7499999	12
chr16	7500000	7500999	16
chr16	7501000	7501999	0
chr16	7502000	7502999	6
chr16	7503000	7503999	19
chr16	7504000	7504999	15
chr16	7505000	7505999	23
chr16	7506000	7506999	12
chr16	7507000	7507999	4
chr16	7508000	7508999	6
chr16	7509000	7509999	5
chr16	7510000	7510999	15
chr16	7511000	7511999	7
chr16	7512000	7512999	14
chr16	7513000	7513999	0
chr16	7514000	7514999	23
chr16	7515000	7515999	6
chr16	7516000	7516999	3
chr16	7517000	7517999	0
chr16	7518000	7518999	21
chr16	7519000	7519999	10
chr16	7520000	7520999	7
chr16	7521000	7521999	4
chr16	7522000	7522999	0
chr16	7523000	7523999	23
chr16	7524000	7524999	0
chr16	7525000	7525999	16
chr16	7526000	7526999	16
chr16	7527000	7527999	18
chr16	7528000	7528999	64
chr16	7529000	7529999	7
chr16	7530000	7530999	0
chr16	7531000	7531999	16
chr16	7532000	7532999	5
chr16	7533000	7533999	4
chr16	7534000	7534999	8
chr16	7535000	7535999	16
chr16	7536000	7536999	23
chr16	7537000	7537999	14
chr16	7538000	7538999	2
chr16	7539000	7539999	4
chr16	7540000	7540999	20
chr16	7541000	7541999	27
chr16	7542000	7542999	0
chr16	7543000	7543999	21
chr16	7544000	7544999	25
chr16	7545000	7545999	8
chr16	7546000	7546999	0
chr16	7547000	7547999	4
chr16	7548000	7548999	9
chr16	7549000	7549999	7
chr16	7550000	7550999	13
chr16	7551000	7551999	9
chr16	7552000	7552999	16
chr16	7553000	7553999	22
chr16	7554000	7554999	13
chr16	7555000	7555999	0
chr16	7556000	7556999	28
chr16	7557000	7557999	3
chr16	7558000	7558999	9
chr16	7559000	7559999	12
chr16	7560000	7560999	36
chr16	7561000	7561999	1
chr16	7562000	7562999	16
chr16	7563000	7563999	8
chr16	7564000	7564999	4
chr16	7565000	7565999	7
chr16	7566000	7566999	1
chr16	7567000	7567999	0
chr16	7568000	7568999	11
chr16	7569000	7569999	0
chr16	7570000	7570999	3
chr16	7571000	7571999	0
chr16	7572000	7572999	3
chr16	7573000	7573999	1
chr16	7574000	7574999	8
chr16	7575000	7575999	9
chr16	7576000	7576999	16
chr16	7577000	7577999	0
chr16	7578000	7578999	0
chr16	7579000	7579999	0
chr16	7580000	7580999	0
chr16	7581000	7581999	4
chr16	7582000	7582999	2
chr16	7583000	7583999	20
chr16	7584000	7584999	18
chr16	7585000	7585999	8
chr16	7586000	7586999	10
chr16	7587000	7587999	14
chr16	7588000	7588999	17
chr16	7589000	7589999	11
chr16	7590000	7590999	11
chr16	7591000	7591999	24
chr16	7592000	7592999	26
chr16	7593000	7593999	2
chr16	7594000	7594999	21
chr16	7595000	7595999	18
chr16	7596000	7596999	16
chr16	7597000	7597999	0
chr16	7598000	7598999	0
chr16	7599000	7599999	1
chr16	7600000	7600999	6
chr16	7601000	7601999	4
chr16	7602000	7602999	12
chr16	7603000	7603999	8
chr16	7604000	7604999	0
chr16	7605000	7605999	0
chr16	7606000	7606999	0
chr16	7607000	7607999	18
chr16	7608000	7608999	7
chr16	7609000	7609999	15
chr16	7610000	7610999	18
chr16	7611000	7611999	5
chr16	7612000	7612999	20
chr16	7613000	7613999	17
chr16	7614000	7614999	9
chr16	7615000	7615999	0
chr16	7616000	7616999	9
chr16	7617000	7617999	2
chr16	7618000	7618999	0
chr16	7619000	7619999	17
chr16	7620000	7620999	6
chr16	7621000	7621999	14
chr16	7622000	7622999	0
chr16	7623000	7623999	14
chr16	7624000	7624999	7
chr16	7625000	7625999	20
chr16	7626000	7626999	15
chr16	7627000	7627999	0
chr16	7628000	7628999	0
chr16	7629000	7629999	13
chr16	7630000	7630999	6
chr16	7631000	7631999	2
chr16	7632000	7632999	17
chr16	7633000	7633999	16
chr16	7634000	7634999	10
chr16	7635000	7635999	23
chr16	7636000	7636999	11
chr16	7637000	7637999	73
chr16	7638000	7638999	11
chr16	7639000	7639999	7
chr16	7640000	7640999	6
chr16	7641000	7641999	0
chr16	7642000	7642999	7
chr16	7643000	7643999	14
chr16	7644000	7644999	3
chr16	7645000	7645999	0
chr16	7646000	7646999	36
chr16	7647000	7647999	5
chr16	7648000	7648999	0
chr16	7649000	7649999	7
chr16	7650000	7650999	16
chr16	7651000	7651999	3
chr16	7652000	7652999	0
chr16	7653000	7653999	12
chr16	7654000	7654999	7
chr16	7655000	7655999	4
chr16	7656000	7656999	10
chr16	7657000	7657999	5
chr16	7658000	7658999	11
chr16	7659000	7659999	5
chr16	7660000	7660999	4
chr16	7661000	7661999	11
chr16	7662000	7662999	6
chr16	7663000	7663999	0
chr16	7664000	7664999	16
chr16	7665000	7665999	12
chr16	7666000	7666999	6
chr16	7667000	7667999	23
chr16	7668000	7668999	17
chr16	7669000	7669999	11
chr16	7670000	7670999	0
chr16	7671000	7671999	25
chr16	7672000	7672999	4
chr16	7673000	7673999	7
chr16	7674000	7674999	20
chr16	7675000	7675999	11
chr16	7676000	7676999	11
chr16	7677000	7677999	7
chr16	7678000	7678999	8
chr16	7679000	7679999	5
chr16	7680000	7680999	10
chr16	7681000	7681999	8
chr16	7682000	7682999	12
chr16	7683000	7683999	1
chr16	7684000	7684999	14
chr16	7685000	7685999	10
chr16	7686000	7686999	8
chr16	7687000	7687999	14
chr16	7688000	7688999	1
chr16	7689000	7689999	3
chr16	7690000	7690999	30
chr16	7691000	7691999	4
chr16	7692000	7692999	23
chr16	7693000	7693999	14
chr16	7694000	7694999	4
chr16	7695000	7695999	29
chr16	7696000	7696999	0
chr16	7697000	7697999	3
chr16	7698000	7698999	5
chr16	7699000	7699999	4
chr16	7700000	7700999	0
chr16	7701000	7701999	15
chr16	7702000	7702999	0
chr16	7703000	7703999	0
chr16	7704000	7704999	10
chr16	7705000	7705999	32
chr16	7706000	7706999	0
chr16	7707000	7707999	11
chr16	7708000	7708999	0
chr16	7709000	7709999	13
chr16	7710000	7710999	0
chr16	7711000	7711999	23
chr16	7712000	7712999	7
chr16	7713000	7713999	0
chr16	7714000	7714999	0
chr16	7715000	7715999	0
chr16	7716000	7716999	0
chr16	7717000	7717999	0
chr16	7718000	7718999	0
chr16	7719000	7719999	0
chr16	7720000	7720999	12
chr16	7721000	7721999	9
chr16	7722000	7722999	4
chr16	7723000	7723999	0
chr16	7724000	7724999	0
chr16	7725000	7725999	0
chr16	7726000	7726999	5
chr16	7727000	7727999	0
chr16	7728000	7728999	10
chr16	7729000	7729999	2
chr16	7730000	7730999	11
chr16	7731000	7731999	12
chr16	7732000	7732999	0
chr16	7733000	7733999	11
chr16	7734000	7734999	7
chr16	7735000	7735999	5
chr16	7736000	7736999	0
chr16	7737000	7737999	0
chr16	7738000	7738999	0
chr16	7739000	7739999	0
chr16	7740000	7740999	0
chr16	7741000	7741999	13
chr16	7742000	7742999	0
chr16	7743000	7743999	11
chr16	7744000	7744999	3
chr16	7745000	7745999	35
chr16	7746000	7746999	11
chr16	7747000	7747999	19
chr16	7748000	7748999	3
chr16	7749000	7749999	0
chr16	7750000	7750999	4
chr16	7751000	7751999	0
chr16	7752000	7752999	0
chr16	7753000	7753999	19
chr16	7754000	7754999	0
chr16	7755000	7755999	0
chr16	7756000	7756999	5
chr16	7757000	7757999	0
chr16	7758000	7758999	0
chr16	7759000	7759999	0
chr16	7760000	7760999	0
chr16	7761000	7761999	12
chr16	7762000	7762999	7
chr16	7763000	7763999	11
chr16	7764000	7764999	0
chr16	7765000	7765999	3
chr16	7766000	7766999	0
chr16	7767000	7767999	20
chr16	7768000	7768999	2
chr16	7769000	7769999	12
chr16	7770000	7770999	20
chr16	7771000	7771999	13
chr16	7772000	7772999	20
chr16	7773000	7773999	1
chr16	7774000	7774999	5
chr16	7775000	7775999	8
chr16	7776000	7776999	13
chr16	7777000	7777999	9
chr16	7778000	7778999	0
chr16	7779000	7779999	4
chr16	7780000	7780999	13
chr16	7781000	7781999	9
chr16	7782000	7782999	12
chr16	7783000	7783999	9
chr16	7784000	7784999	1
chr16	7785000	7785999	7
chr16	7786000	7786999	4
chr16	7787000	7787999	26
chr16	7788000	7788999	0
chr16	7789000	7789999	1
chr16	7790000	7790999	23
chr16	7791000	7791999	2
chr16	7792000	7792999	17
chr16	7793000	7793999	11
chr16	7794000	7794999	5
chr16	7795000	7795999	21
chr16	7796000	7796999	7
chr16	7797000	7797999	12
chr16	7798000	7798999	13
chr16	7799000	7799999	9
chr16	7800000	7800999	12
chr16	7801000	7801999	0
chr16	7802000	7802999	9
chr16	7803000	7803999	20
chr16	7804000	7804999	17
chr16	7805000	7805999	11
chr16	7806000	7806999	22
chr16	7807000	7807999	7
chr16	7808000	7808999	6
chr16	7809000	7809999	20
chr16	7810000	7810999	3
chr16	7811000	7811999	0
chr16	7812000	7812999	0
chr16	7813000	7813999	0
chr16	7814000	7814999	0
chr16	7815000	7815999	1
chr16	7816000	7816999	18
chr16	7817000	7817999	5
chr16	7818000	7818999	2
chr16	7819000	7819999	1
chr16	7820000	7820999	0
chr16	7821000	7821999	7
chr16	7822000	7822999	10
chr16	7823000	7823999	6
chr16	7824000	7824999	7
chr16	7825000	7825999	0
chr16	7826000	7826999	3
chr16	7827000	7827999	26
chr16	7828000	7828999	8
chr16	7829000	7829999	8
chr16	7830000	7830999	9
chr16	7831000	7831999	19
chr16	7832000	7832999	42
chr16	7833000	7833999	10
chr16	7834000	7834999	0
chr16	7835000	7835999	13
chr16	7836000	7836999	3
chr16	7837000	7837999	5
chr16	7838000	7838999	23
chr16	7839000	7839999	0
chr16	7840000	7840999	5
chr16	7841000	7841999	12
chr16	7842000	7842999	3
chr16	7843000	7843999	14
chr16	7844000	7844999	0
chr16	7845000	7845999	5
chr16	7846000	7846999	6
chr16	7847000	7847999	15
chr16	7848000	7848999	8
chr16	7849000	7849999	9
chr16	7850000	7850999	13
chr16	7851000	7851999	4
chr16	7852000	7852999	3
chr16	7853000	7853999	5
chr16	7854000	7854999	2
chr16	7855000	7855999	0
chr16	7856000	7856999	13
chr16	7857000	7857999	59
chr16	7858000	7858999	7
chr16	7859000	7859999	3
chr16	7860000	7860999	0
chr16	7861000	7861999	0
chr16	7862000	7862999	0
chr16	7863000	7863999	12
chr16	7864000	7864999	3
chr16	7865000	7865999	9
chr16	7866000	7866999	15
chr16	7867000	7867999	7
chr16	7868000	7868999	0
chr16	7869000	7869999	0
chr16	7870000	7870999	0
chr16	7871000	7871999	0
chr16	7872000	7872999	0
chr16	7873000	7873999	2
chr16	7874000	7874999	22
chr16	7875000	7875999	0
chr16	7876000	7876999	3
chr16	7877000	7877999	9
chr16	7878000	7878999	10
chr16	7879000	7879999	15
chr16	7880000	7880999	0
chr16	7881000	7881999	12
chr16	7882000	7882999	9
chr16	7883000	7883999	0
chr16	7884000	7884999	7
chr16	7885000	7885999	8
chr16	7886000	7886999	9
chr16	7887000	7887999	11
chr16	7888000	7888999	2
chr16	7889000	7889999	0
chr16	7890000	7890999	5
chr16	7891000	7891999	7
chr16	7892000	7892999	14
chr16	7893000	7893999	28
chr16	7894000	7894999	9
chr16	7895000	7895999	9
chr16	7896000	7896999	0
chr16	7897000	7897999	1
chr16	7898000	7898999	4
chr16	7899000	7899999	24
chr16	7900000	7900999	15
chr16	7901000	7901999	4
chr16	7902000	7902999	17
chr16	7903000	7903999	18
chr16	7904000	7904999	0
chr16	7905000	7905999	0
chr16	7906000	7906999	0
chr16	7907000	7907999	1
chr16	7908000	7908999	0
chr16	7909000	7909999	0
chr16	7910000	7910999	12
chr16	7911000	7911999	0
chr16	7912000	7912999	0
chr16	7913000	7913999	0
chr16	7914000	7914999	0
chr16	7915000	7915999	0
chr16	7916000	7916999	0
chr16	7917000	7917999	0
chr16	7918000	7918999	15
chr16	7919000	7919999	3
chr16	7920000	7920999	0
chr16	7921000	7921999	3
chr16	7922000	7922999	0
chr16	7923000	7923999	0
chr16	7924000	7924999	0
chr16	7925000	7925999	6
chr16	7926000	7926999	20
chr16	7927000	7927999	9
chr16	7928000	7928999	115
chr16	7929000	7929999	17
chr16	7930000	7930999	10
chr16	7931000	7931999	9
chr16	7932000	7932999	6
chr16	7933000	7933999	13
chr16	7934000	7934999	0
chr16	7935000	7935999	6
chr16	7936000	7936999	0
chr16	7937000	7937999	7
chr16	7938000	7938999	0
chr16	7939000	7939999	0
chr16	7940000	7940999	4
chr16	7941000	7941999	0
chr16	7942000	7942999	6
chr16	7943000	7943999	11
chr16	7944000	7944999	10
chr16	7945000	7945999	13
chr16	7946000	7946999	16
chr16	7947000	7947999	17
chr16	7948000	7948999	7
chr16	7949000	7949999	2
chr16	7950000	7950999	8
chr16	7951000	7951999	0
chr16	7952000	7952999	0
chr16	7953000	7953999	0
chr16	7954000	7954999	0
chr16	7955000	7955999	0
chr16	7956000	7956999	0
chr16	7957000	7957999	0
chr16	7958000	7958999	0
chr16	7959000	7959999	12
chr16	7960000	7960999	0
chr16	7961000	7961999	0
chr16	7962000	7962999	17
chr16	7963000	7963999	19
chr16	7964000	7964999	25
chr16	7965000	7965999	0
chr16	7966000	7966999	14
chr16	7967000	7967999	9
chr16	7968000	7968999	15
chr16	7969000	7969999	0
chr16	7970000	7970999	7
chr16	7971000	7971999	0
chr16	7972000	7972999	2
chr16	7973000	7973999	15
chr16	7974000	7974999	23
chr16	7975000	7975999	7
chr16	7976000	7976999	7
chr16	7977000	7977999	2
chr16	7978000	7978999	10
chr16	7979000	7979999	8
chr16	7980000	7980999	12
chr16	7981000	7981999	0
chr16	7982000	7982999	19
chr16	7983000	7983999	8
chr16	7984000	7984999	0
chr16	7985000	7985999	2
chr16	7986000	7986999	0
chr16	7987000	7987999	21
chr16	7988000	7988999	3
chr16	7989000	7989999	3
chr16	7990000	7990999	7
chr16	7991000	7991999	2
chr16	7992000	7992999	4
chr16	7993000	7993999	14
chr16	7994000	7994999	0
chr16	7995000	7995999	2
chr16	7996000	7996999	20
chr16	7997000	7997999	15
chr16	7998000	7998999	4
chr16	7999000	7999999	8
chr16	8000000	8000999	13
chr16	8001000	8001999	6
chr16	8002000	8002999	5
chr16	8003000	8003999	29
chr16	8004000	8004999	11
chr16	8005000	8005999	6
chr16	8006000	8006999	6
chr16	8007000	8007999	8
chr16	8008000	8008999	12
chr16	8009000	8009999	6
chr16	8010000	8010999	4
chr16	8011000	8011999	14
chr16	8012000	8012999	0
chr16	8013000	8013999	12
chr16	8014000	8014999	7
chr16	8015000	8015999	0
chr16	8016000	8016999	3
chr16	8017000	8017999	1
chr16	8018000	8018999	7
chr16	8019000	8019999	0
chr16	8020000	8020999	4
chr16	8021000	8021999	13
chr16	8022000	8022999	10
chr16	8023000	8023999	4
chr16	8024000	8024999	28
chr16	8025000	8025999	5
chr16	8026000	8026999	0
chr16	8027000	8027999	8
chr16	8028000	8028999	8
chr16	8029000	8029999	30
chr16	8030000	8030999	22
chr16	8031000	8031999	13
chr16	8032000	8032999	9
chr16	8033000	8033999	9
chr16	8034000	8034999	0
chr16	8035000	8035999	0
chr16	8036000	8036999	0
chr16	8037000	8037999	0
chr16	8038000	8038999	0
chr16	8039000	8039999	0
chr16	8040000	8040999	0
chr16	8041000	8041999	4
chr16	8042000	8042999	3
chr16	8043000	8043999	8
chr16	8044000	8044999	8
chr16	8045000	8045999	5
chr16	8046000	8046999	12
chr16	8047000	8047999	8
chr16	8048000	8048999	24
chr16	8049000	8049999	11
chr16	8050000	8050999	1
chr16	8051000	8051999	1
chr16	8052000	8052999	8
chr16	8053000	8053999	23
chr16	8054000	8054999	7
chr16	8055000	8055999	12
chr16	8056000	8056999	19
chr16	8057000	8057999	17
chr16	8058000	8058999	7
chr16	8059000	8059999	19
chr16	8060000	8060999	0
chr16	8061000	8061999	23
chr16	8062000	8062999	0
chr16	8063000	8063999	23
chr16	8064000	8064999	2
chr16	8065000	8065999	21
chr16	8066000	8066999	8
chr16	8067000	8067999	11
chr16	8068000	8068999	26
chr16	8069000	8069999	8
chr16	8070000	8070999	6
chr16	8071000	8071999	1
chr16	8072000	8072999	21
chr16	8073000	8073999	9
chr16	8074000	8074999	9
chr16	8075000	8075999	1
chr16	8076000	8076999	9
chr16	8077000	8077999	1
chr16	8078000	8078999	14
chr16	8079000	8079999	9
chr16	8080000	8080999	3
chr16	8081000	8081999	0
chr16	8082000	8082999	11
chr16	8083000	8083999	15
chr16	8084000	8084999	4
chr16	8085000	8085999	15
chr16	8086000	8086999	5
chr16	8087000	8087999	12
chr16	8088000	8088999	3
chr16	8089000	8089999	6
chr16	8090000	8090999	23
chr16	8091000	8091999	4
chr16	8092000	8092999	0
chr16	8093000	8093999	5
chr16	8094000	8094999	3
chr16	8095000	8095999	0
chr16	8096000	8096999	10
chr16	8097000	8097999	0
chr16	8098000	8098999	9
chr16	8099000	8099999	8
chr16	8100000	8100999	6
chr16	8101000	8101999	0
chr16	8102000	8102999	0
chr16	8103000	8103999	4
chr16	8104000	8104999	9
chr16	8105000	8105999	0
chr16	8106000	8106999	1
chr16	8107000	8107999	12
chr16	8108000	8108999	5
chr16	8109000	8109999	31
chr16	8110000	8110999	10
chr16	8111000	8111999	14
chr16	8112000	8112999	22
chr16	8113000	8113999	15
chr16	8114000	8114999	27
chr16	8115000	8115999	0
chr16	8116000	8116999	9
chr16	8117000	8117999	3
chr16	8118000	8118999	0
chr16	8119000	8119999	7
chr16	8120000	8120999	7
chr16	8121000	8121999	28
chr16	8122000	8122999	9
chr16	8123000	8123999	14
chr16	8124000	8124999	3
chr16	8125000	8125999	0
chr16	8126000	8126999	7
chr16	8127000	8127999	10
chr16	8128000	8128999	7
chr16	8129000	8129999	7
chr16	8130000	8130999	16
chr16	8131000	8131999	11
chr16	8132000	8132999	11
chr16	8133000	8133999	14
chr16	8134000	8134999	5
chr16	8135000	8135999	0
chr16	8136000	8136999	18
chr16	8137000	8137999	19
chr16	8138000	8138999	6
chr16	8139000	8139999	6
chr16	8140000	8140999	24
chr16	8141000	8141999	2
chr16	8142000	8142999	7
chr16	8143000	8143999	8
chr16	8144000	8144999	12
chr16	8145000	8145999	2
chr16	8146000	8146999	11
chr16	8147000	8147999	7
chr16	8148000	8148999	0
chr16	8149000	8149999	12
chr16	8150000	8150999	0
chr16	8151000	8151999	0
chr16	8152000	8152999	1
chr16	8153000	8153999	0
chr16	8154000	8154999	0
chr16	8155000	8155999	0
chr16	8156000	8156999	0
chr16	8157000	8157999	5
chr16	8158000	8158999	13
chr16	8159000	8159999	17
chr16	8160000	8160999	0
chr16	8161000	8161999	8
chr16	8162000	8162999	0
chr16	8163000	8163999	4
chr16	8164000	8164999	0
chr16	8165000	8165999	23
chr16	8166000	8166999	19
chr16	8167000	8167999	10
chr16	8168000	8168999	3
chr16	8169000	8169999	28
chr16	8170000	8170999	12
chr16	8171000	8171999	6
chr16	8172000	8172999	8
chr16	8173000	8173999	4
chr16	8174000	8174999	23
chr16	8175000	8175999	16
chr16	8176000	8176999	6
chr16	8177000	8177999	20
chr16	8178000	8178999	5
chr16	8179000	8179999	19
chr16	8180000	8180999	0
chr16	8181000	8181999	13
chr16	8182000	8182999	4
chr16	8183000	8183999	0
chr16	8184000	8184999	11
chr16	8185000	8185999	0
chr16	8186000	8186999	8
chr16	8187000	8187999	7
chr16	8188000	8188999	0
chr16	8189000	8189999	32
chr16	8190000	8190999	15
chr16	8191000	8191999	10
chr16	8192000	8192999	4
chr16	8193000	8193999	47
chr16	8194000	8194999	0
chr16	8195000	8195999	0
chr16	8196000	8196999	14
chr16	8197000	8197999	16
chr16	8198000	8198999	16
chr16	8199000	8199999	11
chr16	8200000	8200999	22
chr16	8201000	8201999	0
chr16	8202000	8202999	21
chr16	8203000	8203999	23
chr16	8204000	8204999	13
chr16	8205000	8205999	17
chr16	8206000	8206999	10
chr16	8207000	8207999	4
chr16	8208000	8208999	24
chr16	8209000	8209999	7
chr16	8210000	8210999	5
chr16	8211000	8211999	10
chr16	8212000	8212999	6
chr16	8213000	8213999	3
chr16	8214000	8214999	22
chr16	8215000	8215999	5
chr16	8216000	8216999	9
chr16	8217000	8217999	7
chr16	8218000	8218999	11
chr16	8219000	8219999	5
chr16	8220000	8220999	4
chr16	8221000	8221999	1
chr16	8222000	8222999	4
chr16	8223000	8223999	0
chr16	8224000	8224999	20
chr16	8225000	8225999	8
chr16	8226000	8226999	10
chr16	8227000	8227999	9
chr16	8228000	8228999	7
chr16	8229000	8229999	20
chr16	8230000	8230999	0
chr16	8231000	8231999	0
chr16	8232000	8232999	4
chr16	8233000	8233999	4
chr16	8234000	8234999	5
chr16	8235000	8235999	1
chr16	8236000	8236999	14
chr16	8237000	8237999	6
chr16	8238000	8238999	8
chr16	8239000	8239999	0
chr16	8240000	8240999	0
chr16	8241000	8241999	5
chr16	8242000	8242999	0
chr16	8243000	8243999	9
chr16	8244000	8244999	0
chr16	8245000	8245999	4
chr16	8246000	8246999	4
chr16	8247000	8247999	9
chr16	8248000	8248999	6
chr16	8249000	8249999	7
chr16	8250000	8250999	17
chr16	8251000	8251999	5
chr16	8252000	8252999	9
chr16	8253000	8253999	0
chr16	8254000	8254999	16
chr16	8255000	8255999	0
chr16	8256000	8256999	0
chr16	8257000	8257999	0
chr16	8258000	8258999	0
chr16	8259000	8259999	0
chr16	8260000	8260999	0
chr16	8261000	8261999	3
chr16	8262000	8262999	30
chr16	8263000	8263999	7
chr16	8264000	8264999	3
chr16	8265000	8265999	2
chr16	8266000	8266999	4
chr16	8267000	8267999	2
chr16	8268000	8268999	4
chr16	8269000	8269999	50
chr16	8270000	8270999	7
chr16	8271000	8271999	9
chr16	8272000	8272999	0
chr16	8273000	8273999	0
chr16	8274000	8274999	4
chr16	8275000	8275999	12
chr16	8276000	8276999	2
chr16	8277000	8277999	7
chr16	8278000	8278999	10
chr16	8279000	8279999	16
chr16	8280000	8280999	0
chr16	8281000	8281999	0
chr16	8282000	8282999	0
chr16	8283000	8283999	0
chr16	8284000	8284999	0
chr16	8285000	8285999	0
chr16	8286000	8286999	0
chr16	8287000	8287999	0
chr16	8288000	8288999	11
chr16	8289000	8289999	13
chr16	8290000	8290999	0
chr16	8291000	8291999	30
chr16	8292000	8292999	2
chr16	8293000	8293999	3
chr16	8294000	8294999	8
chr16	8295000	8295999	0
chr16	8296000	8296999	0
chr16	8297000	8297999	9
chr16	8298000	8298999	10
chr16	8299000	8299999	0
chr16	8300000	8300999	18
chr16	8301000	8301999	32
chr16	8302000	8302999	4
chr16	8303000	8303999	0
chr16	8304000	8304999	10
chr16	8305000	8305999	39
chr16	8306000	8306999	26
chr16	8307000	8307999	0
chr16	8308000	8308999	20
chr16	8309000	8309999	4
chr16	8310000	8310999	30
chr16	8311000	8311999	5
chr16	8312000	8312999	11
chr16	8313000	8313999	5
chr16	8314000	8314999	9
chr16	8315000	8315999	20
chr16	8316000	8316999	5
chr16	8317000	8317999	6
chr16	8318000	8318999	11
chr16	8319000	8319999	0
chr16	8320000	8320999	12
chr16	8321000	8321999	1
chr16	8322000	8322999	0
chr16	8323000	8323999	3
chr16	8324000	8324999	11
chr16	8325000	8325999	13
chr16	8326000	8326999	7
chr16	8327000	8327999	21
chr16	8328000	8328999	8
chr16	8329000	8329999	0
chr16	8330000	8330999	11
chr16	8331000	8331999	14
chr16	8332000	8332999	26
chr16	8333000	8333999	17
chr16	8334000	8334999	9
chr16	8335000	8335999	3
chr16	8336000	8336999	6
chr16	8337000	8337999	3
chr16	8338000	8338999	3
chr16	8339000	8339999	24
chr16	8340000	8340999	24
chr16	8341000	8341999	8
chr16	8342000	8342999	14
chr16	8343000	8343999	0
chr16	8344000	8344999	10
chr16	8345000	8345999	21
chr16	8346000	8346999	1
chr16	8347000	8347999	8
chr16	8348000	8348999	34
chr16	8349000	8349999	20
chr16	8350000	8350999	21
chr16	8351000	8351999	20
chr16	8352000	8352999	0
chr16	8353000	8353999	15
chr16	8354000	8354999	10
chr16	8355000	8355999	13
chr16	8356000	8356999	13
chr16	8357000	8357999	14
chr16	8358000	8358999	17
chr16	8359000	8359999	22
chr16	8360000	8360999	0
chr16	8361000	8361999	0
chr16	8362000	8362999	8
chr16	8363000	8363999	18
chr16	8364000	8364999	0
chr16	8365000	8365999	1
chr16	8366000	8366999	10
chr16	8367000	8367999	10
chr16	8368000	8368999	0
chr16	8369000	8369999	31
chr16	8370000	8370999	0
chr16	8371000	8371999	40
chr16	8372000	8372999	8
chr16	8373000	8373999	12
chr16	8374000	8374999	4
chr16	8375000	8375999	19
chr16	8376000	8376999	1
chr16	8377000	8377999	14
chr16	8378000	8378999	0
chr16	8379000	8379999	1
chr16	8380000	8380999	9
chr16	8381000	8381999	2
chr16	8382000	8382999	0
chr16	8383000	8383999	8
chr16	8384000	8384999	24
chr16	8385000	8385999	16
chr16	8386000	8386999	22
chr16	8387000	8387999	16
chr16	8388000	8388999	0
chr16	8389000	8389999	19
chr16	8390000	8390999	9
chr16	8391000	8391999	9
chr16	8392000	8392999	27
chr16	8393000	8393999	27
chr16	8394000	8394999	27
chr16	8395000	8395999	22
chr16	8396000	8396999	19
chr16	8397000	8397999	11
chr16	8398000	8398999	0
chr16	8399000	8399999	2
chr16	8400000	8400999	4
chr16	8401000	8401999	1
chr16	8402000	8402999	4
chr16	8403000	8403999	20
chr16	8404000	8404999	0
chr16	8405000	8405999	0
chr16	8406000	8406999	4
chr16	8407000	8407999	16
chr16	8408000	8408999	32
chr16	8409000	8409999	27
chr16	8410000	8410999	1
chr16	8411000	8411999	2
chr16	8412000	8412999	17
chr16	8413000	8413999	15
chr16	8414000	8414999	5
chr16	8415000	8415999	7
chr16	8416000	8416999	15
chr16	8417000	8417999	2
chr16	8418000	8418999	8
chr16	8419000	8419999	6
chr16	8420000	8420999	7
chr16	8421000	8421999	7
chr16	8422000	8422999	5
chr16	8423000	8423999	22
chr16	8424000	8424999	16
chr16	8425000	8425999	15
chr16	8426000	8426999	0
chr16	8427000	8427999	14
chr16	8428000	8428999	7
chr16	8429000	8429999	0
chr16	8430000	8430999	0
chr16	8431000	8431999	10
chr16	8432000	8432999	8
chr16	8433000	8433999	0
chr16	8434000	8434999	0
chr16	8435000	8435999	21
chr16	8436000	8436999	6
chr16	8437000	8437999	5
chr16	8438000	8438999	0
chr16	8439000	8439999	0
chr16	8440000	8440999	0
chr16	8441000	8441999	14
chr16	8442000	8442999	26
chr16	8443000	8443999	0
chr16	8444000	8444999	9
chr16	8445000	8445999	2
chr16	8446000	8446999	26
chr16	8447000	8447999	23
chr16	8448000	8448999	11
chr16	8449000	8449999	5
chr16	8450000	8450999	5
chr16	8451000	8451999	3
chr16	8452000	8452999	0
chr16	8453000	8453999	22
chr16	8454000	8454999	20
chr16	8455000	8455999	28
chr16	8456000	8456999	12
chr16	8457000	8457999	6
chr16	8458000	8458999	10
chr16	8459000	8459999	33
chr16	8460000	8460999	1
chr16	8461000	8461999	3
chr16	8462000	8462999	0
chr16	8463000	8463999	0
chr16	8464000	8464999	0
chr16	8465000	8465999	0
chr16	8466000	8466999	0
chr16	8467000	8467999	0
chr16	8468000	8468999	11
chr16	8469000	8469999	3
chr16	8470000	8470999	132
chr16	8471000	8471999	48
chr16	8472000	8472999	12
chr16	8473000	8473999	0
chr16	8474000	8474999	15
chr16	8475000	8475999	1
chr16	8476000	8476999	5
chr16	8477000	8477999	10
chr16	8478000	8478999	21
chr16	8479000	8479999	10
chr16	8480000	8480999	23
chr16	8481000	8481999	7
chr16	8482000	8482999	6
chr16	8483000	8483999	3
chr16	8484000	8484999	4
chr16	8485000	8485999	26
chr16	8486000	8486999	28
chr16	8487000	8487999	23
chr16	8488000	8488999	5
chr16	8489000	8489999	14
chr16	8490000	8490999	4
chr16	8491000	8491999	9
chr16	8492000	8492999	18
chr16	8493000	8493999	17
chr16	8494000	8494999	38
chr16	8495000	8495999	2
chr16	8496000	8496999	0
chr16	8497000	8497999	20
chr16	8498000	8498999	13
chr16	8499000	8499999	9
chr16	8500000	8500999	0
chr16	8501000	8501999	3
chr16	8502000	8502999	2
chr16	8503000	8503999	1
chr16	8504000	8504999	6
chr16	8505000	8505999	30
chr16	8506000	8506999	10
chr16	8507000	8507999	15
chr16	8508000	8508999	0
chr16	8509000	8509999	5
chr16	8510000	8510999	19
chr16	8511000	8511999	10
chr16	8512000	8512999	9
chr16	8513000	8513999	29
chr16	8514000	8514999	18
chr16	8515000	8515999	11
chr16	8516000	8516999	15
chr16	8517000	8517999	12
chr16	8518000	8518999	12
chr16	8519000	8519999	11
chr16	8520000	8520999	8
chr16	8521000	8521999	8
chr16	8522000	8522999	9
chr16	8523000	8523999	19
chr16	8524000	8524999	15
chr16	8525000	8525999	0
chr16	8526000	8526999	7
chr16	8527000	8527999	3
chr16	8528000	8528999	3
chr16	8529000	8529999	43
chr16	8530000	8530999	6
chr16	8531000	8531999	4
chr16	8532000	8532999	8
chr16	8533000	8533999	36
chr16	8534000	8534999	5
chr16	8535000	8535999	3
chr16	8536000	8536999	0
chr16	8537000	8537999	19
chr16	8538000	8538999	0
chr16	8539000	8539999	12
chr16	8540000	8540999	22
chr16	8541000	8541999	18
chr16	8542000	8542999	13
chr16	8543000	8543999	29
chr16	8544000	8544999	0
chr16	8545000	8545999	3
chr16	8546000	8546999	6
chr16	8547000	8547999	11
chr16	8548000	8548999	4
chr16	8549000	8549999	2
chr16	8550000	8550999	22
chr16	8551000	8551999	3
chr16	8552000	8552999	20
chr16	8553000	8553999	3
chr16	8554000	8554999	24
chr16	8555000	8555999	4
chr16	8556000	8556999	0
chr16	8557000	8557999	3
chr16	8558000	8558999	19
chr16	8559000	8559999	0
chr16	8560000	8560999	9
chr16	8561000	8561999	3
chr16	8562000	8562999	4
chr16	8563000	8563999	5
chr16	8564000	8564999	5
chr16	8565000	8565999	20
chr16	8566000	8566999	11
chr16	8567000	8567999	4
chr16	8568000	8568999	15
chr16	8569000	8569999	11
chr16	8570000	8570999	5
chr16	8571000	8571999	8
chr16	8572000	8572999	16
chr16	8573000	8573999	6
chr16	8574000	8574999	18
chr16	8575000	8575999	7
chr16	8576000	8576999	34
chr16	8577000	8577999	14
chr16	8578000	8578999	24
chr16	8579000	8579999	32
chr16	8580000	8580999	15
chr16	8581000	8581999	0
chr16	8582000	8582999	7
chr16	8583000	8583999	12
chr16	8584000	8584999	25
chr16	8585000	8585999	4
chr16	8586000	8586999	13
chr16	8587000	8587999	0
chr16	8588000	8588999	25
chr16	8589000	8589999	11
chr16	8590000	8590999	0
chr16	8591000	8591999	0
chr16	8592000	8592999	2
chr16	8593000	8593999	2
chr16	8594000	8594999	0
chr16	8595000	8595999	8
chr16	8596000	8596999	7
chr16	8597000	8597999	11
chr16	8598000	8598999	24
chr16	8599000	8599999	5
chr16	8600000	8600999	25
chr16	8601000	8601999	4
chr16	8602000	8602999	0
chr16	8603000	8603999	12
chr16	8604000	8604999	22
chr16	8605000	8605999	26
chr16	8606000	8606999	30
chr16	8607000	8607999	0
chr16	8608000	8608999	3
chr16	8609000	8609999	1
chr16	8610000	8610999	15
chr16	8611000	8611999	29
chr16	8612000	8612999	2
chr16	8613000	8613999	3
chr16	8614000	8614999	40
chr16	8615000	8615999	5
chr16	8616000	8616999	12
chr16	8617000	8617999	15
chr16	8618000	8618999	9
chr16	8619000	8619999	32
chr16	8620000	8620999	0
chr16	8621000	8621999	26
chr16	8622000	8622999	16
chr16	8623000	8623999	18
chr16	8624000	8624999	13
chr16	8625000	8625999	2
chr16	8626000	8626999	18
chr16	8627000	8627999	13
chr16	8628000	8628999	19
chr16	8629000	8629999	6
chr16	8630000	8630999	16
chr16	8631000	8631999	17
chr16	8632000	8632999	22
chr16	8633000	8633999	7
chr16	8634000	8634999	12
chr16	8635000	8635999	13
chr16	8636000	8636999	3
chr16	8637000	8637999	119
chr16	8638000	8638999	38
chr16	8639000	8639999	11
chr16	8640000	8640999	32
chr16	8641000	8641999	0
chr16	8642000	8642999	16
chr16	8643000	8643999	4
chr16	8644000	8644999	5
chr16	8645000	8645999	26
chr16	8646000	8646999	22
chr16	8647000	8647999	0
chr16	8648000	8648999	0
chr16	8649000	8649999	0
chr16	8650000	8650999	8
chr16	8651000	8651999	13
chr16	8652000	8652999	29
chr16	8653000	8653999	14
chr16	8654000	8654999	7
chr16	8655000	8655999	24
chr16	8656000	8656999	8
chr16	8657000	8657999	11
chr16	8658000	8658999	18
chr16	8659000	8659999	20
chr16	8660000	8660999	1
chr16	8661000	8661999	13
chr16	8662000	8662999	22
chr16	8663000	8663999	34
chr16	8664000	8664999	26
chr16	8665000	8665999	4
chr16	8666000	8666999	5
chr16	8667000	8667999	44
chr16	8668000	8668999	9
chr16	8669000	8669999	20
chr16	8670000	8670999	20
chr16	8671000	8671999	126
chr16	8672000	8672999	120
chr16	8673000	8673999	3
chr16	8674000	8674999	21
chr16	8675000	8675999	5
chr16	8676000	8676999	14
chr16	8677000	8677999	17
chr16	8678000	8678999	6
chr16	8679000	8679999	2
chr16	8680000	8680999	12
chr16	8681000	8681999	0
chr16	8682000	8682999	4
chr16	8683000	8683999	5
chr16	8684000	8684999	20
chr16	8685000	8685999	24
chr16	8686000	8686999	10
chr16	8687000	8687999	18
chr16	8688000	8688999	8
chr16	8689000	8689999	13
chr16	8690000	8690999	28
chr16	8691000	8691999	18
chr16	8692000	8692999	20
chr16	8693000	8693999	12
chr16	8694000	8694999	4
chr16	8695000	8695999	5
chr16	8696000	8696999	0
chr16	8697000	8697999	16
chr16	8698000	8698999	21
chr16	8699000	8699999	3
chr16	8700000	8700999	36
chr16	8701000	8701999	1
chr16	8702000	8702999	3
chr16	8703000	8703999	20
chr16	8704000	8704999	6
chr16	8705000	8705999	4
chr16	8706000	8706999	7
chr16	8707000	8707999	0
chr16	8708000	8708999	4
chr16	8709000	8709999	14
chr16	8710000	8710999	8
chr16	8711000	8711999	16
chr16	8712000	8712999	19
chr16	8713000	8713999	26
chr16	8714000	8714999	26
chr16	8715000	8715999	29
chr16	8716000	8716999	39
chr16	8717000	8717999	14
chr16	8718000	8718999	23
chr16	8719000	8719999	7
chr16	8720000	8720999	30
chr16	8721000	8721999	18
chr16	8722000	8722999	16
chr16	8723000	8723999	15
chr16	8724000	8724999	31
chr16	8725000	8725999	24
chr16	8726000	8726999	26
chr16	8727000	8727999	1
chr16	8728000	8728999	13
chr16	8729000	8729999	11
chr16	8730000	8730999	15
chr16	8731000	8731999	4
chr16	8732000	8732999	14
chr16	8733000	8733999	65
chr16	8734000	8734999	48
chr16	8735000	8735999	17
chr16	8736000	8736999	54
chr16	8737000	8737999	43
chr16	8738000	8738999	52
chr16	8739000	8739999	40
chr16	8740000	8740999	22
chr16	8741000	8741999	17
chr16	8742000	8742999	1
chr16	8743000	8743999	15
chr16	8744000	8744999	13
chr16	8745000	8745999	3
chr16	8746000	8746999	22
chr16	8747000	8747999	11
chr16	8748000	8748999	47
chr16	8749000	8749999	23
chr16	8750000	8750999	22
chr16	8751000	8751999	15
chr16	8752000	8752999	8
chr16	8753000	8753999	2
chr16	8754000	8754999	31
chr16	8755000	8755999	33
chr16	8756000	8756999	0
chr16	8757000	8757999	14
chr16	8758000	8758999	0
chr16	8759000	8759999	0
chr16	8760000	8760999	2
chr16	8761000	8761999	0
chr16	8762000	8762999	20
chr16	8763000	8763999	4
chr16	8764000	8764999	3
chr16	8765000	8765999	17
chr16	8766000	8766999	30
chr16	8767000	8767999	58
chr16	8768000	8768999	49
chr16	8769000	8769999	43
chr16	8770000	8770999	25
chr16	8771000	8771999	1
chr16	8772000	8772999	6
chr16	8773000	8773999	32
chr16	8774000	8774999	11
chr16	8775000	8775999	6
chr16	8776000	8776999	4
chr16	8777000	8777999	0
chr16	8778000	8778999	17
chr16	8779000	8779999	10
chr16	8780000	8780999	9
chr16	8781000	8781999	6
chr16	8782000	8782999	27
chr16	8783000	8783999	15
chr16	8784000	8784999	31
chr16	8785000	8785999	13
chr16	8786000	8786999	12
chr16	8787000	8787999	13
chr16	8788000	8788999	5
chr16	8789000	8789999	0
chr16	8790000	8790999	0
chr16	8791000	8791999	14
chr16	8792000	8792999	32
chr16	8793000	8793999	5
chr16	8794000	8794999	0
chr16	8795000	8795999	20
chr16	8796000	8796999	0
chr16	8797000	8797999	0
chr16	8798000	8798999	22
chr16	8799000	8799999	16
chr16	8800000	8800999	9
chr16	8801000	8801999	2
chr16	8802000	8802999	0
chr16	8803000	8803999	7
chr16	8804000	8804999	5
chr16	8805000	8805999	15
chr16	8806000	8806999	6
chr16	8807000	8807999	10
chr16	8808000	8808999	7
chr16	8809000	8809999	23
chr16	8810000	8810999	6
chr16	8811000	8811999	7
chr16	8812000	8812999	5
chr16	8813000	8813999	0
chr16	8814000	8814999	2
chr16	8815000	8815999	0
chr16	8816000	8816999	3
chr16	8817000	8817999	2
chr16	8818000	8818999	1
chr16	8819000	8819999	0
chr16	8820000	8820999	33
chr16	8821000	8821999	40
chr16	8822000	8822999	15
chr16	8823000	8823999	51
chr16	8824000	8824999	7
chr16	8825000	8825999	5
chr16	8826000	8826999	3
chr16	8827000	8827999	12
chr16	8828000	8828999	12
chr16	8829000	8829999	232
chr16	8830000	8830999	110
chr16	8831000	8831999	19
chr16	8832000	8832999	11
chr16	8833000	8833999	25
chr16	8834000	8834999	1
chr16	8835000	8835999	32
chr16	8836000	8836999	20
chr16	8837000	8837999	16
chr16	8838000	8838999	4
chr16	8839000	8839999	25
chr16	8840000	8840999	15
chr16	8841000	8841999	11
chr16	8842000	8842999	7
chr16	8843000	8843999	4
chr16	8844000	8844999	14
chr16	8845000	8845999	5
chr16	8846000	8846999	17
chr16	8847000	8847999	6
chr16	8848000	8848999	1
chr16	8849000	8849999	9
chr16	8850000	8850999	4
chr16	8851000	8851999	5
chr16	8852000	8852999	33
chr16	8853000	8853999	6
chr16	8854000	8854999	33
chr16	8855000	8855999	0
chr16	8856000	8856999	3
chr16	8857000	8857999	20
chr16	8858000	8858999	0
chr16	8859000	8859999	10
chr16	8860000	8860999	12
chr16	8861000	8861999	1
chr16	8862000	8862999	73
chr16	8863000	8863999	8
chr16	8864000	8864999	8
chr16	8865000	8865999	15
chr16	8866000	8866999	31
chr16	8867000	8867999	5
chr16	8868000	8868999	9
chr16	8869000	8869999	27
chr16	8870000	8870999	29
chr16	8871000	8871999	18
chr16	8872000	8872999	6
chr16	8873000	8873999	4
chr16	8874000	8874999	0
chr16	8875000	8875999	5
chr16	8876000	8876999	0
chr16	8877000	8877999	14
chr16	8878000	8878999	9
chr16	8879000	8879999	10
chr16	8880000	8880999	6
chr16	8881000	8881999	26
chr16	8882000	8882999	12
chr16	8883000	8883999	17
chr16	8884000	8884999	20
chr16	8885000	8885999	9
chr16	8886000	8886999	9
chr16	8887000	8887999	6
chr16	8888000	8888999	8
chr16	8889000	8889999	0
chr16	8890000	8890999	5
chr16	8891000	8891999	20
chr16	8892000	8892999	12
chr16	8893000	8893999	3
chr16	8894000	8894999	2
chr16	8895000	8895999	0
chr16	8896000	8896999	12
chr16	8897000	8897999	7
chr16	8898000	8898999	12
chr16	8899000	8899999	5
chr16	8900000	8900999	10
chr16	8901000	8901999	19
chr16	8902000	8902999	8
chr16	8903000	8903999	28
chr16	8904000	8904999	5
chr16	8905000	8905999	9
chr16	8906000	8906999	0
chr16	8907000	8907999	9
chr16	8908000	8908999	11
chr16	8909000	8909999	9
chr16	8910000	8910999	8
chr16	8911000	8911999	4
chr16	8912000	8912999	0
chr16	8913000	8913999	0
chr16	8914000	8914999	15
chr16	8915000	8915999	9
chr16	8916000	8916999	25
chr16	8917000	8917999	24
chr16	8918000	8918999	1
chr16	8919000	8919999	0
chr16	8920000	8920999	9
chr16	8921000	8921999	11
chr16	8922000	8922999	5
chr16	8923000	8923999	1
chr16	8924000	8924999	24
chr16	8925000	8925999	9
chr16	8926000	8926999	9
chr16	8927000	8927999	4
chr16	8928000	8928999	2
chr16	8929000	8929999	3
chr16	8930000	8930999	7
chr16	8931000	8931999	11
chr16	8932000	8932999	11
chr16	8933000	8933999	12
chr16	8934000	8934999	4
chr16	8935000	8935999	28
chr16	8936000	8936999	3
chr16	8937000	8937999	10
chr16	8938000	8938999	11
chr16	8939000	8939999	6
chr16	8940000	8940999	0
chr16	8941000	8941999	1
chr16	8942000	8942999	3
chr16	8943000	8943999	12
chr16	8944000	8944999	4
chr16	8945000	8945999	15
chr16	8946000	8946999	24
chr16	8947000	8947999	19
chr16	8948000	8948999	3
chr16	8949000	8949999	12
chr16	8950000	8950999	12
chr16	8951000	8951999	22
chr16	8952000	8952999	30
chr16	8953000	8953999	40
chr16	8954000	8954999	0
chr16	8955000	8955999	0
chr16	8956000	8956999	3
chr16	8957000	8957999	0
chr16	8958000	8958999	0
chr16	8959000	8959999	0
chr16	8960000	8960999	6
chr16	8961000	8961999	4
chr16	8962000	8962999	18
chr16	8963000	8963999	15
chr16	8964000	8964999	15
chr16	8965000	8965999	17
chr16	8966000	8966999	13
chr16	8967000	8967999	15
chr16	8968000	8968999	12
chr16	8969000	8969999	0
chr16	8970000	8970999	3
chr16	8971000	8971999	4
chr16	8972000	8972999	0
chr16	8973000	8973999	4
chr16	8974000	8974999	9
chr16	8975000	8975999	0
chr16	8976000	8976999	26
chr16	8977000	8977999	0
chr16	8978000	8978999	5
chr16	8979000	8979999	0
chr16	8980000	8980999	19
chr16	8981000	8981999	2
chr16	8982000	8982999	22
chr16	8983000	8983999	14
chr16	8984000	8984999	17
chr16	8985000	8985999	0
chr16	8986000	8986999	18
chr16	8987000	8987999	18
chr16	8988000	8988999	18
chr16	8989000	8989999	3
chr16	8990000	8990999	0
chr16	8991000	8991999	8
chr16	8992000	8992999	0
chr16	8993000	8993999	7
chr16	8994000	8994999	0
chr16	8995000	8995999	37
chr16	8996000	8996999	2
chr16	8997000	8997999	7
chr16	8998000	8998999	5
chr16	8999000	8999999	18
chr16	9000000	9000999	16
chr16	9001000	9001999	12
chr16	9002000	9002999	12
chr16	9003000	9003999	3
chr16	9004000	9004999	13
chr16	9005000	9005999	5
chr16	9006000	9006999	49
chr16	9007000	9007999	15
chr16	9008000	9008999	12
chr16	9009000	9009999	30
chr16	9010000	9010999	18
chr16	9011000	9011999	0
chr16	9012000	9012999	17
chr16	9013000	9013999	36
chr16	9014000	9014999	19
chr16	9015000	9015999	0
chr16	9016000	9016999	21
chr16	9017000	9017999	11
chr16	9018000	9018999	0
chr16	9019000	9019999	2
chr16	9020000	9020999	11
chr16	9021000	9021999	7
chr16	9022000	9022999	5
chr16	9023000	9023999	18
chr16	9024000	9024999	17
chr16	9025000	9025999	17
chr16	9026000	9026999	7
chr16	9027000	9027999	4
chr16	9028000	9028999	13
chr16	9029000	9029999	24
chr16	9030000	9030999	13
chr16	9031000	9031999	4
chr16	9032000	9032999	19
chr16	9033000	9033999	1
chr16	9034000	9034999	26
chr16	9035000	9035999	57
chr16	9036000	9036999	1
chr16	9037000	9037999	2
chr16	9038000	9038999	1
chr16	9039000	9039999	9
chr16	9040000	9040999	56
chr16	9041000	9041999	0
chr16	9042000	9042999	35
chr16	9043000	9043999	10
chr16	9044000	9044999	27
chr16	9045000	9045999	0
chr16	9046000	9046999	2
chr16	9047000	9047999	6
chr16	9048000	9048999	6
chr16	9049000	9049999	23
chr16	9050000	9050999	3
chr16	9051000	9051999	0
chr16	9052000	9052999	3
chr16	9053000	9053999	29
chr16	9054000	9054999	5
chr16	9055000	9055999	17
chr16	9056000	9056999	18
chr16	9057000	9057999	29
chr16	9058000	9058999	25
chr16	9059000	9059999	12
chr16	9060000	9060999	5
chr16	9061000	9061999	13
chr16	9062000	9062999	14
chr16	9063000	9063999	2
chr16	9064000	9064999	0
chr16	9065000	9065999	0
chr16	9066000	9066999	0
chr16	9067000	9067999	0
chr16	9068000	9068999	0
chr16	9069000	9069999	0
chr16	9070000	9070999	13
chr16	9071000	9071999	28
chr16	9072000	9072999	4
chr16	9073000	9073999	6
chr16	9074000	9074999	3
chr16	9075000	9075999	0
chr16	9076000	9076999	17
chr16	9077000	9077999	13
chr16	9078000	9078999	7
chr16	9079000	9079999	13
chr16	9080000	9080999	0
chr16	9081000	9081999	13
chr16	9082000	9082999	27
chr16	9083000	9083999	5
chr16	9084000	9084999	12
chr16	9085000	9085999	18
chr16	9086000	9086999	13
chr16	9087000	9087999	9
chr16	9088000	9088999	0
chr16	9089000	9089999	1
chr16	9090000	9090999	12
chr16	9091000	9091999	11
chr16	9092000	9092999	43
chr16	9093000	9093999	10
chr16	9094000	9094999	45
chr16	9095000	9095999	27
chr16	9096000	9096999	15
chr16	9097000	9097999	22
chr16	9098000	9098999	1
chr16	9099000	9099999	4
chr16	9100000	9100999	2
chr16	9101000	9101999	0
chr16	9102000	9102999	11
chr16	9103000	9103999	16
chr16	9104000	9104999	7
chr16	9105000	9105999	6
chr16	9106000	9106999	3
chr16	9107000	9107999	0
chr16	9108000	9108999	23
chr16	9109000	9109999	7
chr16	9110000	9110999	0
chr16	9111000	9111999	12
chr16	9112000	9112999	9
chr16	9113000	9113999	7
chr16	9114000	9114999	0
chr16	9115000	9115999	2
chr16	9116000	9116999	11
chr16	9117000	9117999	12
chr16	9118000	9118999	8
chr16	9119000	9119999	7
chr16	9120000	9120999	2
chr16	9121000	9121999	14
chr16	9122000	9122999	5
chr16	9123000	9123999	2
chr16	9124000	9124999	23
chr16	9125000	9125999	2
chr16	9126000	9126999	17
chr16	9127000	9127999	16
chr16	9128000	9128999	18
chr16	9129000	9129999	7
chr16	9130000	9130999	0
chr16	9131000	9131999	11
chr16	9132000	9132999	1
chr16	9133000	9133999	3
chr16	9134000	9134999	20
chr16	9135000	9135999	0
chr16	9136000	9136999	0
chr16	9137000	9137999	9
chr16	9138000	9138999	26
chr16	9139000	9139999	12
chr16	9140000	9140999	4
chr16	9141000	9141999	2
chr16	9142000	9142999	0
chr16	9143000	9143999	12
chr16	9144000	9144999	0
chr16	9145000	9145999	7
chr16	9146000	9146999	3
chr16	9147000	9147999	0
chr16	9148000	9148999	13
chr16	9149000	9149999	30
chr16	9150000	9150999	1
chr16	9151000	9151999	8
chr16	9152000	9152999	12
chr16	9153000	9153999	4
chr16	9154000	9154999	31
chr16	9155000	9155999	4
chr16	9156000	9156999	6
chr16	9157000	9157999	14
chr16	9158000	9158999	5
chr16	9159000	9159999	17
chr16	9160000	9160999	12
chr16	9161000	9161999	2
chr16	9162000	9162999	0
chr16	9163000	9163999	12
chr16	9164000	9164999	0
chr16	9165000	9165999	32
chr16	9166000	9166999	3
chr16	9167000	9167999	21
chr16	9168000	9168999	0
chr16	9169000	9169999	22
chr16	9170000	9170999	10
chr16	9171000	9171999	0
chr16	9172000	9172999	14
chr16	9173000	9173999	3
chr16	9174000	9174999	0
chr16	9175000	9175999	0
chr16	9176000	9176999	0
chr16	9177000	9177999	0
chr16	9178000	9178999	5
chr16	9179000	9179999	16
chr16	9180000	9180999	1
chr16	9181000	9181999	0
chr16	9182000	9182999	14
chr16	9183000	9183999	20
chr16	9184000	9184999	15
chr16	9185000	9185999	8
chr16	9186000	9186999	8
chr16	9187000	9187999	0
chr16	9188000	9188999	0
chr16	9189000	9189999	5
chr16	9190000	9190999	8
chr16	9191000	9191999	4
chr16	9192000	9192999	21
chr16	9193000	9193999	13
chr16	9194000	9194999	0
chr16	9195000	9195999	22
chr16	9196000	9196999	25
chr16	9197000	9197999	9
chr16	9198000	9198999	0
chr16	9199000	9199999	16
chr16	9200000	9200999	8
chr16	9201000	9201999	50
chr16	9202000	9202999	15
chr16	9203000	9203999	16
chr16	9204000	9204999	10
chr16	9205000	9205999	1
chr16	9206000	9206999	16
chr16	9207000	9207999	13
chr16	9208000	9208999	34
chr16	9209000	9209999	33
chr16	9210000	9210999	23
chr16	9211000	9211999	6
chr16	9212000	9212999	33
chr16	9213000	9213999	12
chr16	9214000	9214999	14
chr16	9215000	9215999	20
chr16	9216000	9216999	12
chr16	9217000	9217999	5
chr16	9218000	9218999	29
chr16	9219000	9219999	15
chr16	9220000	9220999	10
chr16	9221000	9221999	6
chr16	9222000	9222999	7
chr16	9223000	9223999	7
chr16	9224000	9224999	2
chr16	9225000	9225999	1
chr16	9226000	9226999	0
chr16	9227000	9227999	5
chr16	9228000	9228999	5
chr16	9229000	9229999	2
chr16	9230000	9230999	14
chr16	9231000	9231999	4
chr16	9232000	9232999	22
chr16	9233000	9233999	9
chr16	9234000	9234999	0
chr16	9235000	9235999	0
chr16	9236000	9236999	18
chr16	9237000	9237999	16
chr16	9238000	9238999	5
chr16	9239000	9239999	0
chr16	9240000	9240999	0
chr16	9241000	9241999	11
chr16	9242000	9242999	21
chr16	9243000	9243999	3
chr16	9244000	9244999	5
chr16	9245000	9245999	2
chr16	9246000	9246999	11
chr16	9247000	9247999	16
chr16	9248000	9248999	21
chr16	9249000	9249999	17
chr16	9250000	9250999	17
chr16	9251000	9251999	16
chr16	9252000	9252999	4
chr16	9253000	9253999	22
chr16	9254000	9254999	5
chr16	9255000	9255999	10
chr16	9256000	9256999	9
chr16	9257000	9257999	7
chr16	9258000	9258999	16
chr16	9259000	9259999	8
chr16	9260000	9260999	20
chr16	9261000	9261999	0
chr16	9262000	9262999	5
chr16	9263000	9263999	20
chr16	9264000	9264999	10
chr16	9265000	9265999	8
chr16	9266000	9266999	7
chr16	9267000	9267999	1
chr16	9268000	9268999	14
chr16	9269000	9269999	34
chr16	9270000	9270999	23
chr16	9271000	9271999	22
chr16	9272000	9272999	8
chr16	9273000	9273999	1
chr16	9274000	9274999	9
chr16	9275000	9275999	32
chr16	9276000	9276999	9
chr16	9277000	9277999	27
chr16	9278000	9278999	23
chr16	9279000	9279999	19
chr16	9280000	9280999	15
chr16	9281000	9281999	3
chr16	9282000	9282999	0
chr16	9283000	9283999	0
chr16	9284000	9284999	13
chr16	9285000	9285999	23
chr16	9286000	9286999	14
chr16	9287000	9287999	13
chr16	9288000	9288999	0
chr16	9289000	9289999	15
chr16	9290000	9290999	0
chr16	9291000	9291999	0
chr16	9292000	9292999	8
chr16	9293000	9293999	0
chr16	9294000	9294999	0
chr16	9295000	9295999	0
chr16	9296000	9296999	15
chr16	9297000	9297999	5
chr16	9298000	9298999	22
chr16	9299000	9299999	4
chr16	9300000	9300999	17
chr16	9301000	9301999	21
chr16	9302000	9302999	0
chr16	9303000	9303999	9
chr16	9304000	9304999	2
chr16	9305000	9305999	13
chr16	9306000	9306999	24
chr16	9307000	9307999	7
chr16	9308000	9308999	9
chr16	9309000	9309999	1
chr16	9310000	9310999	8
chr16	9311000	9311999	12
chr16	9312000	9312999	14
chr16	9313000	9313999	13
chr16	9314000	9314999	8
chr16	9315000	9315999	19
chr16	9316000	9316999	7
chr16	9317000	9317999	30
chr16	9318000	9318999	0
chr16	9319000	9319999	0
chr16	9320000	9320999	0
chr16	9321000	9321999	12
chr16	9322000	9322999	10
chr16	9323000	9323999	7
chr16	9324000	9324999	24
chr16	9325000	9325999	0
chr16	9326000	9326999	0
chr16	9327000	9327999	2
chr16	9328000	9328999	18
chr16	9329000	9329999	18
chr16	9330000	9330999	18
chr16	9331000	9331999	4
chr16	9332000	9332999	9
chr16	9333000	9333999	6
chr16	9334000	9334999	7
chr16	9335000	9335999	0
chr16	9336000	9336999	7
chr16	9337000	9337999	0
chr16	9338000	9338999	14
chr16	9339000	9339999	13
chr16	9340000	9340999	29
chr16	9341000	9341999	3
chr16	9342000	9342999	9
chr16	9343000	9343999	3
chr16	9344000	9344999	5
chr16	9345000	9345999	13
chr16	9346000	9346999	0
chr16	9347000	9347999	5
chr16	9348000	9348999	16
chr16	9349000	9349999	7
chr16	9350000	9350999	17
chr16	9351000	9351999	0
chr16	9352000	9352999	8
chr16	9353000	9353999	10
chr16	9354000	9354999	15
chr16	9355000	9355999	0
chr16	9356000	9356999	6
chr16	9357000	9357999	6
chr16	9358000	9358999	30
chr16	9359000	9359999	5
chr16	9360000	9360999	26
chr16	9361000	9361999	3
chr16	9362000	9362999	10
chr16	9363000	9363999	10
chr16	9364000	9364999	23
chr16	9365000	9365999	1
chr16	9366000	9366999	7
chr16	9367000	9367999	17
chr16	9368000	9368999	20
chr16	9369000	9369999	17
chr16	9370000	9370999	16
chr16	9371000	9371999	19
chr16	9372000	9372999	13
chr16	9373000	9373999	11
chr16	9374000	9374999	5
chr16	9375000	9375999	23
chr16	9376000	9376999	5
chr16	9377000	9377999	18
chr16	9378000	9378999	59
chr16	9379000	9379999	19
chr16	9380000	9380999	0
chr16	9381000	9381999	0
chr16	9382000	9382999	29
chr16	9383000	9383999	17
chr16	9384000	9384999	8
chr16	9385000	9385999	2
chr16	9386000	9386999	23
chr16	9387000	9387999	15
chr16	9388000	9388999	4
chr16	9389000	9389999	10
chr16	9390000	9390999	1
chr16	9391000	9391999	6
chr16	9392000	9392999	0
chr16	9393000	9393999	21
chr16	9394000	9394999	12
chr16	9395000	9395999	25
chr16	9396000	9396999	0
chr16	9397000	9397999	12
chr16	9398000	9398999	0
chr16	9399000	9399999	0
chr16	9400000	9400999	38
chr16	9401000	9401999	13
chr16	9402000	9402999	2
chr16	9403000	9403999	11
chr16	9404000	9404999	0
chr16	9405000	9405999	5
chr16	9406000	9406999	28
chr16	9407000	9407999	0
chr16	9408000	9408999	1
chr16	9409000	9409999	3
chr16	9410000	9410999	35
chr16	9411000	9411999	0
chr16	9412000	9412999	1
chr16	9413000	9413999	0
chr16	9414000	9414999	18
chr16	9415000	9415999	4
chr16	9416000	9416999	20
chr16	9417000	9417999	14
chr16	9418000	9418999	5
chr16	9419000	9419999	11
chr16	9420000	9420999	22
chr16	9421000	9421999	5
chr16	9422000	9422999	0
chr16	9423000	9423999	5
chr16	9424000	9424999	14
chr16	9425000	9425999	13
chr16	9426000	9426999	5
chr16	9427000	9427999	7
chr16	9428000	9428999	9
chr16	9429000	9429999	29
chr16	9430000	9430999	6
chr16	9431000	9431999	19
chr16	9432000	9432999	19
chr16	9433000	9433999	5
chr16	9434000	9434999	7
chr16	9435000	9435999	18
chr16	9436000	9436999	5
chr16	9437000	9437999	3
chr16	9438000	9438999	14
chr16	9439000	9439999	19
chr16	9440000	9440999	8
chr16	9441000	9441999	12
chr16	9442000	9442999	1
chr16	9443000	9443999	36
chr16	9444000	9444999	0
chr16	9445000	9445999	7
chr16	9446000	9446999	10
chr16	9447000	9447999	2
chr16	9448000	9448999	0
chr16	9449000	9449999	4
chr16	9450000	9450999	0
chr16	9451000	9451999	0
chr16	9452000	9452999	5
chr16	9453000	9453999	12
chr16	9454000	9454999	31
chr16	9455000	9455999	23
chr16	9456000	9456999	13
chr16	9457000	9457999	13
chr16	9458000	9458999	2
chr16	9459000	9459999	7
chr16	9460000	9460999	13
chr16	9461000	9461999	3
chr16	9462000	9462999	18
chr16	9463000	9463999	4
chr16	9464000	9464999	7
chr16	9465000	9465999	8
chr16	9466000	9466999	8
chr16	9467000	9467999	13
chr16	9468000	9468999	13
chr16	9469000	9469999	20
chr16	9470000	9470999	4
chr16	9471000	9471999	0
chr16	9472000	9472999	0
chr16	9473000	9473999	6
chr16	9474000	9474999	12
chr16	9475000	9475999	0
chr16	9476000	9476999	0
chr16	9477000	9477999	6
chr16	9478000	9478999	11
chr16	9479000	9479999	73
chr16	9480000	9480999	34
chr16	9481000	9481999	3
chr16	9482000	9482999	16
chr16	9483000	9483999	11
chr16	9484000	9484999	1
chr16	9485000	9485999	13
chr16	9486000	9486999	11
chr16	9487000	9487999	42
chr16	9488000	9488999	10
chr16	9489000	9489999	35
chr16	9490000	9490999	2
chr16	9491000	9491999	5
chr16	9492000	9492999	4
chr16	9493000	9493999	6
chr16	9494000	9494999	3
chr16	9495000	9495999	7
chr16	9496000	9496999	15
chr16	9497000	9497999	6
chr16	9498000	9498999	27
chr16	9499000	9499999	4
chr16	9500000	9500999	1
chr16	9501000	9501999	23
chr16	9502000	9502999	11
chr16	9503000	9503999	17
chr16	9504000	9504999	1
chr16	9505000	9505999	17
chr16	9506000	9506999	1
chr16	9507000	9507999	12
chr16	9508000	9508999	30
chr16	9509000	9509999	4
chr16	9510000	9510999	4
chr16	9511000	9511999	0
chr16	9512000	9512999	8
chr16	9513000	9513999	2
chr16	9514000	9514999	15
chr16	9515000	9515999	0
chr16	9516000	9516999	26
chr16	9517000	9517999	5
chr16	9518000	9518999	7
chr16	9519000	9519999	8
chr16	9520000	9520999	0
chr16	9521000	9521999	25
chr16	9522000	9522999	13
chr16	9523000	9523999	34
chr16	9524000	9524999	11
chr16	9525000	9525999	0
chr16	9526000	9526999	15
chr16	9527000	9527999	4
chr16	9528000	9528999	29
chr16	9529000	9529999	14
chr16	9530000	9530999	8
chr16	9531000	9531999	3
chr16	9532000	9532999	7
chr16	9533000	9533999	6
chr16	9534000	9534999	19
chr16	9535000	9535999	30
chr16	9536000	9536999	4
chr16	9537000	9537999	11
chr16	9538000	9538999	9
chr16	9539000	9539999	0
chr16	9540000	9540999	3
chr16	9541000	9541999	6
chr16	9542000	9542999	24
chr16	9543000	9543999	11
chr16	9544000	9544999	3
chr16	9545000	9545999	35
chr16	9546000	9546999	0
chr16	9547000	9547999	12
chr16	9548000	9548999	9
chr16	9549000	9549999	14
chr16	9550000	9550999	25
chr16	9551000	9551999	6
chr16	9552000	9552999	12
chr16	9553000	9553999	10
chr16	9554000	9554999	15
chr16	9555000	9555999	5
chr16	9556000	9556999	14
chr16	9557000	9557999	12
chr16	9558000	9558999	9
chr16	9559000	9559999	10
chr16	9560000	9560999	6
chr16	9561000	9561999	0
chr16	9562000	9562999	7
chr16	9563000	9563999	3
chr16	9564000	9564999	9
chr16	9565000	9565999	0
chr16	9566000	9566999	12
chr16	9567000	9567999	2
chr16	9568000	9568999	6
chr16	9569000	9569999	4
chr16	9570000	9570999	25
chr16	9571000	9571999	4
chr16	9572000	9572999	3
chr16	9573000	9573999	8
chr16	9574000	9574999	8
chr16	9575000	9575999	26
chr16	9576000	9576999	0
chr16	9577000	9577999	0
chr16	9578000	9578999	0
chr16	9579000	9579999	7
chr16	9580000	9580999	17
chr16	9581000	9581999	9
chr16	9582000	9582999	11
chr16	9583000	9583999	9
chr16	9584000	9584999	2
chr16	9585000	9585999	25
chr16	9586000	9586999	16
chr16	9587000	9587999	4
chr16	9588000	9588999	17
chr16	9589000	9589999	17
chr16	9590000	9590999	0
chr16	9591000	9591999	0
chr16	9592000	9592999	28
chr16	9593000	9593999	0
chr16	9594000	9594999	13
chr16	9595000	9595999	12
chr16	9596000	9596999	0
chr16	9597000	9597999	4
chr16	9598000	9598999	7
chr16	9599000	9599999	1
chr16	9600000	9600999	14
chr16	9601000	9601999	10
chr16	9602000	9602999	15
chr16	9603000	9603999	29
chr16	9604000	9604999	11
chr16	9605000	9605999	24
chr16	9606000	9606999	11
chr16	9607000	9607999	6
chr16	9608000	9608999	17
chr16	9609000	9609999	7
chr16	9610000	9610999	9
chr16	9611000	9611999	3
chr16	9612000	9612999	9
chr16	9613000	9613999	16
chr16	9614000	9614999	0
chr16	9615000	9615999	10
chr16	9616000	9616999	3
chr16	9617000	9617999	18
chr16	9618000	9618999	21
chr16	9619000	9619999	6
chr16	9620000	9620999	33
chr16	9621000	9621999	0
chr16	9622000	9622999	0
chr16	9623000	9623999	23
chr16	9624000	9624999	0
chr16	9625000	9625999	18
chr16	9626000	9626999	4
chr16	9627000	9627999	24
chr16	9628000	9628999	5
chr16	9629000	9629999	6
chr16	9630000	9630999	17
chr16	9631000	9631999	2
chr16	9632000	9632999	10
chr16	9633000	9633999	4
chr16	9634000	9634999	5
chr16	9635000	9635999	14
chr16	9636000	9636999	3
chr16	9637000	9637999	5
chr16	9638000	9638999	18
chr16	9639000	9639999	4
chr16	9640000	9640999	3
chr16	9641000	9641999	5
chr16	9642000	9642999	12
chr16	9643000	9643999	4
chr16	9644000	9644999	18
chr16	9645000	9645999	9
chr16	9646000	9646999	0
chr16	9647000	9647999	2
chr16	9648000	9648999	26
chr16	9649000	9649999	19
chr16	9650000	9650999	12
chr16	9651000	9651999	12
chr16	9652000	9652999	6
chr16	9653000	9653999	0
chr16	9654000	9654999	20
chr16	9655000	9655999	8
chr16	9656000	9656999	2
chr16	9657000	9657999	6
chr16	9658000	9658999	11
chr16	9659000	9659999	6
chr16	9660000	9660999	13
chr16	9661000	9661999	21
chr16	9662000	9662999	0
chr16	9663000	9663999	19
chr16	9664000	9664999	5
chr16	9665000	9665999	16
chr16	9666000	9666999	11
chr16	9667000	9667999	20
chr16	9668000	9668999	14
chr16	9669000	9669999	7
chr16	9670000	9670999	21
chr16	9671000	9671999	0
chr16	9672000	9672999	24
chr16	9673000	9673999	23
chr16	9674000	9674999	14
chr16	9675000	9675999	17
chr16	9676000	9676999	22
chr16	9677000	9677999	7
chr16	9678000	9678999	17
chr16	9679000	9679999	11
chr16	9680000	9680999	17
chr16	9681000	9681999	9
chr16	9682000	9682999	8
chr16	9683000	9683999	17
chr16	9684000	9684999	4
chr16	9685000	9685999	23
chr16	9686000	9686999	28
chr16	9687000	9687999	10
chr16	9688000	9688999	4
chr16	9689000	9689999	1
chr16	9690000	9690999	1
chr16	9691000	9691999	16
chr16	9692000	9692999	6
chr16	9693000	9693999	37
chr16	9694000	9694999	11
chr16	9695000	9695999	5
chr16	9696000	9696999	4
chr16	9697000	9697999	8
chr16	9698000	9698999	0
chr16	9699000	9699999	8
chr16	9700000	9700999	6
chr16	9701000	9701999	30
chr16	9702000	9702999	7
chr16	9703000	9703999	11
chr16	9704000	9704999	25
chr16	9705000	9705999	1
chr16	9706000	9706999	37
chr16	9707000	9707999	22
chr16	9708000	9708999	9
chr16	9709000	9709999	29
chr16	9710000	9710999	6
chr16	9711000	9711999	10
chr16	9712000	9712999	23
chr16	9713000	9713999	25
chr16	9714000	9714999	3
chr16	9715000	9715999	6
chr16	9716000	9716999	2
chr16	9717000	9717999	33
chr16	9718000	9718999	61
chr16	9719000	9719999	15
chr16	9720000	9720999	3
chr16	9721000	9721999	6
chr16	9722000	9722999	19
chr16	9723000	9723999	0
chr16	9724000	9724999	8
chr16	9725000	9725999	14
chr16	9726000	9726999	15
chr16	9727000	9727999	0
chr16	9728000	9728999	2
chr16	9729000	9729999	13
chr16	9730000	9730999	3
chr16	9731000	9731999	8
chr16	9732000	9732999	17
chr16	9733000	9733999	9
chr16	9734000	9734999	19
chr16	9735000	9735999	14
chr16	9736000	9736999	21
chr16	9737000	9737999	6
chr16	9738000	9738999	5
chr16	9739000	9739999	0
chr16	9740000	9740999	12
chr16	9741000	9741999	4
chr16	9742000	9742999	1
chr16	9743000	9743999	7
chr16	9744000	9744999	0
chr16	9745000	9745999	18
chr16	9746000	9746999	8
chr16	9747000	9747999	17
chr16	9748000	9748999	9
chr16	9749000	9749999	1
chr16	9750000	9750999	18
chr16	9751000	9751999	0
chr16	9752000	9752999	25
chr16	9753000	9753999	18
chr16	9754000	9754999	2
chr16	9755000	9755999	6
chr16	9756000	9756999	0
chr16	9757000	9757999	27
chr16	9758000	9758999	5
chr16	9759000	9759999	2
chr16	9760000	9760999	3
chr16	9761000	9761999	5
chr16	9762000	9762999	4
chr16	9763000	9763999	12
chr16	9764000	9764999	10
chr16	9765000	9765999	5
chr16	9766000	9766999	14
chr16	9767000	9767999	1
chr16	9768000	9768999	15
chr16	9769000	9769999	25
chr16	9770000	9770999	0
chr16	9771000	9771999	4
chr16	9772000	9772999	13
chr16	9773000	9773999	1
chr16	9774000	9774999	1
chr16	9775000	9775999	8
chr16	9776000	9776999	18
chr16	9777000	9777999	2
chr16	9778000	9778999	9
chr16	9779000	9779999	11
chr16	9780000	9780999	6
chr16	9781000	9781999	4
chr16	9782000	9782999	17
chr16	9783000	9783999	7
chr16	9784000	9784999	2
chr16	9785000	9785999	3
chr16	9786000	9786999	7
chr16	9787000	9787999	10
chr16	9788000	9788999	5
chr16	9789000	9789999	6
chr16	9790000	9790999	0
chr16	9791000	9791999	13
chr16	9792000	9792999	22
chr16	9793000	9793999	9
chr16	9794000	9794999	0
chr16	9795000	9795999	7
chr16	9796000	9796999	0
chr16	9797000	9797999	0
chr16	9798000	9798999	5
chr16	9799000	9799999	19
chr16	9800000	9800999	13
chr16	9801000	9801999	29
chr16	9802000	9802999	8
chr16	9803000	9803999	16
chr16	9804000	9804999	15
chr16	9805000	9805999	4
chr16	9806000	9806999	11
chr16	9807000	9807999	3
chr16	9808000	9808999	5
chr16	9809000	9809999	22
chr16	9810000	9810999	24
chr16	9811000	9811999	0
chr16	9812000	9812999	8
chr16	9813000	9813999	18
chr16	9814000	9814999	3
chr16	9815000	9815999	11
chr16	9816000	9816999	17
chr16	9817000	9817999	20
chr16	9818000	9818999	0
chr16	9819000	9819999	10
chr16	9820000	9820999	10
chr16	9821000	9821999	0
chr16	9822000	9822999	19
chr16	9823000	9823999	11
chr16	9824000	9824999	7
chr16	9825000	9825999	33
chr16	9826000	9826999	1
chr16	9827000	9827999	66
chr16	9828000	9828999	1
chr16	9829000	9829999	1
chr16	9830000	9830999	6
chr16	9831000	9831999	19
chr16	9832000	9832999	3
chr16	9833000	9833999	7
chr16	9834000	9834999	0
chr16	9835000	9835999	11
chr16	9836000	9836999	5
chr16	9837000	9837999	16
chr16	9838000	9838999	6
chr16	9839000	9839999	15
chr16	9840000	9840999	21
chr16	9841000	9841999	24
chr16	9842000	9842999	13
chr16	9843000	9843999	20
chr16	9844000	9844999	15
chr16	9845000	9845999	16
chr16	9846000	9846999	34
chr16	9847000	9847999	4
chr16	9848000	9848999	7
chr16	9849000	9849999	15
chr16	9850000	9850999	10
chr16	9851000	9851999	6
chr16	9852000	9852999	4
chr16	9853000	9853999	20
chr16	9854000	9854999	1
chr16	9855000	9855999	19
chr16	9856000	9856999	27
chr16	9857000	9857999	23
chr16	9858000	9858999	7
chr16	9859000	9859999	28
chr16	9860000	9860999	13
chr16	9861000	9861999	2
chr16	9862000	9862999	23
chr16	9863000	9863999	0
chr16	9864000	9864999	13
chr16	9865000	9865999	14
chr16	9866000	9866999	11
chr16	9867000	9867999	8
chr16	9868000	9868999	0
chr16	9869000	9869999	0
chr16	9870000	9870999	0
chr16	9871000	9871999	0
chr16	9872000	9872999	0
chr16	9873000	9873999	0
chr16	9874000	9874999	34
chr16	9875000	9875999	4
chr16	9876000	9876999	0
chr16	9877000	9877999	15
chr16	9878000	9878999	1
chr16	9879000	9879999	6
chr16	9880000	9880999	7
chr16	9881000	9881999	0
chr16	9882000	9882999	18
chr16	9883000	9883999	12
chr16	9884000	9884999	13
chr16	9885000	9885999	14
chr16	9886000	9886999	11
chr16	9887000	9887999	3
chr16	9888000	9888999	12
chr16	9889000	9889999	20
chr16	9890000	9890999	5
chr16	9891000	9891999	33
chr16	9892000	9892999	17
chr16	9893000	9893999	4
chr16	9894000	9894999	0
chr16	9895000	9895999	5
chr16	9896000	9896999	23
chr16	9897000	9897999	17
chr16	9898000	9898999	0
chr16	9899000	9899999	22
chr16	9900000	9900999	21
chr16	9901000	9901999	8
chr16	9902000	9902999	25
chr16	9903000	9903999	68
chr16	9904000	9904999	6
chr16	9905000	9905999	28
chr16	9906000	9906999	34
chr16	9907000	9907999	11
chr16	9908000	9908999	16
chr16	9909000	9909999	20
chr16	9910000	9910999	23
chr16	9911000	9911999	18
chr16	9912000	9912999	4
chr16	9913000	9913999	21
chr16	9914000	9914999	5
chr16	9915000	9915999	4
chr16	9916000	9916999	0
chr16	9917000	9917999	0
chr16	9918000	9918999	27
chr16	9919000	9919999	11
chr16	9920000	9920999	15
chr16	9921000	9921999	8
chr16	9922000	9922999	8
chr16	9923000	9923999	4
chr16	9924000	9924999	4
chr16	9925000	9925999	18
chr16	9926000	9926999	10
chr16	9927000	9927999	11
chr16	9928000	9928999	28
chr16	9929000	9929999	4
chr16	9930000	9930999	10
chr16	9931000	9931999	8
chr16	9932000	9932999	0
chr16	9933000	9933999	0
chr16	9934000	9934999	0
chr16	9935000	9935999	8
chr16	9936000	9936999	3
chr16	9937000	9937999	8
chr16	9938000	9938999	11
chr16	9939000	9939999	7
chr16	9940000	9940999	12
chr16	9941000	9941999	13
chr16	9942000	9942999	24
chr16	9943000	9943999	7
chr16	9944000	9944999	7
chr16	9945000	9945999	12
chr16	9946000	9946999	14
chr16	9947000	9947999	6
chr16	9948000	9948999	10
chr16	9949000	9949999	7
chr16	9950000	9950999	7
chr16	9951000	9951999	4
chr16	9952000	9952999	36
chr16	9953000	9953999	12
chr16	9954000	9954999	4
chr16	9955000	9955999	4
chr16	9956000	9956999	4
chr16	9957000	9957999	6
chr16	9958000	9958999	39
chr16	9959000	9959999	5
chr16	9960000	9960999	15
chr16	9961000	9961999	7
chr16	9962000	9962999	9
chr16	9963000	9963999	27
chr16	9964000	9964999	15
chr16	9965000	9965999	6
chr16	9966000	9966999	20
chr16	9967000	9967999	15
chr16	9968000	9968999	23
chr16	9969000	9969999	0
chr16	9970000	9970999	21
chr16	9971000	9971999	8
chr16	9972000	9972999	0
chr16	9973000	9973999	49
chr16	9974000	9974999	0
chr16	9975000	9975999	5
chr16	9976000	9976999	12
chr16	9977000	9977999	18
chr16	9978000	9978999	8
chr16	9979000	9979999	7
chr16	9980000	9980999	13
chr16	9981000	9981999	0
chr16	9982000	9982999	0
chr16	9983000	9983999	7
chr16	9984000	9984999	22
chr16	9985000	9985999	9
chr16	9986000	9986999	26
chr16	9987000	9987999	7
chr16	9988000	9988999	18
chr16	9989000	9989999	21
chr16	9990000	9990999	11
chr16	9991000	9991999	6
chr16	9992000	9992999	20
chr16	9993000	9993999	8
chr16	9994000	9994999	37
chr16	9995000	9995999	3
chr16	9996000	9996999	18
chr16	9997000	9997999	0
chr16	9998000	9998999	7
chr16	9999000	9999999	26
chr16	10000000	10000999	6
chr16	10001000	10001999	4
chr16	10002000	10002999	25
chr16	10003000	10003999	1
chr16	10004000	10004999	38
chr16	10005000	10005999	22
chr16	10006000	10006999	19
chr16	10007000	10007999	11
chr16	10008000	10008999	7
chr16	10009000	10009999	4
chr16	10010000	10010999	4
chr16	10011000	10011999	10
chr16	10012000	10012999	10
chr16	10013000	10013999	0
chr16	10014000	10014999	0
chr16	10015000	10015999	4
chr16	10016000	10016999	3
chr16	10017000	10017999	18
chr16	10018000	10018999	24
chr16	10019000	10019999	6
chr16	10020000	10020999	30
chr16	10021000	10021999	3
chr16	10022000	10022999	8
chr16	10023000	10023999	3
chr16	10024000	10024999	30
chr16	10025000	10025999	0
chr16	10026000	10026999	19
chr16	10027000	10027999	11
chr16	10028000	10028999	24
chr16	10029000	10029999	5
chr16	10030000	10030999	15
chr16	10031000	10031999	2
chr16	10032000	10032999	11
chr16	10033000	10033999	21
chr16	10034000	10034999	3
chr16	10035000	10035999	19
chr16	10036000	10036999	9
chr16	10037000	10037999	13
chr16	10038000	10038999	0
chr16	10039000	10039999	14
chr16	10040000	10040999	19
chr16	10041000	10041999	0
chr16	10042000	10042999	19
chr16	10043000	10043999	23
chr16	10044000	10044999	8
chr16	10045000	10045999	29
chr16	10046000	10046999	20
chr16	10047000	10047999	3
chr16	10048000	10048999	1
chr16	10049000	10049999	10
chr16	10050000	10050999	0
chr16	10051000	10051999	7
chr16	10052000	10052999	19
chr16	10053000	10053999	14
chr16	10054000	10054999	8
chr16	10055000	10055999	0
chr16	10056000	10056999	26
chr16	10057000	10057999	7
chr16	10058000	10058999	7
chr16	10059000	10059999	0
chr16	10060000	10060999	17
chr16	10061000	10061999	3
chr16	10062000	10062999	13
chr16	10063000	10063999	3
chr16	10064000	10064999	13
chr16	10065000	10065999	8
chr16	10066000	10066999	8
chr16	10067000	10067999	16
chr16	10068000	10068999	28
chr16	10069000	10069999	40
chr16	10070000	10070999	33
chr16	10071000	10071999	0
chr16	10072000	10072999	34
chr16	10073000	10073999	51
chr16	10074000	10074999	8
chr16	10075000	10075999	9
chr16	10076000	10076999	31
chr16	10077000	10077999	7
chr16	10078000	10078999	9
chr16	10079000	10079999	19
chr16	10080000	10080999	20
chr16	10081000	10081999	15
chr16	10082000	10082999	13
chr16	10083000	10083999	5
chr16	10084000	10084999	9
chr16	10085000	10085999	17
chr16	10086000	10086999	5
chr16	10087000	10087999	5
chr16	10088000	10088999	43
chr16	10089000	10089999	6
chr16	10090000	10090999	0
chr16	10091000	10091999	4
chr16	10092000	10092999	7
chr16	10093000	10093999	18
chr16	10094000	10094999	2
chr16	10095000	10095999	16
chr16	10096000	10096999	20
chr16	10097000	10097999	32
chr16	10098000	10098999	30
chr16	10099000	10099999	6
chr16	10100000	10100999	17
chr16	10101000	10101999	3
chr16	10102000	10102999	7
chr16	10103000	10103999	3
chr16	10104000	10104999	6
chr16	10105000	10105999	4
chr16	10106000	10106999	15
chr16	10107000	10107999	2
chr16	10108000	10108999	3
chr16	10109000	10109999	1
chr16	10110000	10110999	0
chr16	10111000	10111999	3
chr16	10112000	10112999	6
chr16	10113000	10113999	0
chr16	10114000	10114999	7
chr16	10115000	10115999	0
chr16	10116000	10116999	0
chr16	10117000	10117999	4
chr16	10118000	10118999	0
chr16	10119000	10119999	11
chr16	10120000	10120999	10
chr16	10121000	10121999	29
chr16	10122000	10122999	0
chr16	10123000	10123999	1
chr16	10124000	10124999	9
chr16	10125000	10125999	31
chr16	10126000	10126999	0
chr16	10127000	10127999	17
chr16	10128000	10128999	14
chr16	10129000	10129999	0
chr16	10130000	10130999	21
chr16	10131000	10131999	22
chr16	10132000	10132999	9
chr16	10133000	10133999	6
chr16	10134000	10134999	13
chr16	10135000	10135999	11
chr16	10136000	10136999	6
chr16	10137000	10137999	0
chr16	10138000	10138999	0
chr16	10139000	10139999	12
chr16	10140000	10140999	10
chr16	10141000	10141999	13
chr16	10142000	10142999	19
chr16	10143000	10143999	25
chr16	10144000	10144999	0
chr16	10145000	10145999	14
chr16	10146000	10146999	31
chr16	10147000	10147999	9
chr16	10148000	10148999	0
chr16	10149000	10149999	14
chr16	10150000	10150999	19
chr16	10151000	10151999	28
chr16	10152000	10152999	1
chr16	10153000	10153999	0
chr16	10154000	10154999	0
chr16	10155000	10155999	18
chr16	10156000	10156999	12
chr16	10157000	10157999	21
chr16	10158000	10158999	21
chr16	10159000	10159999	0
chr16	10160000	10160999	22
chr16	10161000	10161999	7
chr16	10162000	10162999	7
chr16	10163000	10163999	27
chr16	10164000	10164999	16
chr16	10165000	10165999	23
chr16	10166000	10166999	16
chr16	10167000	10167999	5
chr16	10168000	10168999	10
chr16	10169000	10169999	0
chr16	10170000	10170999	19
chr16	10171000	10171999	0
chr16	10172000	10172999	16
chr16	10173000	10173999	0
chr16	10174000	10174999	22
chr16	10175000	10175999	12
chr16	10176000	10176999	7
chr16	10177000	10177999	41
chr16	10178000	10178999	9
chr16	10179000	10179999	0
chr16	10180000	10180999	7
chr16	10181000	10181999	8
chr16	10182000	10182999	0
chr16	10183000	10183999	8
chr16	10184000	10184999	0
chr16	10185000	10185999	6
chr16	10186000	10186999	0
chr16	10187000	10187999	19
chr16	10188000	10188999	2
chr16	10189000	10189999	36
chr16	10190000	10190999	2
chr16	10191000	10191999	16
chr16	10192000	10192999	37
chr16	10193000	10193999	52
chr16	10194000	10194999	14
chr16	10195000	10195999	27
chr16	10196000	10196999	19
chr16	10197000	10197999	3
chr16	10198000	10198999	32
chr16	10199000	10199999	0
chr16	10200000	10200999	21
chr16	10201000	10201999	2
chr16	10202000	10202999	5
chr16	10203000	10203999	4
chr16	10204000	10204999	16
chr16	10205000	10205999	8
chr16	10206000	10206999	19
chr16	10207000	10207999	3
chr16	10208000	10208999	14
chr16	10209000	10209999	35
chr16	10210000	10210999	25
chr16	10211000	10211999	11
chr16	10212000	10212999	3
chr16	10213000	10213999	25
chr16	10214000	10214999	11
chr16	10215000	10215999	1
chr16	10216000	10216999	9
chr16	10217000	10217999	0
chr16	10218000	10218999	0
chr16	10219000	10219999	0
chr16	10220000	10220999	0
chr16	10221000	10221999	0
chr16	10222000	10222999	0
chr16	10223000	10223999	0
chr16	10224000	10224999	14
chr16	10225000	10225999	0
chr16	10226000	10226999	6
chr16	10227000	10227999	14
chr16	10228000	10228999	15
chr16	10229000	10229999	14
chr16	10230000	10230999	4
chr16	10231000	10231999	6
chr16	10232000	10232999	3
chr16	10233000	10233999	4
chr16	10234000	10234999	2
chr16	10235000	10235999	0
chr16	10236000	10236999	2
chr16	10237000	10237999	0
chr16	10238000	10238999	14
chr16	10239000	10239999	11
chr16	10240000	10240999	5
chr16	10241000	10241999	11
chr16	10242000	10242999	8
chr16	10243000	10243999	14
chr16	10244000	10244999	23
chr16	10245000	10245999	0
chr16	10246000	10246999	13
chr16	10247000	10247999	4
chr16	10248000	10248999	0
chr16	10249000	10249999	12
chr16	10250000	10250999	41
chr16	10251000	10251999	11
chr16	10252000	10252999	0
chr16	10253000	10253999	0
chr16	10254000	10254999	17
chr16	10255000	10255999	0
chr16	10256000	10256999	10
chr16	10257000	10257999	1
chr16	10258000	10258999	6
chr16	10259000	10259999	13
chr16	10260000	10260999	0
chr16	10261000	10261999	13
chr16	10262000	10262999	9
chr16	10263000	10263999	0
chr16	10264000	10264999	5
chr16	10265000	10265999	0
chr16	10266000	10266999	6
chr16	10267000	10267999	2
chr16	10268000	10268999	20
chr16	10269000	10269999	23
chr16	10270000	10270999	6
chr16	10271000	10271999	2
chr16	10272000	10272999	35
chr16	10273000	10273999	11
chr16	10274000	10274999	19
chr16	10275000	10275999	17
chr16	10276000	10276999	6
chr16	10277000	10277999	7
chr16	10278000	10278999	6
chr16	10279000	10279999	26
chr16	10280000	10280999	9
chr16	10281000	10281999	7
chr16	10282000	10282999	17
chr16	10283000	10283999	5
chr16	10284000	10284999	15
chr16	10285000	10285999	11
chr16	10286000	10286999	7
chr16	10287000	10287999	9
chr16	10288000	10288999	7
chr16	10289000	10289999	7
chr16	10290000	10290999	16
chr16	10291000	10291999	15
chr16	10292000	10292999	5
chr16	10293000	10293999	4
chr16	10294000	10294999	3
chr16	10295000	10295999	6
chr16	10296000	10296999	9
chr16	10297000	10297999	17
chr16	10298000	10298999	22
chr16	10299000	10299999	11
chr16	10300000	10300999	11
chr16	10301000	10301999	7
chr16	10302000	10302999	20
chr16	10303000	10303999	1
chr16	10304000	10304999	6
chr16	10305000	10305999	0
chr16	10306000	10306999	3
chr16	10307000	10307999	1
chr16	10308000	10308999	8
chr16	10309000	10309999	0
chr16	10310000	10310999	8
chr16	10311000	10311999	16
chr16	10312000	10312999	11
chr16	10313000	10313999	17
chr16	10314000	10314999	0
chr16	10315000	10315999	13
chr16	10316000	10316999	5
chr16	10317000	10317999	2
chr16	10318000	10318999	18
chr16	10319000	10319999	7
chr16	10320000	10320999	9
chr16	10321000	10321999	21
chr16	10322000	10322999	0
chr16	10323000	10323999	9
chr16	10324000	10324999	5
chr16	10325000	10325999	17
chr16	10326000	10326999	15
chr16	10327000	10327999	4
chr16	10328000	10328999	26
chr16	10329000	10329999	44
chr16	10330000	10330999	16
chr16	10331000	10331999	28
chr16	10332000	10332999	13
chr16	10333000	10333999	4
chr16	10334000	10334999	15
chr16	10335000	10335999	5
chr16	10336000	10336999	5
chr16	10337000	10337999	25
chr16	10338000	10338999	12
chr16	10339000	10339999	6
chr16	10340000	10340999	0
chr16	10341000	10341999	6
chr16	10342000	10342999	30
chr16	10343000	10343999	29
chr16	10344000	10344999	8
chr16	10345000	10345999	0
chr16	10346000	10346999	10
chr16	10347000	10347999	53
chr16	10348000	10348999	12
chr16	10349000	10349999	12
chr16	10350000	10350999	5
chr16	10351000	10351999	7
chr16	10352000	10352999	6
chr16	10353000	10353999	3
chr16	10354000	10354999	7
chr16	10355000	10355999	26
chr16	10356000	10356999	14
chr16	10357000	10357999	8
chr16	10358000	10358999	60
chr16	10359000	10359999	7
chr16	10360000	10360999	8
chr16	10361000	10361999	7
chr16	10362000	10362999	14
chr16	10363000	10363999	6
chr16	10364000	10364999	3
chr16	10365000	10365999	7
chr16	10366000	10366999	16
chr16	10367000	10367999	6
chr16	10368000	10368999	4
chr16	10369000	10369999	3
chr16	10370000	10370999	14
chr16	10371000	10371999	6
chr16	10372000	10372999	6
chr16	10373000	10373999	4
chr16	10374000	10374999	17
chr16	10375000	10375999	48
chr16	10376000	10376999	3
chr16	10377000	10377999	12
chr16	10378000	10378999	9
chr16	10379000	10379999	9
chr16	10380000	10380999	6
chr16	10381000	10381999	0
chr16	10382000	10382999	12
chr16	10383000	10383999	0
chr16	10384000	10384999	21
chr16	10385000	10385999	16
chr16	10386000	10386999	14
chr16	10387000	10387999	1
chr16	10388000	10388999	10
chr16	10389000	10389999	7
chr16	10390000	10390999	24
chr16	10391000	10391999	7
chr16	10392000	10392999	19
chr16	10393000	10393999	9
chr16	10394000	10394999	15
chr16	10395000	10395999	3
chr16	10396000	10396999	2
chr16	10397000	10397999	15
chr16	10398000	10398999	17
chr16	10399000	10399999	34
chr16	10400000	10400999	0
chr16	10401000	10401999	0
chr16	10402000	10402999	0
chr16	10403000	10403999	0
chr16	10404000	10404999	0
chr16	10405000	10405999	0
chr16	10406000	10406999	23
chr16	10407000	10407999	5
chr16	10408000	10408999	22
chr16	10409000	10409999	25
chr16	10410000	10410999	23
chr16	10411000	10411999	94
chr16	10412000	10412999	79
chr16	10413000	10413999	0
chr16	10414000	10414999	7
chr16	10415000	10415999	25
chr16	10416000	10416999	15
chr16	10417000	10417999	25
chr16	10418000	10418999	14
chr16	10419000	10419999	35
chr16	10420000	10420999	13
chr16	10421000	10421999	22
chr16	10422000	10422999	21
chr16	10423000	10423999	17
chr16	10424000	10424999	14
chr16	10425000	10425999	7
chr16	10426000	10426999	13
chr16	10427000	10427999	0
chr16	10428000	10428999	8
chr16	10429000	10429999	3
chr16	10430000	10430999	4
chr16	10431000	10431999	11
chr16	10432000	10432999	9
chr16	10433000	10433999	2
chr16	10434000	10434999	21
chr16	10435000	10435999	15
chr16	10436000	10436999	26
chr16	10437000	10437999	12
chr16	10438000	10438999	16
chr16	10439000	10439999	46
chr16	10440000	10440999	17
chr16	10441000	10441999	21
chr16	10442000	10442999	5
chr16	10443000	10443999	0
chr16	10444000	10444999	10
chr16	10445000	10445999	3
chr16	10446000	10446999	13
chr16	10447000	10447999	14
chr16	10448000	10448999	3
chr16	10449000	10449999	20
chr16	10450000	10450999	26
chr16	10451000	10451999	31
chr16	10452000	10452999	65
chr16	10453000	10453999	11
chr16	10454000	10454999	32
chr16	10455000	10455999	24
chr16	10456000	10456999	10
chr16	10457000	10457999	1
chr16	10458000	10458999	1
chr16	10459000	10459999	13
chr16	10460000	10460999	9
chr16	10461000	10461999	5
chr16	10462000	10462999	0
chr16	10463000	10463999	28
chr16	10464000	10464999	0
chr16	10465000	10465999	17
chr16	10466000	10466999	29
chr16	10467000	10467999	14
chr16	10468000	10468999	20
chr16	10469000	10469999	0
chr16	10470000	10470999	19
chr16	10471000	10471999	14
chr16	10472000	10472999	9
chr16	10473000	10473999	5
chr16	10474000	10474999	2
chr16	10475000	10475999	7
chr16	10476000	10476999	20
chr16	10477000	10477999	16
chr16	10478000	10478999	7
chr16	10479000	10479999	5
chr16	10480000	10480999	18
chr16	10481000	10481999	5
chr16	10482000	10482999	11
chr16	10483000	10483999	8
chr16	10484000	10484999	24
chr16	10485000	10485999	0
chr16	10486000	10486999	0
chr16	10487000	10487999	20
chr16	10488000	10488999	4
chr16	10489000	10489999	26
chr16	10490000	10490999	15
chr16	10491000	10491999	26
chr16	10492000	10492999	12
chr16	10493000	10493999	12
chr16	10494000	10494999	14
chr16	10495000	10495999	0
chr16	10496000	10496999	0
chr16	10497000	10497999	19
chr16	10498000	10498999	6
chr16	10499000	10499999	14
chr16	10500000	10500999	27
chr16	10501000	10501999	1
chr16	10502000	10502999	4
chr16	10503000	10503999	35
chr16	10504000	10504999	25
chr16	10505000	10505999	0
chr16	10506000	10506999	3
chr16	10507000	10507999	2
chr16	10508000	10508999	4
chr16	10509000	10509999	5
chr16	10510000	10510999	21
chr16	10511000	10511999	44
chr16	10512000	10512999	7
chr16	10513000	10513999	0
chr16	10514000	10514999	21
chr16	10515000	10515999	0
chr16	10516000	10516999	16
chr16	10517000	10517999	12
chr16	10518000	10518999	15
chr16	10519000	10519999	7
chr16	10520000	10520999	0
chr16	10521000	10521999	12
chr16	10522000	10522999	36
chr16	10523000	10523999	28
chr16	10524000	10524999	17
chr16	10525000	10525999	22
chr16	10526000	10526999	24
chr16	10527000	10527999	7
chr16	10528000	10528999	25
chr16	10529000	10529999	18
chr16	10530000	10530999	13
chr16	10531000	10531999	19
chr16	10532000	10532999	0
chr16	10533000	10533999	17
chr16	10534000	10534999	15
chr16	10535000	10535999	6
chr16	10536000	10536999	14
chr16	10537000	10537999	16
chr16	10538000	10538999	18
chr16	10539000	10539999	34
chr16	10540000	10540999	29
chr16	10541000	10541999	35
chr16	10542000	10542999	81
chr16	10543000	10543999	70
chr16	10544000	10544999	17
chr16	10545000	10545999	118
chr16	10546000	10546999	31
chr16	10547000	10547999	8
chr16	10548000	10548999	25
chr16	10549000	10549999	11
chr16	10550000	10550999	17
chr16	10551000	10551999	19
chr16	10552000	10552999	15
chr16	10553000	10553999	16
chr16	10554000	10554999	0
chr16	10555000	10555999	2
chr16	10556000	10556999	0
chr16	10557000	10557999	7
chr16	10558000	10558999	5
chr16	10559000	10559999	35
chr16	10560000	10560999	14
chr16	10561000	10561999	3
chr16	10562000	10562999	0
chr16	10563000	10563999	3
chr16	10564000	10564999	2
chr16	10565000	10565999	35
chr16	10566000	10566999	2
chr16	10567000	10567999	23
chr16	10568000	10568999	26
chr16	10569000	10569999	39
chr16	10570000	10570999	17
chr16	10571000	10571999	8
chr16	10572000	10572999	18
chr16	10573000	10573999	25
chr16	10574000	10574999	13
chr16	10575000	10575999	16
chr16	10576000	10576999	20
chr16	10577000	10577999	2
chr16	10578000	10578999	0
chr16	10579000	10579999	0
chr16	10580000	10580999	12
chr16	10581000	10581999	10
chr16	10582000	10582999	0
chr16	10583000	10583999	2
chr16	10584000	10584999	12
chr16	10585000	10585999	14
chr16	10586000	10586999	17
chr16	10587000	10587999	12
chr16	10588000	10588999	6
chr16	10589000	10589999	3
chr16	10590000	10590999	20
chr16	10591000	10591999	12
chr16	10592000	10592999	13
chr16	10593000	10593999	10
chr16	10594000	10594999	3
chr16	10595000	10595999	7
chr16	10596000	10596999	4
chr16	10597000	10597999	16
chr16	10598000	10598999	41
chr16	10599000	10599999	2
chr16	10600000	10600999	19
chr16	10601000	10601999	5
chr16	10602000	10602999	5
chr16	10603000	10603999	13
chr16	10604000	10604999	14
chr16	10605000	10605999	0
chr16	10606000	10606999	12
chr16	10607000	10607999	1
chr16	10608000	10608999	9
chr16	10609000	10609999	9
chr16	10610000	10610999	17
chr16	10611000	10611999	3
chr16	10612000	10612999	0
chr16	10613000	10613999	0
chr16	10614000	10614999	16
chr16	10615000	10615999	11
chr16	10616000	10616999	6
chr16	10617000	10617999	1
chr16	10618000	10618999	25
chr16	10619000	10619999	71
chr16	10620000	10620999	17
chr16	10621000	10621999	14
chr16	10622000	10622999	3
chr16	10623000	10623999	6
chr16	10624000	10624999	12
chr16	10625000	10625999	8
chr16	10626000	10626999	4
chr16	10627000	10627999	0
chr16	10628000	10628999	30
chr16	10629000	10629999	2
chr16	10630000	10630999	15
chr16	10631000	10631999	0
chr16	10632000	10632999	0
chr16	10633000	10633999	5
chr16	10634000	10634999	0
chr16	10635000	10635999	6
chr16	10636000	10636999	0
chr16	10637000	10637999	18
chr16	10638000	10638999	8
chr16	10639000	10639999	16
chr16	10640000	10640999	24
chr16	10641000	10641999	10
chr16	10642000	10642999	5
chr16	10643000	10643999	0
chr16	10644000	10644999	18
chr16	10645000	10645999	0
chr16	10646000	10646999	6
chr16	10647000	10647999	16
chr16	10648000	10648999	2
chr16	10649000	10649999	0
chr16	10650000	10650999	6
chr16	10651000	10651999	28
chr16	10652000	10652999	17
chr16	10653000	10653999	21
chr16	10654000	10654999	0
chr16	10655000	10655999	21
chr16	10656000	10656999	43
chr16	10657000	10657999	19
chr16	10658000	10658999	3
chr16	10659000	10659999	7
chr16	10660000	10660999	19
chr16	10661000	10661999	13
chr16	10662000	10662999	0
chr16	10663000	10663999	33
chr16	10664000	10664999	0
chr16	10665000	10665999	9
chr16	10666000	10666999	13
chr16	10667000	10667999	19
chr16	10668000	10668999	6
chr16	10669000	10669999	0
chr16	10670000	10670999	31
chr16	10671000	10671999	14
chr16	10672000	10672999	0
chr16	10673000	10673999	0
chr16	10674000	10674999	11
chr16	10675000	10675999	13
chr16	10676000	10676999	12
chr16	10677000	10677999	9
chr16	10678000	10678999	10
chr16	10679000	10679999	37
chr16	10680000	10680999	7
chr16	10681000	10681999	8
chr16	10682000	10682999	7
chr16	10683000	10683999	12
chr16	10684000	10684999	12
chr16	10685000	10685999	8
chr16	10686000	10686999	11
chr16	10687000	10687999	2
chr16	10688000	10688999	4
chr16	10689000	10689999	23
chr16	10690000	10690999	7
chr16	10691000	10691999	21
chr16	10692000	10692999	4
chr16	10693000	10693999	42
chr16	10694000	10694999	31
chr16	10695000	10695999	12
chr16	10696000	10696999	4
chr16	10697000	10697999	14
chr16	10698000	10698999	0
chr16	10699000	10699999	10
chr16	10700000	10700999	12
chr16	10701000	10701999	21
chr16	10702000	10702999	15
chr16	10703000	10703999	10
chr16	10704000	10704999	12
chr16	10705000	10705999	3
chr16	10706000	10706999	13
chr16	10707000	10707999	5
chr16	10708000	10708999	10
chr16	10709000	10709999	2
chr16	10710000	10710999	0
chr16	10711000	10711999	5
chr16	10712000	10712999	13
chr16	10713000	10713999	9
chr16	10714000	10714999	11
chr16	10715000	10715999	17
chr16	10716000	10716999	18
chr16	10717000	10717999	23
chr16	10718000	10718999	0
chr16	10719000	10719999	18
chr16	10720000	10720999	10
chr16	10721000	10721999	4
chr16	10722000	10722999	14
chr16	10723000	10723999	20
chr16	10724000	10724999	11
chr16	10725000	10725999	19
chr16	10726000	10726999	9
chr16	10727000	10727999	2
chr16	10728000	10728999	8
chr16	10729000	10729999	0
chr16	10730000	10730999	5
chr16	10731000	10731999	16
chr16	10732000	10732999	19
chr16	10733000	10733999	8
chr16	10734000	10734999	8
chr16	10735000	10735999	13
chr16	10736000	10736999	9
chr16	10737000	10737999	10
chr16	10738000	10738999	11
chr16	10739000	10739999	4
chr16	10740000	10740999	2
chr16	10741000	10741999	11
chr16	10742000	10742999	1
chr16	10743000	10743999	12
chr16	10744000	10744999	7
chr16	10745000	10745999	6
chr16	10746000	10746999	1
chr16	10747000	10747999	8
chr16	10748000	10748999	9
chr16	10749000	10749999	3
chr16	10750000	10750999	16
chr16	10751000	10751999	16
chr16	10752000	10752999	5
chr16	10753000	10753999	1
chr16	10754000	10754999	9
chr16	10755000	10755999	1
chr16	10756000	10756999	4
chr16	10757000	10757999	14
chr16	10758000	10758999	1
chr16	10759000	10759999	6
chr16	10760000	10760999	12
chr16	10761000	10761999	7
chr16	10762000	10762999	14
chr16	10763000	10763999	17
chr16	10764000	10764999	9
chr16	10765000	10765999	4
chr16	10766000	10766999	15
chr16	10767000	10767999	38
chr16	10768000	10768999	18
chr16	10769000	10769999	11
chr16	10770000	10770999	15
chr16	10771000	10771999	19
chr16	10772000	10772999	14
chr16	10773000	10773999	11
chr16	10774000	10774999	12
chr16	10775000	10775999	2
chr16	10776000	10776999	2
chr16	10777000	10777999	21
chr16	10778000	10778999	14
chr16	10779000	10779999	4
chr16	10780000	10780999	5
chr16	10781000	10781999	0
chr16	10782000	10782999	7
chr16	10783000	10783999	6
chr16	10784000	10784999	11
chr16	10785000	10785999	76
chr16	10786000	10786999	54
chr16	10787000	10787999	11
chr16	10788000	10788999	5
chr16	10789000	10789999	2
chr16	10790000	10790999	12
chr16	10791000	10791999	8
chr16	10792000	10792999	6
chr16	10793000	10793999	0
chr16	10794000	10794999	5
chr16	10795000	10795999	6
chr16	10796000	10796999	4
chr16	10797000	10797999	4
chr16	10798000	10798999	0
chr16	10799000	10799999	25
chr16	10800000	10800999	36
chr16	10801000	10801999	8
chr16	10802000	10802999	17
chr16	10803000	10803999	16
chr16	10804000	10804999	6
chr16	10805000	10805999	21
chr16	10806000	10806999	13
chr16	10807000	10807999	8
chr16	10808000	10808999	8
chr16	10809000	10809999	15
chr16	10810000	10810999	23
chr16	10811000	10811999	38
chr16	10812000	10812999	10
chr16	10813000	10813999	0
chr16	10814000	10814999	27
chr16	10815000	10815999	10
chr16	10816000	10816999	15
chr16	10817000	10817999	10
chr16	10818000	10818999	9
chr16	10819000	10819999	3
chr16	10820000	10820999	8
chr16	10821000	10821999	31
chr16	10822000	10822999	0
chr16	10823000	10823999	14
chr16	10824000	10824999	12
chr16	10825000	10825999	2
chr16	10826000	10826999	3
chr16	10827000	10827999	7
chr16	10828000	10828999	9
chr16	10829000	10829999	1
chr16	10830000	10830999	1
chr16	10831000	10831999	38
chr16	10832000	10832999	4
chr16	10833000	10833999	5
chr16	10834000	10834999	22
chr16	10835000	10835999	71
chr16	10836000	10836999	37
chr16	10837000	10837999	6
chr16	10838000	10838999	28
chr16	10839000	10839999	10
chr16	10840000	10840999	33
chr16	10841000	10841999	2
chr16	10842000	10842999	8
chr16	10843000	10843999	7
chr16	10844000	10844999	27
chr16	10845000	10845999	0
chr16	10846000	10846999	1
chr16	10847000	10847999	5
chr16	10848000	10848999	6
chr16	10849000	10849999	37
chr16	10850000	10850999	48
chr16	10851000	10851999	16
chr16	10852000	10852999	3
chr16	10853000	10853999	14
chr16	10854000	10854999	9
chr16	10855000	10855999	21
chr16	10856000	10856999	3
chr16	10857000	10857999	7
chr16	10858000	10858999	7
chr16	10859000	10859999	1
chr16	10860000	10860999	9
chr16	10861000	10861999	56
chr16	10862000	10862999	34
chr16	10863000	10863999	27
chr16	10864000	10864999	9
chr16	10865000	10865999	23
chr16	10866000	10866999	14
chr16	10867000	10867999	22
chr16	10868000	10868999	13
chr16	10869000	10869999	5
chr16	10870000	10870999	16
chr16	10871000	10871999	26
chr16	10872000	10872999	29
chr16	10873000	10873999	53
chr16	10874000	10874999	5
chr16	10875000	10875999	10
chr16	10876000	10876999	0
chr16	10877000	10877999	4
chr16	10878000	10878999	16
chr16	10879000	10879999	51
chr16	10880000	10880999	3
chr16	10881000	10881999	13
chr16	10882000	10882999	18
chr16	10883000	10883999	20
chr16	10884000	10884999	11
chr16	10885000	10885999	21
chr16	10886000	10886999	0
chr16	10887000	10887999	11
chr16	10888000	10888999	30
chr16	10889000	10889999	12
chr16	10890000	10890999	12
chr16	10891000	10891999	7
chr16	10892000	10892999	9
chr16	10893000	10893999	19
chr16	10894000	10894999	26
chr16	10895000	10895999	11
chr16	10896000	10896999	5
chr16	10897000	10897999	9
chr16	10898000	10898999	12
chr16	10899000	10899999	3
chr16	10900000	10900999	5
chr16	10901000	10901999	10
chr16	10902000	10902999	32
chr16	10903000	10903999	1
chr16	10904000	10904999	13
chr16	10905000	10905999	28
chr16	10906000	10906999	13
chr16	10907000	10907999	3
chr16	10908000	10908999	11
chr16	10909000	10909999	4
chr16	10910000	10910999	28
chr16	10911000	10911999	7
chr16	10912000	10912999	6
chr16	10913000	10913999	14
chr16	10914000	10914999	14
chr16	10915000	10915999	13
chr16	10916000	10916999	20
chr16	10917000	10917999	3
chr16	10918000	10918999	5
chr16	10919000	10919999	0
chr16	10920000	10920999	15
chr16	10921000	10921999	6
chr16	10922000	10922999	3
chr16	10923000	10923999	6
chr16	10924000	10924999	22
chr16	10925000	10925999	57
chr16	10926000	10926999	39
chr16	10927000	10927999	20
chr16	10928000	10928999	9
chr16	10929000	10929999	8
chr16	10930000	10930999	18
chr16	10931000	10931999	15
chr16	10932000	10932999	6
chr16	10933000	10933999	7
chr16	10934000	10934999	1
chr16	10935000	10935999	10
chr16	10936000	10936999	0
chr16	10937000	10937999	11
chr16	10938000	10938999	14
chr16	10939000	10939999	18
chr16	10940000	10940999	2
chr16	10941000	10941999	11
chr16	10942000	10942999	3
chr16	10943000	10943999	3
chr16	10944000	10944999	12
chr16	10945000	10945999	0
chr16	10946000	10946999	30
chr16	10947000	10947999	2
chr16	10948000	10948999	7
chr16	10949000	10949999	36
chr16	10950000	10950999	35
chr16	10951000	10951999	22
chr16	10952000	10952999	14
chr16	10953000	10953999	4
chr16	10954000	10954999	6
chr16	10955000	10955999	13
chr16	10956000	10956999	0
chr16	10957000	10957999	19
chr16	10958000	10958999	28
chr16	10959000	10959999	57
chr16	10960000	10960999	13
chr16	10961000	10961999	74
chr16	10962000	10962999	35
chr16	10963000	10963999	17
chr16	10964000	10964999	8
chr16	10965000	10965999	8
chr16	10966000	10966999	7
chr16	10967000	10967999	21
chr16	10968000	10968999	45
chr16	10969000	10969999	30
chr16	10970000	10970999	16
chr16	10971000	10971999	19
chr16	10972000	10972999	15
chr16	10973000	10973999	9
chr16	10974000	10974999	1
chr16	10975000	10975999	48
chr16	10976000	10976999	47
chr16	10977000	10977999	32
chr16	10978000	10978999	36
chr16	10979000	10979999	34
chr16	10980000	10980999	7
chr16	10981000	10981999	36
chr16	10982000	10982999	14
chr16	10983000	10983999	4
chr16	10984000	10984999	37
chr16	10985000	10985999	22
chr16	10986000	10986999	21
chr16	10987000	10987999	35
chr16	10988000	10988999	34
chr16	10989000	10989999	61
chr16	10990000	10990999	98
chr16	10991000	10991999	76
chr16	10992000	10992999	76
chr16	10993000	10993999	72
chr16	10994000	10994999	9
chr16	10995000	10995999	0
chr16	10996000	10996999	7
chr16	10997000	10997999	10
chr16	10998000	10998999	22
chr16	10999000	10999999	17
chr16	11000000	11000999	3
chr16	11001000	11001999	13
chr16	11002000	11002999	15
chr16	11003000	11003999	19
chr16	11004000	11004999	18
chr16	11005000	11005999	18
chr16	11006000	11006999	23
chr16	11007000	11007999	15
chr16	11008000	11008999	101
chr16	11009000	11009999	13
chr16	11010000	11010999	18
chr16	11011000	11011999	5
chr16	11012000	11012999	16
chr16	11013000	11013999	13
chr16	11014000	11014999	22
chr16	11015000	11015999	2
chr16	11016000	11016999	3
chr16	11017000	11017999	16
chr16	11018000	11018999	38
chr16	11019000	11019999	3
chr16	11020000	11020999	0
chr16	11021000	11021999	1
chr16	11022000	11022999	10
chr16	11023000	11023999	7
chr16	11024000	11024999	18
chr16	11025000	11025999	20
chr16	11026000	11026999	0
chr16	11027000	11027999	16
chr16	11028000	11028999	38
chr16	11029000	11029999	10
chr16	11030000	11030999	2
chr16	11031000	11031999	10
chr16	11032000	11032999	21
chr16	11033000	11033999	26
chr16	11034000	11034999	65
chr16	11035000	11035999	27
chr16	11036000	11036999	39
chr16	11037000	11037999	6
chr16	11038000	11038999	2
chr16	11039000	11039999	6
chr16	11040000	11040999	7
chr16	11041000	11041999	16
chr16	11042000	11042999	12
chr16	11043000	11043999	10
chr16	11044000	11044999	17
chr16	11045000	11045999	35
chr16	11046000	11046999	3
chr16	11047000	11047999	6
chr16	11048000	11048999	11
chr16	11049000	11049999	13
chr16	11050000	11050999	8
chr16	11051000	11051999	37
chr16	11052000	11052999	51
chr16	11053000	11053999	21
chr16	11054000	11054999	9
chr16	11055000	11055999	10
chr16	11056000	11056999	0
chr16	11057000	11057999	10
chr16	11058000	11058999	13
chr16	11059000	11059999	5
chr16	11060000	11060999	7
chr16	11061000	11061999	38
chr16	11062000	11062999	9
chr16	11063000	11063999	45
chr16	11064000	11064999	27
chr16	11065000	11065999	16
chr16	11066000	11066999	130
chr16	11067000	11067999	63
chr16	11068000	11068999	26
chr16	11069000	11069999	25
chr16	11070000	11070999	22
chr16	11071000	11071999	12
chr16	11072000	11072999	3
chr16	11073000	11073999	0
chr16	11074000	11074999	9
chr16	11075000	11075999	0
chr16	11076000	11076999	8
chr16	11077000	11077999	19
chr16	11078000	11078999	0
chr16	11079000	11079999	1
chr16	11080000	11080999	29
chr16	11081000	11081999	0
chr16	11082000	11082999	10
chr16	11083000	11083999	13
chr16	11084000	11084999	0
chr16	11085000	11085999	0
chr16	11086000	11086999	7
chr16	11087000	11087999	11
chr16	11088000	11088999	30
chr16	11089000	11089999	14
chr16	11090000	11090999	35
chr16	11091000	11091999	14
chr16	11092000	11092999	28
chr16	11093000	11093999	14
chr16	11094000	11094999	12
chr16	11095000	11095999	2
chr16	11096000	11096999	4
chr16	11097000	11097999	36
chr16	11098000	11098999	12
chr16	11099000	11099999	26
chr16	11100000	11100999	9
chr16	11101000	11101999	2
chr16	11102000	11102999	0
chr16	11103000	11103999	2
chr16	11104000	11104999	13
chr16	11105000	11105999	19
chr16	11106000	11106999	4
chr16	11107000	11107999	2
chr16	11108000	11108999	11
chr16	11109000	11109999	6
chr16	11110000	11110999	4
chr16	11111000	11111999	0
chr16	11112000	11112999	18
chr16	11113000	11113999	12
chr16	11114000	11114999	3
chr16	11115000	11115999	8
chr16	11116000	11116999	13
chr16	11117000	11117999	36
chr16	11118000	11118999	10
chr16	11119000	11119999	15
chr16	11120000	11120999	11
chr16	11121000	11121999	9
chr16	11122000	11122999	2
chr16	11123000	11123999	29
chr16	11124000	11124999	6
chr16	11125000	11125999	9
chr16	11126000	11126999	9
chr16	11127000	11127999	21
chr16	11128000	11128999	30
chr16	11129000	11129999	8
chr16	11130000	11130999	55
chr16	11131000	11131999	2
chr16	11132000	11132999	34
chr16	11133000	11133999	16
chr16	11134000	11134999	241
chr16	11135000	11135999	13
chr16	11136000	11136999	12
chr16	11137000	11137999	34
chr16	11138000	11138999	1
chr16	11139000	11139999	15
chr16	11140000	11140999	9
chr16	11141000	11141999	4
chr16	11142000	11142999	0
chr16	11143000	11143999	2
chr16	11144000	11144999	308
chr16	11145000	11145999	4
chr16	11146000	11146999	0
chr16	11147000	11147999	6
chr16	11148000	11148999	16
chr16	11149000	11149999	18
chr16	11150000	11150999	17
chr16	11151000	11151999	1
chr16	11152000	11152999	11
chr16	11153000	11153999	14
chr16	11154000	11154999	12
chr16	11155000	11155999	27
chr16	11156000	11156999	13
chr16	11157000	11157999	7
chr16	11158000	11158999	18
chr16	11159000	11159999	7
chr16	11160000	11160999	7
chr16	11161000	11161999	6
chr16	11162000	11162999	6
chr16	11163000	11163999	9
chr16	11164000	11164999	16
chr16	11165000	11165999	30
chr16	11166000	11166999	12
chr16	11167000	11167999	25
chr16	11168000	11168999	4
chr16	11169000	11169999	32
chr16	11170000	11170999	6
chr16	11171000	11171999	95
chr16	11172000	11172999	39
chr16	11173000	11173999	59
chr16	11174000	11174999	54
chr16	11175000	11175999	75
chr16	11176000	11176999	120
chr16	11177000	11177999	15
chr16	11178000	11178999	26
chr16	11179000	11179999	20
chr16	11180000	11180999	14
chr16	11181000	11181999	13
chr16	11182000	11182999	1
chr16	11183000	11183999	3
chr16	11184000	11184999	11
chr16	11185000	11185999	8
chr16	11186000	11186999	6
chr16	11187000	11187999	1
chr16	11188000	11188999	0
chr16	11189000	11189999	13
chr16	11190000	11190999	32
chr16	11191000	11191999	12
chr16	11192000	11192999	1
chr16	11193000	11193999	23
chr16	11194000	11194999	12
chr16	11195000	11195999	8
chr16	11196000	11196999	10
chr16	11197000	11197999	13
chr16	11198000	11198999	32
chr16	11199000	11199999	8
chr16	11200000	11200999	17
chr16	11201000	11201999	2
chr16	11202000	11202999	27
chr16	11203000	11203999	51
chr16	11204000	11204999	5
chr16	11205000	11205999	6
chr16	11206000	11206999	15
chr16	11207000	11207999	4
chr16	11208000	11208999	9
chr16	11209000	11209999	6
chr16	11210000	11210999	10
chr16	11211000	11211999	4
chr16	11212000	11212999	21
chr16	11213000	11213999	2
chr16	11214000	11214999	27
chr16	11215000	11215999	6
chr16	11216000	11216999	4
chr16	11217000	11217999	0
chr16	11218000	11218999	0
chr16	11219000	11219999	4
chr16	11220000	11220999	0
chr16	11221000	11221999	2
chr16	11222000	11222999	24
chr16	11223000	11223999	0
chr16	11224000	11224999	6
chr16	11225000	11225999	12
chr16	11226000	11226999	0
chr16	11227000	11227999	16
chr16	11228000	11228999	28
chr16	11229000	11229999	7
chr16	11230000	11230999	11
chr16	11231000	11231999	4
chr16	11232000	11232999	1
chr16	11233000	11233999	17
chr16	11234000	11234999	14
chr16	11235000	11235999	9
chr16	11236000	11236999	5
chr16	11237000	11237999	7
chr16	11238000	11238999	13
chr16	11239000	11239999	3
chr16	11240000	11240999	9
chr16	11241000	11241999	8
chr16	11242000	11242999	5
chr16	11243000	11243999	0
chr16	11244000	11244999	11
chr16	11245000	11245999	22
chr16	11246000	11246999	29
chr16	11247000	11247999	21
chr16	11248000	11248999	28
chr16	11249000	11249999	0
chr16	11250000	11250999	16
chr16	11251000	11251999	0
chr16	11252000	11252999	17
chr16	11253000	11253999	80
chr16	11254000	11254999	117
chr16	11255000	11255999	0
chr16	11256000	11256999	15
chr16	11257000	11257999	7
chr16	11258000	11258999	4
chr16	11259000	11259999	11
chr16	11260000	11260999	16
chr16	11261000	11261999	52
chr16	11262000	11262999	49
chr16	11263000	11263999	41
chr16	11264000	11264999	13
chr16	11265000	11265999	12
chr16	11266000	11266999	30
chr16	11267000	11267999	22
chr16	11268000	11268999	21
chr16	11269000	11269999	38
chr16	11270000	11270999	43
chr16	11271000	11271999	17
chr16	11272000	11272999	0
chr16	11273000	11273999	9
chr16	11274000	11274999	42
chr16	11275000	11275999	9
chr16	11276000	11276999	33
chr16	11277000	11277999	7
chr16	11278000	11278999	23
chr16	11279000	11279999	8
chr16	11280000	11280999	7
chr16	11281000	11281999	10
chr16	11282000	11282999	7
chr16	11283000	11283999	26
chr16	11284000	11284999	7
chr16	11285000	11285999	28
chr16	11286000	11286999	20
chr16	11287000	11287999	0
chr16	11288000	11288999	12
chr16	11289000	11289999	4
chr16	11290000	11290999	0
chr16	11291000	11291999	8
chr16	11292000	11292999	13
chr16	11293000	11293999	13
chr16	11294000	11294999	10
chr16	11295000	11295999	11
chr16	11296000	11296999	9
chr16	11297000	11297999	31
chr16	11298000	11298999	17
chr16	11299000	11299999	6
chr16	11300000	11300999	4
chr16	11301000	11301999	6
chr16	11302000	11302999	4
chr16	11303000	11303999	13
chr16	11304000	11304999	3
chr16	11305000	11305999	5
chr16	11306000	11306999	0
chr16	11307000	11307999	0
chr16	11308000	11308999	0
chr16	11309000	11309999	2
chr16	11310000	11310999	0
chr16	11311000	11311999	11
chr16	11312000	11312999	17
chr16	11313000	11313999	5
chr16	11314000	11314999	6
chr16	11315000	11315999	0
chr16	11316000	11316999	8
chr16	11317000	11317999	10
chr16	11318000	11318999	0
chr16	11319000	11319999	11
chr16	11320000	11320999	11
chr16	11321000	11321999	5
chr16	11322000	11322999	36
chr16	11323000	11323999	52
chr16	11324000	11324999	2
chr16	11325000	11325999	17
chr16	11326000	11326999	9
chr16	11327000	11327999	5
chr16	11328000	11328999	12
chr16	11329000	11329999	16
chr16	11330000	11330999	19
chr16	11331000	11331999	11
chr16	11332000	11332999	18
chr16	11333000	11333999	5
chr16	11334000	11334999	4
chr16	11335000	11335999	0
chr16	11336000	11336999	0
chr16	11337000	11337999	0
chr16	11338000	11338999	0
chr16	11339000	11339999	7
chr16	11340000	11340999	7
chr16	11341000	11341999	23
chr16	11342000	11342999	13
chr16	11343000	11343999	22
chr16	11344000	11344999	4
chr16	11345000	11345999	9
chr16	11346000	11346999	7
chr16	11347000	11347999	12
chr16	11348000	11348999	6
chr16	11349000	11349999	17
chr16	11350000	11350999	5
chr16	11351000	11351999	8
chr16	11352000	11352999	14
chr16	11353000	11353999	39
chr16	11354000	11354999	0
chr16	11355000	11355999	9
chr16	11356000	11356999	9
chr16	11357000	11357999	4
chr16	11358000	11358999	2
chr16	11359000	11359999	23
chr16	11360000	11360999	12
chr16	11361000	11361999	4
chr16	11362000	11362999	26
chr16	11363000	11363999	18
chr16	11364000	11364999	3
chr16	11365000	11365999	17
chr16	11366000	11366999	23
chr16	11367000	11367999	10
chr16	11368000	11368999	7
chr16	11369000	11369999	20
chr16	11370000	11370999	18
chr16	11371000	11371999	9
chr16	11372000	11372999	9
chr16	11373000	11373999	32
chr16	11374000	11374999	5
chr16	11375000	11375999	2
chr16	11376000	11376999	8
chr16	11377000	11377999	11
chr16	11378000	11378999	12
chr16	11379000	11379999	7
chr16	11380000	11380999	14
chr16	11381000	11381999	2
chr16	11382000	11382999	5
chr16	11383000	11383999	5
chr16	11384000	11384999	20
chr16	11385000	11385999	38
chr16	11386000	11386999	13
chr16	11387000	11387999	7
chr16	11388000	11388999	2
chr16	11389000	11389999	4
chr16	11390000	11390999	15
chr16	11391000	11391999	0
chr16	11392000	11392999	4
chr16	11393000	11393999	4
chr16	11394000	11394999	0
chr16	11395000	11395999	4
chr16	11396000	11396999	10
chr16	11397000	11397999	14
chr16	11398000	11398999	2
chr16	11399000	11399999	34
chr16	11400000	11400999	19
chr16	11401000	11401999	32
chr16	11402000	11402999	3
chr16	11403000	11403999	10
chr16	11404000	11404999	8
chr16	11405000	11405999	25
chr16	11406000	11406999	23
chr16	11407000	11407999	14
chr16	11408000	11408999	44
chr16	11409000	11409999	15
chr16	11410000	11410999	42
chr16	11411000	11411999	10
chr16	11412000	11412999	13
chr16	11413000	11413999	19
chr16	11414000	11414999	33
chr16	11415000	11415999	11
chr16	11416000	11416999	0
chr16	11417000	11417999	24
chr16	11418000	11418999	46
chr16	11419000	11419999	1
chr16	11420000	11420999	33
chr16	11421000	11421999	32
chr16	11422000	11422999	1
chr16	11423000	11423999	11
chr16	11424000	11424999	22
chr16	11425000	11425999	34
chr16	11426000	11426999	21
chr16	11427000	11427999	0
chr16	11428000	11428999	2
chr16	11429000	11429999	13
chr16	11430000	11430999	0
chr16	11431000	11431999	9
chr16	11432000	11432999	7
chr16	11433000	11433999	24
chr16	11434000	11434999	19
chr16	11435000	11435999	3
chr16	11436000	11436999	5
chr16	11437000	11437999	6
chr16	11438000	11438999	14
chr16	11439000	11439999	16
chr16	11440000	11440999	2
chr16	11441000	11441999	5
chr16	11442000	11442999	4
chr16	11443000	11443999	6
chr16	11444000	11444999	4
chr16	11445000	11445999	24
chr16	11446000	11446999	15
chr16	11447000	11447999	17
chr16	11448000	11448999	0
chr16	11449000	11449999	3
chr16	11450000	11450999	12
chr16	11451000	11451999	9
chr16	11452000	11452999	2
chr16	11453000	11453999	22
chr16	11454000	11454999	10
chr16	11455000	11455999	3
chr16	11456000	11456999	0
chr16	11457000	11457999	24
chr16	11458000	11458999	27
chr16	11459000	11459999	2
chr16	11460000	11460999	0
chr16	11461000	11461999	43
chr16	11462000	11462999	14
chr16	11463000	11463999	10
chr16	11464000	11464999	3
chr16	11465000	11465999	37
chr16	11466000	11466999	11
chr16	11467000	11467999	20
chr16	11468000	11468999	4
chr16	11469000	11469999	25
chr16	11470000	11470999	2
chr16	11471000	11471999	16
chr16	11472000	11472999	23
chr16	11473000	11473999	19
chr16	11474000	11474999	7
chr16	11475000	11475999	19
chr16	11476000	11476999	6
chr16	11477000	11477999	22
chr16	11478000	11478999	12
chr16	11479000	11479999	19
chr16	11480000	11480999	17
chr16	11481000	11481999	10
chr16	11482000	11482999	15
chr16	11483000	11483999	0
chr16	11484000	11484999	0
chr16	11485000	11485999	0
chr16	11486000	11486999	0
chr16	11487000	11487999	0
chr16	11488000	11488999	0
chr16	11489000	11489999	6
chr16	11490000	11490999	1
chr16	11491000	11491999	4
chr16	11492000	11492999	5
chr16	11493000	11493999	18
chr16	11494000	11494999	2
chr16	11495000	11495999	10
chr16	11496000	11496999	15
chr16	11497000	11497999	5
chr16	11498000	11498999	3
chr16	11499000	11499999	6
chr16	11500000	11500999	6
chr16	11501000	11501999	21
chr16	11502000	11502999	3
chr16	11503000	11503999	6
chr16	11504000	11504999	26
chr16	11505000	11505999	22
chr16	11506000	11506999	13
chr16	11507000	11507999	24
chr16	11508000	11508999	16
chr16	11509000	11509999	6
chr16	11510000	11510999	2
chr16	11511000	11511999	6
chr16	11512000	11512999	0
chr16	11513000	11513999	33
chr16	11514000	11514999	5
chr16	11515000	11515999	14
chr16	11516000	11516999	15
chr16	11517000	11517999	6
chr16	11518000	11518999	3
chr16	11519000	11519999	12
chr16	11520000	11520999	5
chr16	11521000	11521999	15
chr16	11522000	11522999	8
chr16	11523000	11523999	14
chr16	11524000	11524999	6
chr16	11525000	11525999	16
chr16	11526000	11526999	23
chr16	11527000	11527999	14
chr16	11528000	11528999	16
chr16	11529000	11529999	27
chr16	11530000	11530999	6
chr16	11531000	11531999	14
chr16	11532000	11532999	20
chr16	11533000	11533999	2
chr16	11534000	11534999	17
chr16	11535000	11535999	0
chr16	11536000	11536999	14
chr16	11537000	11537999	17
chr16	11538000	11538999	20
chr16	11539000	11539999	6
chr16	11540000	11540999	6
chr16	11541000	11541999	21
chr16	11542000	11542999	1
chr16	11543000	11543999	16
chr16	11544000	11544999	3
chr16	11545000	11545999	4
chr16	11546000	11546999	11
chr16	11547000	11547999	5
chr16	11548000	11548999	0
chr16	11549000	11549999	1
chr16	11550000	11550999	6
chr16	11551000	11551999	3
chr16	11552000	11552999	7
chr16	11553000	11553999	16
chr16	11554000	11554999	20
chr16	11555000	11555999	0
chr16	11556000	11556999	7
chr16	11557000	11557999	6
chr16	11558000	11558999	6
chr16	11559000	11559999	22
chr16	11560000	11560999	8
chr16	11561000	11561999	16
chr16	11562000	11562999	8
chr16	11563000	11563999	17
chr16	11564000	11564999	18
chr16	11565000	11565999	29
chr16	11566000	11566999	14
chr16	11567000	11567999	15
chr16	11568000	11568999	0
chr16	11569000	11569999	13
chr16	11570000	11570999	13
chr16	11571000	11571999	16
chr16	11572000	11572999	12
chr16	11573000	11573999	19
chr16	11574000	11574999	9
chr16	11575000	11575999	26
chr16	11576000	11576999	9
chr16	11577000	11577999	19
chr16	11578000	11578999	16
chr16	11579000	11579999	14
chr16	11580000	11580999	19
chr16	11581000	11581999	18
chr16	11582000	11582999	6
chr16	11583000	11583999	23
chr16	11584000	11584999	3
chr16	11585000	11585999	6
chr16	11586000	11586999	8
chr16	11587000	11587999	11
chr16	11588000	11588999	14
chr16	11589000	11589999	1
chr16	11590000	11590999	11
chr16	11591000	11591999	9
chr16	11592000	11592999	3
chr16	11593000	11593999	14
chr16	11594000	11594999	2
chr16	11595000	11595999	32
chr16	11596000	11596999	0
chr16	11597000	11597999	30
chr16	11598000	11598999	10
chr16	11599000	11599999	2
chr16	11600000	11600999	2
chr16	11601000	11601999	7
chr16	11602000	11602999	16
chr16	11603000	11603999	24
chr16	11604000	11604999	40
chr16	11605000	11605999	4
chr16	11606000	11606999	0
chr16	11607000	11607999	0
chr16	11608000	11608999	12
chr16	11609000	11609999	9
chr16	11610000	11610999	0
chr16	11611000	11611999	12
chr16	11612000	11612999	28
chr16	11613000	11613999	15
chr16	11614000	11614999	40
chr16	11615000	11615999	17
chr16	11616000	11616999	8
chr16	11617000	11617999	0
chr16	11618000	11618999	3
chr16	11619000	11619999	24
chr16	11620000	11620999	5
chr16	11621000	11621999	7
chr16	11622000	11622999	7
chr16	11623000	11623999	0
chr16	11624000	11624999	16
chr16	11625000	11625999	0
chr16	11626000	11626999	27
chr16	11627000	11627999	35
chr16	11628000	11628999	28
chr16	11629000	11629999	13
chr16	11630000	11630999	18
chr16	11631000	11631999	19
chr16	11632000	11632999	27
chr16	11633000	11633999	5
chr16	11634000	11634999	4
chr16	11635000	11635999	4
chr16	11636000	11636999	32
chr16	11637000	11637999	36
chr16	11638000	11638999	44
chr16	11639000	11639999	35
chr16	11640000	11640999	7
chr16	11641000	11641999	5
chr16	11642000	11642999	6
chr16	11643000	11643999	13
chr16	11644000	11644999	9
chr16	11645000	11645999	22
chr16	11646000	11646999	1
chr16	11647000	11647999	37
chr16	11648000	11648999	9
chr16	11649000	11649999	3
chr16	11650000	11650999	14
chr16	11651000	11651999	5
chr16	11652000	11652999	21
chr16	11653000	11653999	40
chr16	11654000	11654999	0
chr16	11655000	11655999	4
chr16	11656000	11656999	5
chr16	11657000	11657999	7
chr16	11658000	11658999	10
chr16	11659000	11659999	4
chr16	11660000	11660999	14
chr16	11661000	11661999	0
chr16	11662000	11662999	6
chr16	11663000	11663999	9
chr16	11664000	11664999	3
chr16	11665000	11665999	9
chr16	11666000	11666999	12
chr16	11667000	11667999	2
chr16	11668000	11668999	8
chr16	11669000	11669999	16
chr16	11670000	11670999	18
chr16	11671000	11671999	5
chr16	11672000	11672999	5
chr16	11673000	11673999	3
chr16	11674000	11674999	10
chr16	11675000	11675999	3
chr16	11676000	11676999	15
chr16	11677000	11677999	8
chr16	11678000	11678999	3
chr16	11679000	11679999	0
chr16	11680000	11680999	0
chr16	11681000	11681999	0
chr16	11682000	11682999	0
chr16	11683000	11683999	0
chr16	11684000	11684999	0
chr16	11685000	11685999	7
chr16	11686000	11686999	11
chr16	11687000	11687999	0
chr16	11688000	11688999	5
chr16	11689000	11689999	16
chr16	11690000	11690999	1
chr16	11691000	11691999	33
chr16	11692000	11692999	18
chr16	11693000	11693999	16
chr16	11694000	11694999	18
chr16	11695000	11695999	3
chr16	11696000	11696999	10
chr16	11697000	11697999	1
chr16	11698000	11698999	6
chr16	11699000	11699999	22
chr16	11700000	11700999	6
chr16	11701000	11701999	9
chr16	11702000	11702999	16
chr16	11703000	11703999	43
chr16	11704000	11704999	19
chr16	11705000	11705999	0
chr16	11706000	11706999	15
chr16	11707000	11707999	4
chr16	11708000	11708999	47
chr16	11709000	11709999	68
chr16	11710000	11710999	26
chr16	11711000	11711999	32
chr16	11712000	11712999	4
chr16	11713000	11713999	6
chr16	11714000	11714999	2
chr16	11715000	11715999	1
chr16	11716000	11716999	1
chr16	11717000	11717999	12
chr16	11718000	11718999	36
chr16	11719000	11719999	12
chr16	11720000	11720999	34
chr16	11721000	11721999	12
chr16	11722000	11722999	1
chr16	11723000	11723999	13
chr16	11724000	11724999	7
chr16	11725000	11725999	22
chr16	11726000	11726999	12
chr16	11727000	11727999	11
chr16	11728000	11728999	21
chr16	11729000	11729999	24
chr16	11730000	11730999	7
chr16	11731000	11731999	2
chr16	11732000	11732999	5
chr16	11733000	11733999	3
chr16	11734000	11734999	0
chr16	11735000	11735999	0
chr16	11736000	11736999	25
chr16	11737000	11737999	7
chr16	11738000	11738999	25
chr16	11739000	11739999	18
chr16	11740000	11740999	1
chr16	11741000	11741999	23
chr16	11742000	11742999	8
chr16	11743000	11743999	0
chr16	11744000	11744999	3
chr16	11745000	11745999	9
chr16	11746000	11746999	21
chr16	11747000	11747999	6
chr16	11748000	11748999	10
chr16	11749000	11749999	26
chr16	11750000	11750999	10
chr16	11751000	11751999	11
chr16	11752000	11752999	20
chr16	11753000	11753999	19
chr16	11754000	11754999	23
chr16	11755000	11755999	0
chr16	11756000	11756999	5
chr16	11757000	11757999	11
chr16	11758000	11758999	2
chr16	11759000	11759999	13
chr16	11760000	11760999	3
chr16	11761000	11761999	0
chr16	11762000	11762999	17
chr16	11763000	11763999	1
chr16	11764000	11764999	5
chr16	11765000	11765999	11
chr16	11766000	11766999	3
chr16	11767000	11767999	1
chr16	11768000	11768999	8
chr16	11769000	11769999	2
chr16	11770000	11770999	9
chr16	11771000	11771999	13
chr16	11772000	11772999	18
chr16	11773000	11773999	6
chr16	11774000	11774999	3
chr16	11775000	11775999	22
chr16	11776000	11776999	11
chr16	11777000	11777999	10
chr16	11778000	11778999	1
chr16	11779000	11779999	6
chr16	11780000	11780999	12
chr16	11781000	11781999	0
chr16	11782000	11782999	7
chr16	11783000	11783999	0
chr16	11784000	11784999	22
chr16	11785000	11785999	14
chr16	11786000	11786999	16
chr16	11787000	11787999	5
chr16	11788000	11788999	16
chr16	11789000	11789999	4
chr16	11790000	11790999	6
chr16	11791000	11791999	22
chr16	11792000	11792999	0
chr16	11793000	11793999	16
chr16	11794000	11794999	8
chr16	11795000	11795999	8
chr16	11796000	11796999	0
chr16	11797000	11797999	18
chr16	11798000	11798999	5
chr16	11799000	11799999	6
chr16	11800000	11800999	7
chr16	11801000	11801999	4
chr16	11802000	11802999	12
chr16	11803000	11803999	1
chr16	11804000	11804999	10
chr16	11805000	11805999	6
chr16	11806000	11806999	2
chr16	11807000	11807999	13
chr16	11808000	11808999	4
chr16	11809000	11809999	4
chr16	11810000	11810999	0
chr16	11811000	11811999	14
chr16	11812000	11812999	3
chr16	11813000	11813999	10
chr16	11814000	11814999	15
chr16	11815000	11815999	23
chr16	11816000	11816999	8
chr16	11817000	11817999	0
chr16	11818000	11818999	0
chr16	11819000	11819999	3
chr16	11820000	11820999	0
chr16	11821000	11821999	11
chr16	11822000	11822999	23
chr16	11823000	11823999	13
chr16	11824000	11824999	20
chr16	11825000	11825999	17
chr16	11826000	11826999	12
chr16	11827000	11827999	30
chr16	11828000	11828999	13
chr16	11829000	11829999	6
chr16	11830000	11830999	39
chr16	11831000	11831999	20
chr16	11832000	11832999	2
chr16	11833000	11833999	5
chr16	11834000	11834999	18
chr16	11835000	11835999	3
chr16	11836000	11836999	20
chr16	11837000	11837999	16
chr16	11838000	11838999	39
chr16	11839000	11839999	8
chr16	11840000	11840999	13
chr16	11841000	11841999	7
chr16	11842000	11842999	25
chr16	11843000	11843999	4
chr16	11844000	11844999	10
chr16	11845000	11845999	3
chr16	11846000	11846999	25
chr16	11847000	11847999	3
chr16	11848000	11848999	4
chr16	11849000	11849999	18
chr16	11850000	11850999	1
chr16	11851000	11851999	3
chr16	11852000	11852999	13
chr16	11853000	11853999	35
chr16	11854000	11854999	16
chr16	11855000	11855999	5
chr16	11856000	11856999	8
chr16	11857000	11857999	12
chr16	11858000	11858999	34
chr16	11859000	11859999	12
chr16	11860000	11860999	0
chr16	11861000	11861999	0
chr16	11862000	11862999	0
chr16	11863000	11863999	0
chr16	11864000	11864999	0
chr16	11865000	11865999	0
chr16	11866000	11866999	19
chr16	11867000	11867999	10
chr16	11868000	11868999	15
chr16	11869000	11869999	7
chr16	11870000	11870999	19
chr16	11871000	11871999	1
chr16	11872000	11872999	13
chr16	11873000	11873999	5
chr16	11874000	11874999	17
chr16	11875000	11875999	9
chr16	11876000	11876999	20
chr16	11877000	11877999	10
chr16	11878000	11878999	8
chr16	11879000	11879999	0
chr16	11880000	11880999	19
chr16	11881000	11881999	0
chr16	11882000	11882999	2
chr16	11883000	11883999	3
chr16	11884000	11884999	19
chr16	11885000	11885999	23
chr16	11886000	11886999	13
chr16	11887000	11887999	11
chr16	11888000	11888999	7
chr16	11889000	11889999	3
chr16	11890000	11890999	10
chr16	11891000	11891999	5
chr16	11892000	11892999	6
chr16	11893000	11893999	8
chr16	11894000	11894999	8
chr16	11895000	11895999	12
chr16	11896000	11896999	13
chr16	11897000	11897999	1
chr16	11898000	11898999	4
chr16	11899000	11899999	2
chr16	11900000	11900999	39
chr16	11901000	11901999	52
chr16	11902000	11902999	0
chr16	11903000	11903999	0
chr16	11904000	11904999	8
chr16	11905000	11905999	8
chr16	11906000	11906999	30
chr16	11907000	11907999	12
chr16	11908000	11908999	112
chr16	11909000	11909999	103
chr16	11910000	11910999	33
chr16	11911000	11911999	28
chr16	11912000	11912999	8
chr16	11913000	11913999	22
chr16	11914000	11914999	17
chr16	11915000	11915999	8
chr16	11916000	11916999	3
chr16	11917000	11917999	8
chr16	11918000	11918999	24
chr16	11919000	11919999	0
chr16	11920000	11920999	15
chr16	11921000	11921999	43
chr16	11922000	11922999	39
chr16	11923000	11923999	41
chr16	11924000	11924999	9
chr16	11925000	11925999	32
chr16	11926000	11926999	40
chr16	11927000	11927999	32
chr16	11928000	11928999	2
chr16	11929000	11929999	10
chr16	11930000	11930999	8
chr16	11931000	11931999	5
chr16	11932000	11932999	0
chr16	11933000	11933999	4
chr16	11934000	11934999	2
chr16	11935000	11935999	13
chr16	11936000	11936999	4
chr16	11937000	11937999	8
chr16	11938000	11938999	1
chr16	11939000	11939999	8
chr16	11940000	11940999	8
chr16	11941000	11941999	0
chr16	11942000	11942999	22
chr16	11943000	11943999	16
chr16	11944000	11944999	10
chr16	11945000	11945999	9
chr16	11946000	11946999	4
chr16	11947000	11947999	8
chr16	11948000	11948999	5
chr16	11949000	11949999	24
chr16	11950000	11950999	18
chr16	11951000	11951999	10
chr16	11952000	11952999	0
chr16	11953000	11953999	12
chr16	11954000	11954999	3
chr16	11955000	11955999	5
chr16	11956000	11956999	19
chr16	11957000	11957999	23
chr16	11958000	11958999	0
chr16	11959000	11959999	10
chr16	11960000	11960999	5
chr16	11961000	11961999	19
chr16	11962000	11962999	4
chr16	11963000	11963999	5
chr16	11964000	11964999	4
chr16	11965000	11965999	2
chr16	11966000	11966999	0
chr16	11967000	11967999	10
chr16	11968000	11968999	12
chr16	11969000	11969999	1
chr16	11970000	11970999	6
chr16	11971000	11971999	10
chr16	11972000	11972999	0
chr16	11973000	11973999	12
chr16	11974000	11974999	15
chr16	11975000	11975999	5
chr16	11976000	11976999	2
chr16	11977000	11977999	11
chr16	11978000	11978999	5
chr16	11979000	11979999	6
chr16	11980000	11980999	17
chr16	11981000	11981999	7
chr16	11982000	11982999	16
chr16	11983000	11983999	0
chr16	11984000	11984999	17
chr16	11985000	11985999	6
chr16	11986000	11986999	0
chr16	11987000	11987999	6
chr16	11988000	11988999	26
chr16	11989000	11989999	21
chr16	11990000	11990999	1
chr16	11991000	11991999	0
chr16	11992000	11992999	10
chr16	11993000	11993999	9
chr16	11994000	11994999	9
chr16	11995000	11995999	1
chr16	11996000	11996999	12
chr16	11997000	11997999	8
chr16	11998000	11998999	1
chr16	11999000	11999999	0
chr16	12000000	12000999	1
chr16	12001000	12001999	18
chr16	12002000	12002999	0
chr16	12003000	12003999	3
chr16	12004000	12004999	0
chr16	12005000	12005999	3
chr16	12006000	12006999	15
chr16	12007000	12007999	6
chr16	12008000	12008999	19
chr16	12009000	12009999	7
chr16	12010000	12010999	12
chr16	12011000	12011999	8
chr16	12012000	12012999	2
chr16	12013000	12013999	0
chr16	12014000	12014999	1
chr16	12015000	12015999	13
chr16	12016000	12016999	14
chr16	12017000	12017999	0
chr16	12018000	12018999	9
chr16	12019000	12019999	1
chr16	12020000	12020999	18
chr16	12021000	12021999	9
chr16	12022000	12022999	2
chr16	12023000	12023999	14
chr16	12024000	12024999	12
chr16	12025000	12025999	3
chr16	12026000	12026999	8
chr16	12027000	12027999	18
chr16	12028000	12028999	20
chr16	12029000	12029999	4
chr16	12030000	12030999	2
chr16	12031000	12031999	8
chr16	12032000	12032999	10
chr16	12033000	12033999	6
chr16	12034000	12034999	24
chr16	12035000	12035999	8
chr16	12036000	12036999	8
chr16	12037000	12037999	0
chr16	12038000	12038999	24
chr16	12039000	12039999	22
chr16	12040000	12040999	3
chr16	12041000	12041999	23
chr16	12042000	12042999	7
chr16	12043000	12043999	11
chr16	12044000	12044999	13
chr16	12045000	12045999	17
chr16	12046000	12046999	10
chr16	12047000	12047999	25
chr16	12048000	12048999	4
chr16	12049000	12049999	7
chr16	12050000	12050999	26
chr16	12051000	12051999	0
chr16	12052000	12052999	0
chr16	12053000	12053999	0
chr16	12054000	12054999	5
chr16	12055000	12055999	1
chr16	12056000	12056999	2
chr16	12057000	12057999	9
chr16	12058000	12058999	33
chr16	12059000	12059999	0
chr16	12060000	12060999	15
chr16	12061000	12061999	8
chr16	12062000	12062999	10
chr16	12063000	12063999	28
chr16	12064000	12064999	28
chr16	12065000	12065999	0
chr16	12066000	12066999	11
chr16	12067000	12067999	0
chr16	12068000	12068999	0
chr16	12069000	12069999	3
chr16	12070000	12070999	40
chr16	12071000	12071999	7
chr16	12072000	12072999	24
chr16	12073000	12073999	2
chr16	12074000	12074999	0
chr16	12075000	12075999	11
chr16	12076000	12076999	8
chr16	12077000	12077999	16
chr16	12078000	12078999	9
chr16	12079000	12079999	12
chr16	12080000	12080999	8
chr16	12081000	12081999	0
chr16	12082000	12082999	9
chr16	12083000	12083999	2
chr16	12084000	12084999	14
chr16	12085000	12085999	11
chr16	12086000	12086999	0
chr16	12087000	12087999	16
chr16	12088000	12088999	22
chr16	12089000	12089999	0
chr16	12090000	12090999	18
chr16	12091000	12091999	9
chr16	12092000	12092999	2
chr16	12093000	12093999	3
chr16	12094000	12094999	6
chr16	12095000	12095999	9
chr16	12096000	12096999	1
chr16	12097000	12097999	24
chr16	12098000	12098999	12
chr16	12099000	12099999	5
chr16	12100000	12100999	5
chr16	12101000	12101999	12
chr16	12102000	12102999	17
chr16	12103000	12103999	9
chr16	12104000	12104999	8
chr16	12105000	12105999	12
chr16	12106000	12106999	6
chr16	12107000	12107999	7
chr16	12108000	12108999	0
chr16	12109000	12109999	18
chr16	12110000	12110999	23
chr16	12111000	12111999	9
chr16	12112000	12112999	10
chr16	12113000	12113999	3
chr16	12114000	12114999	16
chr16	12115000	12115999	12
chr16	12116000	12116999	29
chr16	12117000	12117999	4
chr16	12118000	12118999	0
chr16	12119000	12119999	38
chr16	12120000	12120999	25
chr16	12121000	12121999	17
chr16	12122000	12122999	2
chr16	12123000	12123999	21
chr16	12124000	12124999	0
chr16	12125000	12125999	2
chr16	12126000	12126999	2
chr16	12127000	12127999	3
chr16	12128000	12128999	6
chr16	12129000	12129999	9
chr16	12130000	12130999	8
chr16	12131000	12131999	15
chr16	12132000	12132999	10
chr16	12133000	12133999	8
chr16	12134000	12134999	13
chr16	12135000	12135999	2
chr16	12136000	12136999	3
chr16	12137000	12137999	20
chr16	12138000	12138999	19
chr16	12139000	12139999	13
chr16	12140000	12140999	6
chr16	12141000	12141999	31
chr16	12142000	12142999	11
chr16	12143000	12143999	7
chr16	12144000	12144999	0
chr16	12145000	12145999	20
chr16	12146000	12146999	5
chr16	12147000	12147999	16
chr16	12148000	12148999	0
chr16	12149000	12149999	0
chr16	12150000	12150999	15
chr16	12151000	12151999	4
chr16	12152000	12152999	0
chr16	12153000	12153999	0
chr16	12154000	12154999	9
chr16	12155000	12155999	9
chr16	12156000	12156999	13
chr16	12157000	12157999	17
chr16	12158000	12158999	0
chr16	12159000	12159999	10
chr16	12160000	12160999	7
chr16	12161000	12161999	17
chr16	12162000	12162999	7
chr16	12163000	12163999	0
chr16	12164000	12164999	15
chr16	12165000	12165999	15
chr16	12166000	12166999	22
chr16	12167000	12167999	9
chr16	12168000	12168999	14
chr16	12169000	12169999	22
chr16	12170000	12170999	13
chr16	12171000	12171999	8
chr16	12172000	12172999	0
chr16	12173000	12173999	3
chr16	12174000	12174999	12
chr16	12175000	12175999	15
chr16	12176000	12176999	9
chr16	12177000	12177999	3
chr16	12178000	12178999	4
chr16	12179000	12179999	0
chr16	12180000	12180999	23
chr16	12181000	12181999	0
chr16	12182000	12182999	10
chr16	12183000	12183999	17
chr16	12184000	12184999	6
chr16	12185000	12185999	14
chr16	12186000	12186999	4
chr16	12187000	12187999	10
chr16	12188000	12188999	10
chr16	12189000	12189999	33
chr16	12190000	12190999	24
chr16	12191000	12191999	26
chr16	12192000	12192999	8
chr16	12193000	12193999	1
chr16	12194000	12194999	4
chr16	12195000	12195999	1
chr16	12196000	12196999	33
chr16	12197000	12197999	4
chr16	12198000	12198999	12
chr16	12199000	12199999	4
chr16	12200000	12200999	15
chr16	12201000	12201999	12
chr16	12202000	12202999	9
chr16	12203000	12203999	2
chr16	12204000	12204999	11
chr16	12205000	12205999	6
chr16	12206000	12206999	20
chr16	12207000	12207999	14
chr16	12208000	12208999	3
chr16	12209000	12209999	15
chr16	12210000	12210999	9
chr16	12211000	12211999	0
chr16	12212000	12212999	15
chr16	12213000	12213999	0
chr16	12214000	12214999	6
chr16	12215000	12215999	0
chr16	12216000	12216999	5
chr16	12217000	12217999	16
chr16	12218000	12218999	20
chr16	12219000	12219999	11
chr16	12220000	12220999	0
chr16	12221000	12221999	2
chr16	12222000	12222999	0
chr16	12223000	12223999	9
chr16	12224000	12224999	4
chr16	12225000	12225999	0
chr16	12226000	12226999	2
chr16	12227000	12227999	15
chr16	12228000	12228999	0
chr16	12229000	12229999	5
chr16	12230000	12230999	6
chr16	12231000	12231999	27
chr16	12232000	12232999	22
chr16	12233000	12233999	0
chr16	12234000	12234999	36
chr16	12235000	12235999	1
chr16	12236000	12236999	0
chr16	12237000	12237999	5
chr16	12238000	12238999	0
chr16	12239000	12239999	2
chr16	12240000	12240999	6
chr16	12241000	12241999	8
chr16	12242000	12242999	6
chr16	12243000	12243999	27
chr16	12244000	12244999	0
chr16	12245000	12245999	25
chr16	12246000	12246999	3
chr16	12247000	12247999	1
chr16	12248000	12248999	6
chr16	12249000	12249999	9
chr16	12250000	12250999	9
chr16	12251000	12251999	17
chr16	12252000	12252999	20
chr16	12253000	12253999	0
chr16	12254000	12254999	26
chr16	12255000	12255999	1
chr16	12256000	12256999	13
chr16	12257000	12257999	4
chr16	12258000	12258999	7
chr16	12259000	12259999	16
chr16	12260000	12260999	0
chr16	12261000	12261999	1
chr16	12262000	12262999	6
chr16	12263000	12263999	8
chr16	12264000	12264999	41
chr16	12265000	12265999	0
chr16	12266000	12266999	14
chr16	12267000	12267999	19
chr16	12268000	12268999	14
chr16	12269000	12269999	7
chr16	12270000	12270999	2
chr16	12271000	12271999	16
chr16	12272000	12272999	9
chr16	12273000	12273999	15
chr16	12274000	12274999	14
chr16	12275000	12275999	17
chr16	12276000	12276999	13
chr16	12277000	12277999	3
chr16	12278000	12278999	17
chr16	12279000	12279999	20
chr16	12280000	12280999	0
chr16	12281000	12281999	8
chr16	12282000	12282999	4
chr16	12283000	12283999	2
chr16	12284000	12284999	0
chr16	12285000	12285999	14
chr16	12286000	12286999	13
chr16	12287000	12287999	16
chr16	12288000	12288999	0
chr16	12289000	12289999	28
chr16	12290000	12290999	0
chr16	12291000	12291999	6
chr16	12292000	12292999	0
chr16	12293000	12293999	9
chr16	12294000	12294999	4
chr16	12295000	12295999	39
chr16	12296000	12296999	26
chr16	12297000	12297999	8
chr16	12298000	12298999	23
chr16	12299000	12299999	15
chr16	12300000	12300999	16
chr16	12301000	12301999	11
chr16	12302000	12302999	21
chr16	12303000	12303999	23
chr16	12304000	12304999	0
chr16	12305000	12305999	0
chr16	12306000	12306999	12
chr16	12307000	12307999	10
chr16	12308000	12308999	8
chr16	12309000	12309999	0
chr16	12310000	12310999	18
chr16	12311000	12311999	4
chr16	12312000	12312999	21
chr16	12313000	12313999	3
chr16	12314000	12314999	3
chr16	12315000	12315999	15
chr16	12316000	12316999	5
chr16	12317000	12317999	20
chr16	12318000	12318999	1
chr16	12319000	12319999	1
chr16	12320000	12320999	12
chr16	12321000	12321999	0
chr16	12322000	12322999	31
chr16	12323000	12323999	0
chr16	12324000	12324999	3
chr16	12325000	12325999	0
chr16	12326000	12326999	0
chr16	12327000	12327999	0
chr16	12328000	12328999	7
chr16	12329000	12329999	0
chr16	12330000	12330999	0
chr16	12331000	12331999	7
chr16	12332000	12332999	0
chr16	12333000	12333999	0
chr16	12334000	12334999	0
chr16	12335000	12335999	0
chr16	12336000	12336999	0
chr16	12337000	12337999	0
chr16	12338000	12338999	0
chr16	12339000	12339999	0
chr16	12340000	12340999	0
chr16	12341000	12341999	0
chr16	12342000	12342999	0
chr16	12343000	12343999	0
chr16	12344000	12344999	0
chr16	12345000	12345999	4
chr16	12346000	12346999	3
chr16	12347000	12347999	2
chr16	12348000	12348999	2
chr16	12349000	12349999	2
chr16	12350000	12350999	11
chr16	12351000	12351999	14
chr16	12352000	12352999	11
chr16	12353000	12353999	0
chr16	12354000	12354999	12
chr16	12355000	12355999	0
chr16	12356000	12356999	0
chr16	12357000	12357999	3
chr16	12358000	12358999	25
chr16	12359000	12359999	0
chr16	12360000	12360999	1
chr16	12361000	12361999	12
chr16	12362000	12362999	0
chr16	12363000	12363999	0
chr16	12364000	12364999	0
chr16	12365000	12365999	0
chr16	12366000	12366999	12
chr16	12367000	12367999	2
chr16	12368000	12368999	3
chr16	12369000	12369999	0
chr16	12370000	12370999	22
chr16	12371000	12371999	6
chr16	12372000	12372999	28
chr16	12373000	12373999	0
chr16	12374000	12374999	0
chr16	12375000	12375999	9
chr16	12376000	12376999	0
chr16	12377000	12377999	11
chr16	12378000	12378999	0
chr16	12379000	12379999	8
chr16	12380000	12380999	7
chr16	12381000	12381999	14
chr16	12382000	12382999	11
chr16	12383000	12383999	19
chr16	12384000	12384999	6
chr16	12385000	12385999	17
chr16	12386000	12386999	3
chr16	12387000	12387999	1
chr16	12388000	12388999	11
chr16	12389000	12389999	37
chr16	12390000	12390999	13
chr16	12391000	12391999	0
chr16	12392000	12392999	8
chr16	12393000	12393999	11
chr16	12394000	12394999	0
chr16	12395000	12395999	5
chr16	12396000	12396999	1
chr16	12397000	12397999	15
chr16	12398000	12398999	9
chr16	12399000	12399999	3
chr16	12400000	12400999	9
chr16	12401000	12401999	13
chr16	12402000	12402999	7
chr16	12403000	12403999	11
chr16	12404000	12404999	21
chr16	12405000	12405999	2
chr16	12406000	12406999	7
chr16	12407000	12407999	0
chr16	12408000	12408999	6
chr16	12409000	12409999	16
chr16	12410000	12410999	4
chr16	12411000	12411999	3
chr16	12412000	12412999	27
chr16	12413000	12413999	5
chr16	12414000	12414999	14
chr16	12415000	12415999	0
chr16	12416000	12416999	4
chr16	12417000	12417999	0
chr16	12418000	12418999	0
chr16	12419000	12419999	4
chr16	12420000	12420999	0
chr16	12421000	12421999	0
chr16	12422000	12422999	0
chr16	12423000	12423999	2
chr16	12424000	12424999	17
chr16	12425000	12425999	4
chr16	12426000	12426999	11
chr16	12427000	12427999	3
chr16	12428000	12428999	3
chr16	12429000	12429999	8
chr16	12430000	12430999	3
chr16	12431000	12431999	9
chr16	12432000	12432999	1
chr16	12433000	12433999	0
chr16	12434000	12434999	0
chr16	12435000	12435999	12
chr16	12436000	12436999	10
chr16	12437000	12437999	7
chr16	12438000	12438999	14
chr16	12439000	12439999	7
chr16	12440000	12440999	11
chr16	12441000	12441999	8
chr16	12442000	12442999	12
chr16	12443000	12443999	14
chr16	12444000	12444999	5
chr16	12445000	12445999	6
chr16	12446000	12446999	0
chr16	12447000	12447999	14
chr16	12448000	12448999	17
chr16	12449000	12449999	16
chr16	12450000	12450999	0
chr16	12451000	12451999	0
chr16	12452000	12452999	4
chr16	12453000	12453999	5
chr16	12454000	12454999	27
chr16	12455000	12455999	25
chr16	12456000	12456999	7
chr16	12457000	12457999	5
chr16	12458000	12458999	9
chr16	12459000	12459999	0
chr16	12460000	12460999	0
chr16	12461000	12461999	5
chr16	12462000	12462999	7
chr16	12463000	12463999	0
chr16	12464000	12464999	0
chr16	12465000	12465999	0
chr16	12466000	12466999	0
chr16	12467000	12467999	0
chr16	12468000	12468999	0
chr16	12469000	12469999	6
chr16	12470000	12470999	13
chr16	12471000	12471999	11
chr16	12472000	12472999	17
chr16	12473000	12473999	0
chr16	12474000	12474999	7
chr16	12475000	12475999	2
chr16	12476000	12476999	3
chr16	12477000	12477999	21
chr16	12478000	12478999	9
chr16	12479000	12479999	24
chr16	12480000	12480999	0
chr16	12481000	12481999	23
chr16	12482000	12482999	6
chr16	12483000	12483999	23
chr16	12484000	12484999	0
chr16	12485000	12485999	15
chr16	12486000	12486999	29
chr16	12487000	12487999	0
chr16	12488000	12488999	3
chr16	12489000	12489999	0
chr16	12490000	12490999	0
chr16	12491000	12491999	3
chr16	12492000	12492999	13
chr16	12493000	12493999	15
chr16	12494000	12494999	10
chr16	12495000	12495999	17
chr16	12496000	12496999	25
chr16	12497000	12497999	9
chr16	12498000	12498999	3
chr16	12499000	12499999	15
chr16	12500000	12500999	0
chr16	12501000	12501999	6
chr16	12502000	12502999	0
chr16	12503000	12503999	3
chr16	12504000	12504999	0
chr16	12505000	12505999	10
chr16	12506000	12506999	29
chr16	12507000	12507999	10
chr16	12508000	12508999	0
chr16	12509000	12509999	0
chr16	12510000	12510999	51
chr16	12511000	12511999	0
chr16	12512000	12512999	32
chr16	12513000	12513999	3
chr16	12514000	12514999	9
chr16	12515000	12515999	21
chr16	12516000	12516999	0
chr16	12517000	12517999	11
chr16	12518000	12518999	0
chr16	12519000	12519999	13
chr16	12520000	12520999	13
chr16	12521000	12521999	23
chr16	12522000	12522999	16
chr16	12523000	12523999	22
chr16	12524000	12524999	8
chr16	12525000	12525999	3
chr16	12526000	12526999	2
chr16	12527000	12527999	3
chr16	12528000	12528999	2
chr16	12529000	12529999	21
chr16	12530000	12530999	3
chr16	12531000	12531999	15
chr16	12532000	12532999	18
chr16	12533000	12533999	4
chr16	12534000	12534999	12
chr16	12535000	12535999	0
chr16	12536000	12536999	0
chr16	12537000	12537999	0
chr16	12538000	12538999	12
chr16	12539000	12539999	12
chr16	12540000	12540999	4
chr16	12541000	12541999	0
chr16	12542000	12542999	4
chr16	12543000	12543999	6
chr16	12544000	12544999	5
chr16	12545000	12545999	0
chr16	12546000	12546999	16
chr16	12547000	12547999	8
chr16	12548000	12548999	21
chr16	12549000	12549999	10
chr16	12550000	12550999	9
chr16	12551000	12551999	24
chr16	12552000	12552999	10
chr16	12553000	12553999	10
chr16	12554000	12554999	6
chr16	12555000	12555999	1
chr16	12556000	12556999	9
chr16	12557000	12557999	25
chr16	12558000	12558999	14
chr16	12559000	12559999	3
chr16	12560000	12560999	0
chr16	12561000	12561999	3
chr16	12562000	12562999	14
chr16	12563000	12563999	29
chr16	12564000	12564999	12
chr16	12565000	12565999	19
chr16	12566000	12566999	11
chr16	12567000	12567999	30
chr16	12568000	12568999	5
chr16	12569000	12569999	0
chr16	12570000	12570999	10
chr16	12571000	12571999	21
chr16	12572000	12572999	3
chr16	12573000	12573999	8
chr16	12574000	12574999	24
chr16	12575000	12575999	32
chr16	12576000	12576999	19
chr16	12577000	12577999	1
chr16	12578000	12578999	7
chr16	12579000	12579999	3
chr16	12580000	12580999	0
chr16	12581000	12581999	4
chr16	12582000	12582999	4
chr16	12583000	12583999	5
chr16	12584000	12584999	15
chr16	12585000	12585999	7
chr16	12586000	12586999	0
chr16	12587000	12587999	14
chr16	12588000	12588999	6
chr16	12589000	12589999	1
chr16	12590000	12590999	0
chr16	12591000	12591999	0
chr16	12592000	12592999	0
chr16	12593000	12593999	0
chr16	12594000	12594999	0
chr16	12595000	12595999	0
chr16	12596000	12596999	5
chr16	12597000	12597999	6
chr16	12598000	12598999	10
chr16	12599000	12599999	4
chr16	12600000	12600999	17
chr16	12601000	12601999	11
chr16	12602000	12602999	10
chr16	12603000	12603999	11
chr16	12604000	12604999	6
chr16	12605000	12605999	0
chr16	12606000	12606999	10
chr16	12607000	12607999	4
chr16	12608000	12608999	13
chr16	12609000	12609999	11
chr16	12610000	12610999	9
chr16	12611000	12611999	39
chr16	12612000	12612999	2
chr16	12613000	12613999	0
chr16	12614000	12614999	24
chr16	12615000	12615999	16
chr16	12616000	12616999	8
chr16	12617000	12617999	22
chr16	12618000	12618999	8
chr16	12619000	12619999	0
chr16	12620000	12620999	0
chr16	12621000	12621999	3
chr16	12622000	12622999	0
chr16	12623000	12623999	2
chr16	12624000	12624999	0
chr16	12625000	12625999	0
chr16	12626000	12626999	0
chr16	12627000	12627999	5
chr16	12628000	12628999	10
chr16	12629000	12629999	32
chr16	12630000	12630999	7
chr16	12631000	12631999	22
chr16	12632000	12632999	18
chr16	12633000	12633999	19
chr16	12634000	12634999	0
chr16	12635000	12635999	0
chr16	12636000	12636999	8
chr16	12637000	12637999	12
chr16	12638000	12638999	9
chr16	12639000	12639999	14
chr16	12640000	12640999	20
chr16	12641000	12641999	5
chr16	12642000	12642999	0
chr16	12643000	12643999	33
chr16	12644000	12644999	6
chr16	12645000	12645999	9
chr16	12646000	12646999	8
chr16	12647000	12647999	20
chr16	12648000	12648999	6
chr16	12649000	12649999	8
chr16	12650000	12650999	25
chr16	12651000	12651999	6
chr16	12652000	12652999	10
chr16	12653000	12653999	0
chr16	12654000	12654999	8
chr16	12655000	12655999	15
chr16	12656000	12656999	10
chr16	12657000	12657999	3
chr16	12658000	12658999	4
chr16	12659000	12659999	28
chr16	12660000	12660999	4
chr16	12661000	12661999	8
chr16	12662000	12662999	10
chr16	12663000	12663999	0
chr16	12664000	12664999	0
chr16	12665000	12665999	0
chr16	12666000	12666999	11
chr16	12667000	12667999	20
chr16	12668000	12668999	0
chr16	12669000	12669999	9
chr16	12670000	12670999	15
chr16	12671000	12671999	6
chr16	12672000	12672999	0
chr16	12673000	12673999	31
chr16	12674000	12674999	11
chr16	12675000	12675999	9
chr16	12676000	12676999	1
chr16	12677000	12677999	21
chr16	12678000	12678999	7
chr16	12679000	12679999	0
chr16	12680000	12680999	3
chr16	12681000	12681999	24
chr16	12682000	12682999	4
chr16	12683000	12683999	10
chr16	12684000	12684999	33
chr16	12685000	12685999	21
chr16	12686000	12686999	7
chr16	12687000	12687999	11
chr16	12688000	12688999	18
chr16	12689000	12689999	0
chr16	12690000	12690999	19
chr16	12691000	12691999	2
chr16	12692000	12692999	5
chr16	12693000	12693999	17
chr16	12694000	12694999	27
chr16	12695000	12695999	5
chr16	12696000	12696999	16
chr16	12697000	12697999	28
chr16	12698000	12698999	9
chr16	12699000	12699999	20
chr16	12700000	12700999	0
chr16	12701000	12701999	16
chr16	12702000	12702999	3
chr16	12703000	12703999	1
chr16	12704000	12704999	23
chr16	12705000	12705999	9
chr16	12706000	12706999	11
chr16	12707000	12707999	8
chr16	12708000	12708999	8
chr16	12709000	12709999	12
chr16	12710000	12710999	36
chr16	12711000	12711999	7
chr16	12712000	12712999	19
chr16	12713000	12713999	0
chr16	12714000	12714999	3
chr16	12715000	12715999	11
chr16	12716000	12716999	6
chr16	12717000	12717999	13
chr16	12718000	12718999	1
chr16	12719000	12719999	6
chr16	12720000	12720999	20
chr16	12721000	12721999	4
chr16	12722000	12722999	0
chr16	12723000	12723999	2
chr16	12724000	12724999	22
chr16	12725000	12725999	8
chr16	12726000	12726999	18
chr16	12727000	12727999	0
chr16	12728000	12728999	15
chr16	12729000	12729999	8
chr16	12730000	12730999	10
chr16	12731000	12731999	6
chr16	12732000	12732999	6
chr16	12733000	12733999	11
chr16	12734000	12734999	13
chr16	12735000	12735999	12
chr16	12736000	12736999	13
chr16	12737000	12737999	8
chr16	12738000	12738999	0
chr16	12739000	12739999	27
chr16	12740000	12740999	19
chr16	12741000	12741999	21
chr16	12742000	12742999	23
chr16	12743000	12743999	21
chr16	12744000	12744999	8
chr16	12745000	12745999	17
chr16	12746000	12746999	29
chr16	12747000	12747999	15
chr16	12748000	12748999	12
chr16	12749000	12749999	1
chr16	12750000	12750999	20
chr16	12751000	12751999	7
chr16	12752000	12752999	1
chr16	12753000	12753999	6
chr16	12754000	12754999	0
chr16	12755000	12755999	13
chr16	12756000	12756999	0
chr16	12757000	12757999	0
chr16	12758000	12758999	8
chr16	12759000	12759999	16
chr16	12760000	12760999	8
chr16	12761000	12761999	23
chr16	12762000	12762999	14
chr16	12763000	12763999	8
chr16	12764000	12764999	11
chr16	12765000	12765999	8
chr16	12766000	12766999	11
chr16	12767000	12767999	1
chr16	12768000	12768999	0
chr16	12769000	12769999	0
chr16	12770000	12770999	4
chr16	12771000	12771999	7
chr16	12772000	12772999	0
chr16	12773000	12773999	22
chr16	12774000	12774999	0
chr16	12775000	12775999	10
chr16	12776000	12776999	11
chr16	12777000	12777999	4
chr16	12778000	12778999	3
chr16	12779000	12779999	11
chr16	12780000	12780999	11
chr16	12781000	12781999	4
chr16	12782000	12782999	12
chr16	12783000	12783999	14
chr16	12784000	12784999	17
chr16	12785000	12785999	3
chr16	12786000	12786999	10
chr16	12787000	12787999	24
chr16	12788000	12788999	8
chr16	12789000	12789999	12
chr16	12790000	12790999	3
chr16	12791000	12791999	0
chr16	12792000	12792999	0
chr16	12793000	12793999	12
chr16	12794000	12794999	2
chr16	12795000	12795999	7
chr16	12796000	12796999	0
chr16	12797000	12797999	36
chr16	12798000	12798999	17
chr16	12799000	12799999	8
chr16	12800000	12800999	0
chr16	12801000	12801999	2
chr16	12802000	12802999	0
chr16	12803000	12803999	0
chr16	12804000	12804999	14
chr16	12805000	12805999	6
chr16	12806000	12806999	3
chr16	12807000	12807999	17
chr16	12808000	12808999	0
chr16	12809000	12809999	2
chr16	12810000	12810999	13
chr16	12811000	12811999	15
chr16	12812000	12812999	0
chr16	12813000	12813999	24
chr16	12814000	12814999	4
chr16	12815000	12815999	11
chr16	12816000	12816999	7
chr16	12817000	12817999	11
chr16	12818000	12818999	17
chr16	12819000	12819999	4
chr16	12820000	12820999	0
chr16	12821000	12821999	16
chr16	12822000	12822999	4
chr16	12823000	12823999	10
chr16	12824000	12824999	13
chr16	12825000	12825999	4
chr16	12826000	12826999	0
chr16	12827000	12827999	7
chr16	12828000	12828999	5
chr16	12829000	12829999	0
chr16	12830000	12830999	0
chr16	12831000	12831999	11
chr16	12832000	12832999	21
chr16	12833000	12833999	16
chr16	12834000	12834999	20
chr16	12835000	12835999	4
chr16	12836000	12836999	6
chr16	12837000	12837999	9
chr16	12838000	12838999	17
chr16	12839000	12839999	11
chr16	12840000	12840999	24
chr16	12841000	12841999	13
chr16	12842000	12842999	18
chr16	12843000	12843999	18
chr16	12844000	12844999	15
chr16	12845000	12845999	0
chr16	12846000	12846999	0
chr16	12847000	12847999	8
chr16	12848000	12848999	20
chr16	12849000	12849999	5
chr16	12850000	12850999	9
chr16	12851000	12851999	10
chr16	12852000	12852999	5
chr16	12853000	12853999	0
chr16	12854000	12854999	30
chr16	12855000	12855999	25
chr16	12856000	12856999	9
chr16	12857000	12857999	7
chr16	12858000	12858999	0
chr16	12859000	12859999	4
chr16	12860000	12860999	10
chr16	12861000	12861999	0
chr16	12862000	12862999	30
chr16	12863000	12863999	19
chr16	12864000	12864999	11
chr16	12865000	12865999	6
chr16	12866000	12866999	29
chr16	12867000	12867999	0
chr16	12868000	12868999	37
chr16	12869000	12869999	2
chr16	12870000	12870999	0
chr16	12871000	12871999	17
chr16	12872000	12872999	19
chr16	12873000	12873999	15
chr16	12874000	12874999	7
chr16	12875000	12875999	11
chr16	12876000	12876999	6
chr16	12877000	12877999	0
chr16	12878000	12878999	13
chr16	12879000	12879999	14
chr16	12880000	12880999	8
chr16	12881000	12881999	16
chr16	12882000	12882999	12
chr16	12883000	12883999	23
chr16	12884000	12884999	7
chr16	12885000	12885999	45
chr16	12886000	12886999	38
chr16	12887000	12887999	20
chr16	12888000	12888999	8
chr16	12889000	12889999	34
chr16	12890000	12890999	10
chr16	12891000	12891999	4
chr16	12892000	12892999	17
chr16	12893000	12893999	27
chr16	12894000	12894999	10
chr16	12895000	12895999	6
chr16	12896000	12896999	3
chr16	12897000	12897999	5
chr16	12898000	12898999	8
chr16	12899000	12899999	8
chr16	12900000	12900999	21
chr16	12901000	12901999	0
chr16	12902000	12902999	12
chr16	12903000	12903999	30
chr16	12904000	12904999	11
chr16	12905000	12905999	43
chr16	12906000	12906999	16
chr16	12907000	12907999	0
chr16	12908000	12908999	15
chr16	12909000	12909999	5
chr16	12910000	12910999	16
chr16	12911000	12911999	0
chr16	12912000	12912999	17
chr16	12913000	12913999	4
chr16	12914000	12914999	5
chr16	12915000	12915999	16
chr16	12916000	12916999	17
chr16	12917000	12917999	3
chr16	12918000	12918999	6
chr16	12919000	12919999	4
chr16	12920000	12920999	4
chr16	12921000	12921999	22
chr16	12922000	12922999	31
chr16	12923000	12923999	17
chr16	12924000	12924999	17
chr16	12925000	12925999	8
chr16	12926000	12926999	3
chr16	12927000	12927999	10
chr16	12928000	12928999	33
chr16	12929000	12929999	15
chr16	12930000	12930999	11
chr16	12931000	12931999	15
chr16	12932000	12932999	7
chr16	12933000	12933999	1
chr16	12934000	12934999	11
chr16	12935000	12935999	17
chr16	12936000	12936999	10
chr16	12937000	12937999	7
chr16	12938000	12938999	8
chr16	12939000	12939999	12
chr16	12940000	12940999	24
chr16	12941000	12941999	19
chr16	12942000	12942999	16
chr16	12943000	12943999	0
chr16	12944000	12944999	18
chr16	12945000	12945999	0
chr16	12946000	12946999	1
chr16	12947000	12947999	21
chr16	12948000	12948999	0
chr16	12949000	12949999	4
chr16	12950000	12950999	0
chr16	12951000	12951999	17
chr16	12952000	12952999	29
chr16	12953000	12953999	25
chr16	12954000	12954999	6
chr16	12955000	12955999	8
chr16	12956000	12956999	7
chr16	12957000	12957999	0
chr16	12958000	12958999	0
chr16	12959000	12959999	2
chr16	12960000	12960999	3
chr16	12961000	12961999	23
chr16	12962000	12962999	18
chr16	12963000	12963999	18
chr16	12964000	12964999	26
chr16	12965000	12965999	8
chr16	12966000	12966999	9
chr16	12967000	12967999	20
chr16	12968000	12968999	13
chr16	12969000	12969999	2
chr16	12970000	12970999	10
chr16	12971000	12971999	1
chr16	12972000	12972999	10
chr16	12973000	12973999	10
chr16	12974000	12974999	0
chr16	12975000	12975999	0
chr16	12976000	12976999	0
chr16	12977000	12977999	0
chr16	12978000	12978999	7
chr16	12979000	12979999	0
chr16	12980000	12980999	0
chr16	12981000	12981999	3
chr16	12982000	12982999	8
chr16	12983000	12983999	8
chr16	12984000	12984999	0
chr16	12985000	12985999	0
chr16	12986000	12986999	2
chr16	12987000	12987999	0
chr16	12988000	12988999	4
chr16	12989000	12989999	3
chr16	12990000	12990999	5
chr16	12991000	12991999	29
chr16	12992000	12992999	5
chr16	12993000	12993999	0
chr16	12994000	12994999	22
chr16	12995000	12995999	0
chr16	12996000	12996999	12
chr16	12997000	12997999	15
chr16	12998000	12998999	24
chr16	12999000	12999999	0
chr16	13000000	13000999	9
chr16	13001000	13001999	0
chr16	13002000	13002999	12
chr16	13003000	13003999	20
chr16	13004000	13004999	3
chr16	13005000	13005999	3
chr16	13006000	13006999	10
chr16	13007000	13007999	2
chr16	13008000	13008999	5
chr16	13009000	13009999	0
chr16	13010000	13010999	22
chr16	13011000	13011999	11
chr16	13012000	13012999	0
chr16	13013000	13013999	12
chr16	13014000	13014999	9
chr16	13015000	13015999	11
chr16	13016000	13016999	1
chr16	13017000	13017999	18
chr16	13018000	13018999	1
chr16	13019000	13019999	28
chr16	13020000	13020999	7
chr16	13021000	13021999	0
chr16	13022000	13022999	2
chr16	13023000	13023999	19
chr16	13024000	13024999	14
chr16	13025000	13025999	10
chr16	13026000	13026999	8
chr16	13027000	13027999	27
chr16	13028000	13028999	0
chr16	13029000	13029999	3
chr16	13030000	13030999	6
chr16	13031000	13031999	10
chr16	13032000	13032999	2
chr16	13033000	13033999	0
chr16	13034000	13034999	2
chr16	13035000	13035999	7
chr16	13036000	13036999	0
chr16	13037000	13037999	0
chr16	13038000	13038999	0
chr16	13039000	13039999	9
chr16	13040000	13040999	21
chr16	13041000	13041999	1
chr16	13042000	13042999	10
chr16	13043000	13043999	15
chr16	13044000	13044999	10
chr16	13045000	13045999	2
chr16	13046000	13046999	6
chr16	13047000	13047999	1
chr16	13048000	13048999	14
chr16	13049000	13049999	10
chr16	13050000	13050999	18
chr16	13051000	13051999	17
chr16	13052000	13052999	0
chr16	13053000	13053999	7
chr16	13054000	13054999	7
chr16	13055000	13055999	8
chr16	13056000	13056999	6
chr16	13057000	13057999	3
chr16	13058000	13058999	2
chr16	13059000	13059999	4
chr16	13060000	13060999	0
chr16	13061000	13061999	15
chr16	13062000	13062999	11
chr16	13063000	13063999	3
chr16	13064000	13064999	21
chr16	13065000	13065999	0
chr16	13066000	13066999	0
chr16	13067000	13067999	22
chr16	13068000	13068999	11
chr16	13069000	13069999	15
chr16	13070000	13070999	49
chr16	13071000	13071999	0
chr16	13072000	13072999	16
chr16	13073000	13073999	14
chr16	13074000	13074999	20
chr16	13075000	13075999	17
chr16	13076000	13076999	17
chr16	13077000	13077999	2
chr16	13078000	13078999	5
chr16	13079000	13079999	9
chr16	13080000	13080999	4
chr16	13081000	13081999	10
chr16	13082000	13082999	7
chr16	13083000	13083999	5
chr16	13084000	13084999	4
chr16	13085000	13085999	1
chr16	13086000	13086999	17
chr16	13087000	13087999	0
chr16	13088000	13088999	0
chr16	13089000	13089999	0
chr16	13090000	13090999	0
chr16	13091000	13091999	0
chr16	13092000	13092999	0
chr16	13093000	13093999	0
chr16	13094000	13094999	12
chr16	13095000	13095999	11
chr16	13096000	13096999	0
chr16	13097000	13097999	8
chr16	13098000	13098999	17
chr16	13099000	13099999	2
chr16	13100000	13100999	0
chr16	13101000	13101999	0
chr16	13102000	13102999	0
chr16	13103000	13103999	0
chr16	13104000	13104999	0
chr16	13105000	13105999	0
chr16	13106000	13106999	0
chr16	13107000	13107999	11
chr16	13108000	13108999	28
chr16	13109000	13109999	166
chr16	13110000	13110999	51
chr16	13111000	13111999	4
chr16	13112000	13112999	3
chr16	13113000	13113999	0
chr16	13114000	13114999	0
chr16	13115000	13115999	20
chr16	13116000	13116999	15
chr16	13117000	13117999	48
chr16	13118000	13118999	20
chr16	13119000	13119999	0
chr16	13120000	13120999	5
chr16	13121000	13121999	18
chr16	13122000	13122999	1
chr16	13123000	13123999	0
chr16	13124000	13124999	13
chr16	13125000	13125999	13
chr16	13126000	13126999	18
chr16	13127000	13127999	23
chr16	13128000	13128999	11
chr16	13129000	13129999	9
chr16	13130000	13130999	6
chr16	13131000	13131999	0
chr16	13132000	13132999	1
chr16	13133000	13133999	0
chr16	13134000	13134999	0
chr16	13135000	13135999	0
chr16	13136000	13136999	0
chr16	13137000	13137999	0
chr16	13138000	13138999	0
chr16	13139000	13139999	0
chr16	13140000	13140999	24
chr16	13141000	13141999	4
chr16	13142000	13142999	6
chr16	13143000	13143999	0
chr16	13144000	13144999	13
chr16	13145000	13145999	6
chr16	13146000	13146999	14
chr16	13147000	13147999	23
chr16	13148000	13148999	0
chr16	13149000	13149999	24
chr16	13150000	13150999	12
chr16	13151000	13151999	4
chr16	13152000	13152999	12
chr16	13153000	13153999	6
chr16	13154000	13154999	8
chr16	13155000	13155999	10
chr16	13156000	13156999	0
chr16	13157000	13157999	7
chr16	13158000	13158999	38
chr16	13159000	13159999	25
chr16	13160000	13160999	38
chr16	13161000	13161999	17
chr16	13162000	13162999	7
chr16	13163000	13163999	8
chr16	13164000	13164999	0
chr16	13165000	13165999	4
chr16	13166000	13166999	1
chr16	13167000	13167999	9
chr16	13168000	13168999	2
chr16	13169000	13169999	4
chr16	13170000	13170999	17
chr16	13171000	13171999	8
chr16	13172000	13172999	8
chr16	13173000	13173999	8
chr16	13174000	13174999	0
chr16	13175000	13175999	14
chr16	13176000	13176999	0
chr16	13177000	13177999	0
chr16	13178000	13178999	0
chr16	13179000	13179999	0
chr16	13180000	13180999	0
chr16	13181000	13181999	0
chr16	13182000	13182999	1
chr16	13183000	13183999	5
chr16	13184000	13184999	17
chr16	13185000	13185999	4
chr16	13186000	13186999	13
chr16	13187000	13187999	0
chr16	13188000	13188999	20
chr16	13189000	13189999	29
chr16	13190000	13190999	15
chr16	13191000	13191999	0
chr16	13192000	13192999	25
chr16	13193000	13193999	22
chr16	13194000	13194999	12
chr16	13195000	13195999	13
chr16	13196000	13196999	2
chr16	13197000	13197999	27
chr16	13198000	13198999	18
chr16	13199000	13199999	3
chr16	13200000	13200999	5
chr16	13201000	13201999	0
chr16	13202000	13202999	0
chr16	13203000	13203999	5
chr16	13204000	13204999	2
chr16	13205000	13205999	14
chr16	13206000	13206999	5
chr16	13207000	13207999	7
chr16	13208000	13208999	0
chr16	13209000	13209999	11
chr16	13210000	13210999	8
chr16	13211000	13211999	28
chr16	13212000	13212999	10
chr16	13213000	13213999	6
chr16	13214000	13214999	13
chr16	13215000	13215999	6
chr16	13216000	13216999	0
chr16	13217000	13217999	4
chr16	13218000	13218999	13
chr16	13219000	13219999	18
chr16	13220000	13220999	0
chr16	13221000	13221999	0
chr16	13222000	13222999	5
chr16	13223000	13223999	15
chr16	13224000	13224999	13
chr16	13225000	13225999	9
chr16	13226000	13226999	17
chr16	13227000	13227999	17
chr16	13228000	13228999	17
chr16	13229000	13229999	12
chr16	13230000	13230999	22
chr16	13231000	13231999	37
chr16	13232000	13232999	88
chr16	13233000	13233999	52
chr16	13234000	13234999	9
chr16	13235000	13235999	5
chr16	13236000	13236999	0
chr16	13237000	13237999	2
chr16	13238000	13238999	16
chr16	13239000	13239999	22
chr16	13240000	13240999	39
chr16	13241000	13241999	1
chr16	13242000	13242999	0
chr16	13243000	13243999	7
chr16	13244000	13244999	11
chr16	13245000	13245999	2
chr16	13246000	13246999	19
chr16	13247000	13247999	26
chr16	13248000	13248999	0
chr16	13249000	13249999	0
chr16	13250000	13250999	13
chr16	13251000	13251999	60
chr16	13252000	13252999	23
chr16	13253000	13253999	0
chr16	13254000	13254999	12
chr16	13255000	13255999	8
chr16	13256000	13256999	85
chr16	13257000	13257999	16
chr16	13258000	13258999	8
chr16	13259000	13259999	12
chr16	13260000	13260999	17
chr16	13261000	13261999	9
chr16	13262000	13262999	0
chr16	13263000	13263999	0
chr16	13264000	13264999	0
chr16	13265000	13265999	13
chr16	13266000	13266999	3
chr16	13267000	13267999	18
chr16	13268000	13268999	4
chr16	13269000	13269999	34
chr16	13270000	13270999	9
chr16	13271000	13271999	15
chr16	13272000	13272999	12
chr16	13273000	13273999	0
chr16	13274000	13274999	4
chr16	13275000	13275999	19
chr16	13276000	13276999	29
chr16	13277000	13277999	3
chr16	13278000	13278999	7
chr16	13279000	13279999	11
chr16	13280000	13280999	0
chr16	13281000	13281999	13
chr16	13282000	13282999	14
chr16	13283000	13283999	7
chr16	13284000	13284999	4
chr16	13285000	13285999	4
chr16	13286000	13286999	2
chr16	13287000	13287999	0
chr16	13288000	13288999	11
chr16	13289000	13289999	22
chr16	13290000	13290999	0
chr16	13291000	13291999	0
chr16	13292000	13292999	14
chr16	13293000	13293999	9
chr16	13294000	13294999	12
chr16	13295000	13295999	1
chr16	13296000	13296999	21
chr16	13297000	13297999	12
chr16	13298000	13298999	24
chr16	13299000	13299999	13
chr16	13300000	13300999	22
chr16	13301000	13301999	0
chr16	13302000	13302999	12
chr16	13303000	13303999	18
chr16	13304000	13304999	4
chr16	13305000	13305999	4
chr16	13306000	13306999	9
chr16	13307000	13307999	14
chr16	13308000	13308999	4
chr16	13309000	13309999	0
chr16	13310000	13310999	15
chr16	13311000	13311999	27
chr16	13312000	13312999	30
chr16	13313000	13313999	12
chr16	13314000	13314999	13
chr16	13315000	13315999	22
chr16	13316000	13316999	0
chr16	13317000	13317999	3
chr16	13318000	13318999	10
chr16	13319000	13319999	1
chr16	13320000	13320999	6
chr16	13321000	13321999	15
chr16	13322000	13322999	10
chr16	13323000	13323999	39
chr16	13324000	13324999	0
chr16	13325000	13325999	20
chr16	13326000	13326999	32
chr16	13327000	13327999	24
chr16	13328000	13328999	30
chr16	13329000	13329999	25
chr16	13330000	13330999	162
chr16	13331000	13331999	13
chr16	13332000	13332999	15
chr16	13333000	13333999	37
chr16	13334000	13334999	58
chr16	13335000	13335999	45
chr16	13336000	13336999	4
chr16	13337000	13337999	21
chr16	13338000	13338999	27
chr16	13339000	13339999	0
chr16	13340000	13340999	7
chr16	13341000	13341999	6
chr16	13342000	13342999	15
chr16	13343000	13343999	28
chr16	13344000	13344999	14
chr16	13345000	13345999	3
chr16	13346000	13346999	10
chr16	13347000	13347999	22
chr16	13348000	13348999	27
chr16	13349000	13349999	4
chr16	13350000	13350999	8
chr16	13351000	13351999	18
chr16	13352000	13352999	0
chr16	13353000	13353999	19
chr16	13354000	13354999	14
chr16	13355000	13355999	33
chr16	13356000	13356999	0
chr16	13357000	13357999	15
chr16	13358000	13358999	12
chr16	13359000	13359999	22
chr16	13360000	13360999	34
chr16	13361000	13361999	0
chr16	13362000	13362999	13
chr16	13363000	13363999	15
chr16	13364000	13364999	20
chr16	13365000	13365999	7
chr16	13366000	13366999	20
chr16	13367000	13367999	22
chr16	13368000	13368999	11
chr16	13369000	13369999	8
chr16	13370000	13370999	8
chr16	13371000	13371999	10
chr16	13372000	13372999	37
chr16	13373000	13373999	4
chr16	13374000	13374999	2
chr16	13375000	13375999	15
chr16	13376000	13376999	8
chr16	13377000	13377999	9
chr16	13378000	13378999	12
chr16	13379000	13379999	2
chr16	13380000	13380999	1
chr16	13381000	13381999	1
chr16	13382000	13382999	9
chr16	13383000	13383999	5
chr16	13384000	13384999	6
chr16	13385000	13385999	8
chr16	13386000	13386999	9
chr16	13387000	13387999	14
chr16	13388000	13388999	14
chr16	13389000	13389999	8
chr16	13390000	13390999	7
chr16	13391000	13391999	13
chr16	13392000	13392999	2
chr16	13393000	13393999	2
chr16	13394000	13394999	6
chr16	13395000	13395999	0
chr16	13396000	13396999	0
chr16	13397000	13397999	20
chr16	13398000	13398999	3
chr16	13399000	13399999	10
chr16	13400000	13400999	3
chr16	13401000	13401999	3
chr16	13402000	13402999	9
chr16	13403000	13403999	1
chr16	13404000	13404999	1
chr16	13405000	13405999	10
chr16	13406000	13406999	5
chr16	13407000	13407999	46
chr16	13408000	13408999	15
chr16	13409000	13409999	28
chr16	13410000	13410999	14
chr16	13411000	13411999	17
chr16	13412000	13412999	0
chr16	13413000	13413999	2
chr16	13414000	13414999	3
chr16	13415000	13415999	5
chr16	13416000	13416999	34
chr16	13417000	13417999	7
chr16	13418000	13418999	22
chr16	13419000	13419999	27
chr16	13420000	13420999	24
chr16	13421000	13421999	13
chr16	13422000	13422999	1
chr16	13423000	13423999	20
chr16	13424000	13424999	16
chr16	13425000	13425999	28
chr16	13426000	13426999	31
chr16	13427000	13427999	29
chr16	13428000	13428999	33
chr16	13429000	13429999	35
chr16	13430000	13430999	11
chr16	13431000	13431999	28
chr16	13432000	13432999	3
chr16	13433000	13433999	14
chr16	13434000	13434999	0
chr16	13435000	13435999	8
chr16	13436000	13436999	26
chr16	13437000	13437999	154
chr16	13438000	13438999	32
chr16	13439000	13439999	1
chr16	13440000	13440999	12
chr16	13441000	13441999	12
chr16	13442000	13442999	5
chr16	13443000	13443999	3
chr16	13444000	13444999	29
chr16	13445000	13445999	20
chr16	13446000	13446999	71
chr16	13447000	13447999	50
chr16	13448000	13448999	85
chr16	13449000	13449999	18
chr16	13450000	13450999	70
chr16	13451000	13451999	54
chr16	13452000	13452999	55
chr16	13453000	13453999	42
chr16	13454000	13454999	45
chr16	13455000	13455999	45
chr16	13456000	13456999	7
chr16	13457000	13457999	12
chr16	13458000	13458999	0
chr16	13459000	13459999	28
chr16	13460000	13460999	12
chr16	13461000	13461999	8
chr16	13462000	13462999	5
chr16	13463000	13463999	6
chr16	13464000	13464999	7
chr16	13465000	13465999	8
chr16	13466000	13466999	17
chr16	13467000	13467999	27
chr16	13468000	13468999	14
chr16	13469000	13469999	5
chr16	13470000	13470999	4
chr16	13471000	13471999	19
chr16	13472000	13472999	0
chr16	13473000	13473999	1
chr16	13474000	13474999	18
chr16	13475000	13475999	4
chr16	13476000	13476999	1
chr16	13477000	13477999	13
chr16	13478000	13478999	16
chr16	13479000	13479999	14
chr16	13480000	13480999	7
chr16	13481000	13481999	0
chr16	13482000	13482999	0
chr16	13483000	13483999	4
chr16	13484000	13484999	2
chr16	13485000	13485999	4
chr16	13486000	13486999	0
chr16	13487000	13487999	0
chr16	13488000	13488999	41
chr16	13489000	13489999	11
chr16	13490000	13490999	20
chr16	13491000	13491999	2
chr16	13492000	13492999	0
chr16	13493000	13493999	38
chr16	13494000	13494999	22
chr16	13495000	13495999	10
chr16	13496000	13496999	10
chr16	13497000	13497999	1
chr16	13498000	13498999	3
chr16	13499000	13499999	24
chr16	13500000	13500999	0
chr16	13501000	13501999	5
chr16	13502000	13502999	13
chr16	13503000	13503999	0
chr16	13504000	13504999	0
chr16	13505000	13505999	11
chr16	13506000	13506999	29
chr16	13507000	13507999	7
chr16	13508000	13508999	11
chr16	13509000	13509999	0
chr16	13510000	13510999	11
chr16	13511000	13511999	17
chr16	13512000	13512999	8
chr16	13513000	13513999	5
chr16	13514000	13514999	16
chr16	13515000	13515999	4
chr16	13516000	13516999	11
chr16	13517000	13517999	2
chr16	13518000	13518999	5
chr16	13519000	13519999	6
chr16	13520000	13520999	17
chr16	13521000	13521999	5
chr16	13522000	13522999	12
chr16	13523000	13523999	0
chr16	13524000	13524999	6
chr16	13525000	13525999	6
chr16	13526000	13526999	0
chr16	13527000	13527999	4
chr16	13528000	13528999	0
chr16	13529000	13529999	17
chr16	13530000	13530999	16
chr16	13531000	13531999	12
chr16	13532000	13532999	16
chr16	13533000	13533999	63
chr16	13534000	13534999	58
chr16	13535000	13535999	24
chr16	13536000	13536999	19
chr16	13537000	13537999	21
chr16	13538000	13538999	107
chr16	13539000	13539999	32
chr16	13540000	13540999	9
chr16	13541000	13541999	19
chr16	13542000	13542999	13
chr16	13543000	13543999	0
chr16	13544000	13544999	0
chr16	13545000	13545999	2
chr16	13546000	13546999	1
chr16	13547000	13547999	6
chr16	13548000	13548999	3
chr16	13549000	13549999	10
chr16	13550000	13550999	4
chr16	13551000	13551999	13
chr16	13552000	13552999	3
chr16	13553000	13553999	8
chr16	13554000	13554999	0
chr16	13555000	13555999	18
chr16	13556000	13556999	11
chr16	13557000	13557999	0
chr16	13558000	13558999	18
chr16	13559000	13559999	11
chr16	13560000	13560999	0
chr16	13561000	13561999	0
chr16	13562000	13562999	4
chr16	13563000	13563999	1
chr16	13564000	13564999	11
chr16	13565000	13565999	8
chr16	13566000	13566999	24
chr16	13567000	13567999	15
chr16	13568000	13568999	16
chr16	13569000	13569999	0
chr16	13570000	13570999	2
chr16	13571000	13571999	33
chr16	13572000	13572999	34
chr16	13573000	13573999	14
chr16	13574000	13574999	0
chr16	13575000	13575999	0
chr16	13576000	13576999	0
chr16	13577000	13577999	14
chr16	13578000	13578999	6
chr16	13579000	13579999	17
chr16	13580000	13580999	38
chr16	13581000	13581999	0
chr16	13582000	13582999	13
chr16	13583000	13583999	33
chr16	13584000	13584999	12
chr16	13585000	13585999	0
chr16	13586000	13586999	4
chr16	13587000	13587999	3
chr16	13588000	13588999	11
chr16	13589000	13589999	0
chr16	13590000	13590999	21
chr16	13591000	13591999	11
chr16	13592000	13592999	1
chr16	13593000	13593999	22
chr16	13594000	13594999	26
chr16	13595000	13595999	14
chr16	13596000	13596999	21
chr16	13597000	13597999	0
chr16	13598000	13598999	6
chr16	13599000	13599999	2
chr16	13600000	13600999	16
chr16	13601000	13601999	29
chr16	13602000	13602999	10
chr16	13603000	13603999	21
chr16	13604000	13604999	14
chr16	13605000	13605999	12
chr16	13606000	13606999	0
chr16	13607000	13607999	0
chr16	13608000	13608999	0
chr16	13609000	13609999	9
chr16	13610000	13610999	3
chr16	13611000	13611999	0
chr16	13612000	13612999	6
chr16	13613000	13613999	0
chr16	13614000	13614999	14
chr16	13615000	13615999	0
chr16	13616000	13616999	6
chr16	13617000	13617999	11
chr16	13618000	13618999	1
chr16	13619000	13619999	19
chr16	13620000	13620999	0
chr16	13621000	13621999	17
chr16	13622000	13622999	15
chr16	13623000	13623999	9
chr16	13624000	13624999	8
chr16	13625000	13625999	21
chr16	13626000	13626999	13
chr16	13627000	13627999	19
chr16	13628000	13628999	0
chr16	13629000	13629999	0
chr16	13630000	13630999	10
chr16	13631000	13631999	0
chr16	13632000	13632999	4
chr16	13633000	13633999	23
chr16	13634000	13634999	2
chr16	13635000	13635999	7
chr16	13636000	13636999	0
chr16	13637000	13637999	1
chr16	13638000	13638999	0
chr16	13639000	13639999	5
chr16	13640000	13640999	2
chr16	13641000	13641999	17
chr16	13642000	13642999	13
chr16	13643000	13643999	0
chr16	13644000	13644999	10
chr16	13645000	13645999	5
chr16	13646000	13646999	13
chr16	13647000	13647999	4
chr16	13648000	13648999	9
chr16	13649000	13649999	3
chr16	13650000	13650999	0
chr16	13651000	13651999	0
chr16	13652000	13652999	2
chr16	13653000	13653999	8
chr16	13654000	13654999	1
chr16	13655000	13655999	6
chr16	13656000	13656999	22
chr16	13657000	13657999	6
chr16	13658000	13658999	11
chr16	13659000	13659999	31
chr16	13660000	13660999	5
chr16	13661000	13661999	0
chr16	13662000	13662999	21
chr16	13663000	13663999	7
chr16	13664000	13664999	4
chr16	13665000	13665999	4
chr16	13666000	13666999	5
chr16	13667000	13667999	54
chr16	13668000	13668999	105
chr16	13669000	13669999	30
chr16	13670000	13670999	8
chr16	13671000	13671999	62
chr16	13672000	13672999	40
chr16	13673000	13673999	5
chr16	13674000	13674999	16
chr16	13675000	13675999	6
chr16	13676000	13676999	35
chr16	13677000	13677999	9
chr16	13678000	13678999	5
chr16	13679000	13679999	18
chr16	13680000	13680999	0
chr16	13681000	13681999	0
chr16	13682000	13682999	0
chr16	13683000	13683999	25
chr16	13684000	13684999	1
chr16	13685000	13685999	15
chr16	13686000	13686999	34
chr16	13687000	13687999	0
chr16	13688000	13688999	27
chr16	13689000	13689999	4
chr16	13690000	13690999	0
chr16	13691000	13691999	9
chr16	13692000	13692999	23
chr16	13693000	13693999	20
chr16	13694000	13694999	40
chr16	13695000	13695999	3
chr16	13696000	13696999	0
chr16	13697000	13697999	8
chr16	13698000	13698999	21
chr16	13699000	13699999	8
chr16	13700000	13700999	11
chr16	13701000	13701999	14
chr16	13702000	13702999	15
chr16	13703000	13703999	4
chr16	13704000	13704999	22
chr16	13705000	13705999	8
chr16	13706000	13706999	14
chr16	13707000	13707999	3
chr16	13708000	13708999	4
chr16	13709000	13709999	12
chr16	13710000	13710999	16
chr16	13711000	13711999	15
chr16	13712000	13712999	0
chr16	13713000	13713999	3
chr16	13714000	13714999	10
chr16	13715000	13715999	36
chr16	13716000	13716999	0
chr16	13717000	13717999	14
chr16	13718000	13718999	9
chr16	13719000	13719999	26
chr16	13720000	13720999	19
chr16	13721000	13721999	24
chr16	13722000	13722999	17
chr16	13723000	13723999	3
chr16	13724000	13724999	17
chr16	13725000	13725999	5
chr16	13726000	13726999	0
chr16	13727000	13727999	0
chr16	13728000	13728999	19
chr16	13729000	13729999	9
chr16	13730000	13730999	0
chr16	13731000	13731999	7
chr16	13732000	13732999	22
chr16	13733000	13733999	16
chr16	13734000	13734999	19
chr16	13735000	13735999	6
chr16	13736000	13736999	8
chr16	13737000	13737999	13
chr16	13738000	13738999	12
chr16	13739000	13739999	0
chr16	13740000	13740999	13
chr16	13741000	13741999	6
chr16	13742000	13742999	4
chr16	13743000	13743999	0
chr16	13744000	13744999	25
chr16	13745000	13745999	0
chr16	13746000	13746999	0
chr16	13747000	13747999	4
chr16	13748000	13748999	4
chr16	13749000	13749999	21
chr16	13750000	13750999	1
chr16	13751000	13751999	0
chr16	13752000	13752999	17
chr16	13753000	13753999	0
chr16	13754000	13754999	33
chr16	13755000	13755999	19
chr16	13756000	13756999	0
chr16	13757000	13757999	0
chr16	13758000	13758999	0
chr16	13759000	13759999	8
chr16	13760000	13760999	16
chr16	13761000	13761999	9
chr16	13762000	13762999	0
chr16	13763000	13763999	4
chr16	13764000	13764999	26
chr16	13765000	13765999	14
chr16	13766000	13766999	38
chr16	13767000	13767999	2
chr16	13768000	13768999	11
chr16	13769000	13769999	6
chr16	13770000	13770999	16
chr16	13771000	13771999	4
chr16	13772000	13772999	12
chr16	13773000	13773999	0
chr16	13774000	13774999	0
chr16	13775000	13775999	7
chr16	13776000	13776999	7
chr16	13777000	13777999	9
chr16	13778000	13778999	16
chr16	13779000	13779999	1
chr16	13780000	13780999	102
chr16	13781000	13781999	8
chr16	13782000	13782999	28
chr16	13783000	13783999	0
chr16	13784000	13784999	2
chr16	13785000	13785999	13
chr16	13786000	13786999	5
chr16	13787000	13787999	18
chr16	13788000	13788999	10
chr16	13789000	13789999	4
chr16	13790000	13790999	10
chr16	13791000	13791999	6
chr16	13792000	13792999	0
chr16	13793000	13793999	0
chr16	13794000	13794999	9
chr16	13795000	13795999	0
chr16	13796000	13796999	9
chr16	13797000	13797999	0
chr16	13798000	13798999	18
chr16	13799000	13799999	1
chr16	13800000	13800999	7
chr16	13801000	13801999	14
chr16	13802000	13802999	12
chr16	13803000	13803999	0
chr16	13804000	13804999	3
chr16	13805000	13805999	16
chr16	13806000	13806999	0
chr16	13807000	13807999	8
chr16	13808000	13808999	0
chr16	13809000	13809999	3
chr16	13810000	13810999	7
chr16	13811000	13811999	4
chr16	13812000	13812999	23
chr16	13813000	13813999	0
chr16	13814000	13814999	8
chr16	13815000	13815999	9
chr16	13816000	13816999	0
chr16	13817000	13817999	18
chr16	13818000	13818999	70
chr16	13819000	13819999	116
chr16	13820000	13820999	34
chr16	13821000	13821999	0
chr16	13822000	13822999	32
chr16	13823000	13823999	17
chr16	13824000	13824999	7
chr16	13825000	13825999	3
chr16	13826000	13826999	3
chr16	13827000	13827999	10
chr16	13828000	13828999	3
chr16	13829000	13829999	12
chr16	13830000	13830999	13
chr16	13831000	13831999	4
chr16	13832000	13832999	4
chr16	13833000	13833999	5
chr16	13834000	13834999	19
chr16	13835000	13835999	43
chr16	13836000	13836999	36
chr16	13837000	13837999	1
chr16	13838000	13838999	4
chr16	13839000	13839999	6
chr16	13840000	13840999	15
chr16	13841000	13841999	7
chr16	13842000	13842999	5
chr16	13843000	13843999	27
chr16	13844000	13844999	4
chr16	13845000	13845999	0
chr16	13846000	13846999	0
chr16	13847000	13847999	16
chr16	13848000	13848999	2
chr16	13849000	13849999	6
chr16	13850000	13850999	0
chr16	13851000	13851999	15
chr16	13852000	13852999	18
chr16	13853000	13853999	19
chr16	13854000	13854999	21
chr16	13855000	13855999	12
chr16	13856000	13856999	9
chr16	13857000	13857999	18
chr16	13858000	13858999	0
chr16	13859000	13859999	11
chr16	13860000	13860999	23
chr16	13861000	13861999	9
chr16	13862000	13862999	4
chr16	13863000	13863999	3
chr16	13864000	13864999	6
chr16	13865000	13865999	26
chr16	13866000	13866999	31
chr16	13867000	13867999	26
chr16	13868000	13868999	0
chr16	13869000	13869999	0
chr16	13870000	13870999	4
chr16	13871000	13871999	1
chr16	13872000	13872999	10
chr16	13873000	13873999	8
chr16	13874000	13874999	0
chr16	13875000	13875999	10
chr16	13876000	13876999	0
chr16	13877000	13877999	8
chr16	13878000	13878999	9
chr16	13879000	13879999	5
chr16	13880000	13880999	3
chr16	13881000	13881999	6
chr16	13882000	13882999	19
chr16	13883000	13883999	5
chr16	13884000	13884999	15
chr16	13885000	13885999	13
chr16	13886000	13886999	0
chr16	13887000	13887999	14
chr16	13888000	13888999	8
chr16	13889000	13889999	9
chr16	13890000	13890999	11
chr16	13891000	13891999	20
chr16	13892000	13892999	3
chr16	13893000	13893999	2
chr16	13894000	13894999	0
chr16	13895000	13895999	16
chr16	13896000	13896999	58
chr16	13897000	13897999	6
chr16	13898000	13898999	22
chr16	13899000	13899999	7
chr16	13900000	13900999	31
chr16	13901000	13901999	16
chr16	13902000	13902999	75
chr16	13903000	13903999	105
chr16	13904000	13904999	17
chr16	13905000	13905999	13
chr16	13906000	13906999	3
chr16	13907000	13907999	6
chr16	13908000	13908999	0
chr16	13909000	13909999	5
chr16	13910000	13910999	0
chr16	13911000	13911999	9
chr16	13912000	13912999	0
chr16	13913000	13913999	0
chr16	13914000	13914999	10
chr16	13915000	13915999	2
chr16	13916000	13916999	13
chr16	13917000	13917999	22
chr16	13918000	13918999	26
chr16	13919000	13919999	7
chr16	13920000	13920999	5
chr16	13921000	13921999	8
chr16	13922000	13922999	3
chr16	13923000	13923999	19
chr16	13924000	13924999	0
chr16	13925000	13925999	0
chr16	13926000	13926999	2
chr16	13927000	13927999	0
chr16	13928000	13928999	0
chr16	13929000	13929999	0
chr16	13930000	13930999	4
chr16	13931000	13931999	19
chr16	13932000	13932999	25
chr16	13933000	13933999	4
chr16	13934000	13934999	15
chr16	13935000	13935999	0
chr16	13936000	13936999	17
chr16	13937000	13937999	18
chr16	13938000	13938999	18
chr16	13939000	13939999	4
chr16	13940000	13940999	84
chr16	13941000	13941999	27
chr16	13942000	13942999	22
chr16	13943000	13943999	4
chr16	13944000	13944999	16
chr16	13945000	13945999	12
chr16	13946000	13946999	13
chr16	13947000	13947999	0
chr16	13948000	13948999	7
chr16	13949000	13949999	18
chr16	13950000	13950999	6
chr16	13951000	13951999	10
chr16	13952000	13952999	1
chr16	13953000	13953999	5
chr16	13954000	13954999	30
chr16	13955000	13955999	8
chr16	13956000	13956999	9
chr16	13957000	13957999	0
chr16	13958000	13958999	9
chr16	13959000	13959999	1
chr16	13960000	13960999	0
chr16	13961000	13961999	7
chr16	13962000	13962999	3
chr16	13963000	13963999	10
chr16	13964000	13964999	6
chr16	13965000	13965999	14
chr16	13966000	13966999	27
chr16	13967000	13967999	9
chr16	13968000	13968999	2
chr16	13969000	13969999	7
chr16	13970000	13970999	17
chr16	13971000	13971999	5
chr16	13972000	13972999	0
chr16	13973000	13973999	8
chr16	13974000	13974999	5
chr16	13975000	13975999	7
chr16	13976000	13976999	0
chr16	13977000	13977999	7
chr16	13978000	13978999	0
chr16	13979000	13979999	0
chr16	13980000	13980999	0
chr16	13981000	13981999	2
chr16	13982000	13982999	20
chr16	13983000	13983999	9
chr16	13984000	13984999	22
chr16	13985000	13985999	13
chr16	13986000	13986999	7
chr16	13987000	13987999	8
chr16	13988000	13988999	0
chr16	13989000	13989999	0
chr16	13990000	13990999	16
chr16	13991000	13991999	3
chr16	13992000	13992999	18
chr16	13993000	13993999	0
chr16	13994000	13994999	4
chr16	13995000	13995999	6
chr16	13996000	13996999	0
chr16	13997000	13997999	12
chr16	13998000	13998999	2
chr16	13999000	13999999	3
chr16	14000000	14000999	20
chr16	14001000	14001999	10
chr16	14002000	14002999	28
chr16	14003000	14003999	18
chr16	14004000	14004999	11
chr16	14005000	14005999	17
chr16	14006000	14006999	7
chr16	14007000	14007999	2
chr16	14008000	14008999	5
chr16	14009000	14009999	15
chr16	14010000	14010999	7
chr16	14011000	14011999	9
chr16	14012000	14012999	0
chr16	14013000	14013999	19
chr16	14014000	14014999	4
chr16	14015000	14015999	8
chr16	14016000	14016999	10
chr16	14017000	14017999	0
chr16	14018000	14018999	19
chr16	14019000	14019999	5
chr16	14020000	14020999	0
chr16	14021000	14021999	22
chr16	14022000	14022999	20
chr16	14023000	14023999	0
chr16	14024000	14024999	2
chr16	14025000	14025999	3
chr16	14026000	14026999	14
chr16	14027000	14027999	19
chr16	14028000	14028999	1
chr16	14029000	14029999	12
chr16	14030000	14030999	11
chr16	14031000	14031999	1
chr16	14032000	14032999	9
chr16	14033000	14033999	8
chr16	14034000	14034999	13
chr16	14035000	14035999	8
chr16	14036000	14036999	7
chr16	14037000	14037999	0
chr16	14038000	14038999	32
chr16	14039000	14039999	5
chr16	14040000	14040999	11
chr16	14041000	14041999	28
chr16	14042000	14042999	13
chr16	14043000	14043999	3
chr16	14044000	14044999	12
chr16	14045000	14045999	37
chr16	14046000	14046999	9
chr16	14047000	14047999	13
chr16	14048000	14048999	13
chr16	14049000	14049999	12
chr16	14050000	14050999	2
chr16	14051000	14051999	7
chr16	14052000	14052999	13
chr16	14053000	14053999	4
chr16	14054000	14054999	9
chr16	14055000	14055999	0
chr16	14056000	14056999	15
chr16	14057000	14057999	10
chr16	14058000	14058999	0
chr16	14059000	14059999	11
chr16	14060000	14060999	24
chr16	14061000	14061999	5
chr16	14062000	14062999	5
chr16	14063000	14063999	4
chr16	14064000	14064999	7
chr16	14065000	14065999	10
chr16	14066000	14066999	3
chr16	14067000	14067999	10
chr16	14068000	14068999	6
chr16	14069000	14069999	0
chr16	14070000	14070999	1
chr16	14071000	14071999	6
chr16	14072000	14072999	2
chr16	14073000	14073999	12
chr16	14074000	14074999	8
chr16	14075000	14075999	0
chr16	14076000	14076999	2
chr16	14077000	14077999	0
chr16	14078000	14078999	6
chr16	14079000	14079999	0
chr16	14080000	14080999	10
chr16	14081000	14081999	11
chr16	14082000	14082999	6
chr16	14083000	14083999	1
chr16	14084000	14084999	1
chr16	14085000	14085999	4
chr16	14086000	14086999	11
chr16	14087000	14087999	18
chr16	14088000	14088999	3
chr16	14089000	14089999	25
chr16	14090000	14090999	0
chr16	14091000	14091999	12
chr16	14092000	14092999	0
chr16	14093000	14093999	10
chr16	14094000	14094999	4
chr16	14095000	14095999	10
chr16	14096000	14096999	17
chr16	14097000	14097999	11
chr16	14098000	14098999	4
chr16	14099000	14099999	0
chr16	14100000	14100999	5
chr16	14101000	14101999	0
chr16	14102000	14102999	3
chr16	14103000	14103999	9
chr16	14104000	14104999	5
chr16	14105000	14105999	5
chr16	14106000	14106999	5
chr16	14107000	14107999	14
chr16	14108000	14108999	13
chr16	14109000	14109999	24
chr16	14110000	14110999	7
chr16	14111000	14111999	28
chr16	14112000	14112999	35
chr16	14113000	14113999	9
chr16	14114000	14114999	3
chr16	14115000	14115999	10
chr16	14116000	14116999	0
chr16	14117000	14117999	29
chr16	14118000	14118999	3
chr16	14119000	14119999	17
chr16	14120000	14120999	36
chr16	14121000	14121999	14
chr16	14122000	14122999	11
chr16	14123000	14123999	20
chr16	14124000	14124999	27
chr16	14125000	14125999	19
chr16	14126000	14126999	12
chr16	14127000	14127999	16
chr16	14128000	14128999	42
chr16	14129000	14129999	21
chr16	14130000	14130999	6
chr16	14131000	14131999	6
chr16	14132000	14132999	7
chr16	14133000	14133999	4
chr16	14134000	14134999	0
chr16	14135000	14135999	23
chr16	14136000	14136999	5
chr16	14137000	14137999	8
chr16	14138000	14138999	9
chr16	14139000	14139999	0
chr16	14140000	14140999	3
chr16	14141000	14141999	1
chr16	14142000	14142999	8
chr16	14143000	14143999	5
chr16	14144000	14144999	18
chr16	14145000	14145999	6
chr16	14146000	14146999	10
chr16	14147000	14147999	10
chr16	14148000	14148999	5
chr16	14149000	14149999	11
chr16	14150000	14150999	10
chr16	14151000	14151999	7
chr16	14152000	14152999	5
chr16	14153000	14153999	10
chr16	14154000	14154999	5
chr16	14155000	14155999	17
chr16	14156000	14156999	11
chr16	14157000	14157999	27
chr16	14158000	14158999	41
chr16	14159000	14159999	146
chr16	14160000	14160999	19
chr16	14161000	14161999	6
chr16	14162000	14162999	15
chr16	14163000	14163999	109
chr16	14164000	14164999	4
chr16	14165000	14165999	21
chr16	14166000	14166999	8
chr16	14167000	14167999	0
chr16	14168000	14168999	12
chr16	14169000	14169999	6
chr16	14170000	14170999	10
chr16	14171000	14171999	3
chr16	14172000	14172999	1
chr16	14173000	14173999	17
chr16	14174000	14174999	2
chr16	14175000	14175999	19
chr16	14176000	14176999	25
chr16	14177000	14177999	23
chr16	14178000	14178999	0
chr16	14179000	14179999	13
chr16	14180000	14180999	22
chr16	14181000	14181999	35
chr16	14182000	14182999	7
chr16	14183000	14183999	34
chr16	14184000	14184999	18
chr16	14185000	14185999	11
chr16	14186000	14186999	0
chr16	14187000	14187999	9
chr16	14188000	14188999	5
chr16	14189000	14189999	6
chr16	14190000	14190999	3
chr16	14191000	14191999	7
chr16	14192000	14192999	14
chr16	14193000	14193999	21
chr16	14194000	14194999	9
chr16	14195000	14195999	3
chr16	14196000	14196999	4
chr16	14197000	14197999	6
chr16	14198000	14198999	19
chr16	14199000	14199999	5
chr16	14200000	14200999	4
chr16	14201000	14201999	24
chr16	14202000	14202999	3
chr16	14203000	14203999	0
chr16	14204000	14204999	8
chr16	14205000	14205999	7
chr16	14206000	14206999	1
chr16	14207000	14207999	7
chr16	14208000	14208999	6
chr16	14209000	14209999	2
chr16	14210000	14210999	2
chr16	14211000	14211999	0
chr16	14212000	14212999	20
chr16	14213000	14213999	9
chr16	14214000	14214999	0
chr16	14215000	14215999	3
chr16	14216000	14216999	0
chr16	14217000	14217999	12
chr16	14218000	14218999	11
chr16	14219000	14219999	36
chr16	14220000	14220999	15
chr16	14221000	14221999	4
chr16	14222000	14222999	18
chr16	14223000	14223999	17
chr16	14224000	14224999	9
chr16	14225000	14225999	8
chr16	14226000	14226999	6
chr16	14227000	14227999	7
chr16	14228000	14228999	10
chr16	14229000	14229999	0
chr16	14230000	14230999	14
chr16	14231000	14231999	28
chr16	14232000	14232999	19
chr16	14233000	14233999	22
chr16	14234000	14234999	10
chr16	14235000	14235999	16
chr16	14236000	14236999	8
chr16	14237000	14237999	27
chr16	14238000	14238999	0
chr16	14239000	14239999	10
chr16	14240000	14240999	19
chr16	14241000	14241999	0
chr16	14242000	14242999	3
chr16	14243000	14243999	11
chr16	14244000	14244999	23
chr16	14245000	14245999	14
chr16	14246000	14246999	4
chr16	14247000	14247999	11
chr16	14248000	14248999	31
chr16	14249000	14249999	15
chr16	14250000	14250999	8
chr16	14251000	14251999	14
chr16	14252000	14252999	10
chr16	14253000	14253999	11
chr16	14254000	14254999	12
chr16	14255000	14255999	12
chr16	14256000	14256999	21
chr16	14257000	14257999	21
chr16	14258000	14258999	0
chr16	14259000	14259999	0
chr16	14260000	14260999	0
chr16	14261000	14261999	18
chr16	14262000	14262999	23
chr16	14263000	14263999	15
chr16	14264000	14264999	23
chr16	14265000	14265999	19
chr16	14266000	14266999	1
chr16	14267000	14267999	13
chr16	14268000	14268999	19
chr16	14269000	14269999	16
chr16	14270000	14270999	1
chr16	14271000	14271999	21
chr16	14272000	14272999	22
chr16	14273000	14273999	11
chr16	14274000	14274999	21
chr16	14275000	14275999	17
chr16	14276000	14276999	8
chr16	14277000	14277999	20
chr16	14278000	14278999	2
chr16	14279000	14279999	9
chr16	14280000	14280999	0
chr16	14281000	14281999	7
chr16	14282000	14282999	22
chr16	14283000	14283999	2
chr16	14284000	14284999	4
chr16	14285000	14285999	2
chr16	14286000	14286999	7
chr16	14287000	14287999	12
chr16	14288000	14288999	32
chr16	14289000	14289999	13
chr16	14290000	14290999	39
chr16	14291000	14291999	18
chr16	14292000	14292999	21
chr16	14293000	14293999	3
chr16	14294000	14294999	4
chr16	14295000	14295999	11
chr16	14296000	14296999	8
chr16	14297000	14297999	5
chr16	14298000	14298999	2
chr16	14299000	14299999	17
chr16	14300000	14300999	0
chr16	14301000	14301999	13
chr16	14302000	14302999	24
chr16	14303000	14303999	12
chr16	14304000	14304999	7
chr16	14305000	14305999	21
chr16	14306000	14306999	17
chr16	14307000	14307999	0
chr16	14308000	14308999	38
chr16	14309000	14309999	0
chr16	14310000	14310999	21
chr16	14311000	14311999	17
chr16	14312000	14312999	5
chr16	14313000	14313999	10
chr16	14314000	14314999	8
chr16	14315000	14315999	1
chr16	14316000	14316999	12
chr16	14317000	14317999	160
chr16	14318000	14318999	32
chr16	14319000	14319999	6
chr16	14320000	14320999	9
chr16	14321000	14321999	6
chr16	14322000	14322999	27
chr16	14323000	14323999	23
chr16	14324000	14324999	5
chr16	14325000	14325999	9
chr16	14326000	14326999	4
chr16	14327000	14327999	8
chr16	14328000	14328999	3
chr16	14329000	14329999	7
chr16	14330000	14330999	18
chr16	14331000	14331999	9
chr16	14332000	14332999	7
chr16	14333000	14333999	1
chr16	14334000	14334999	6
chr16	14335000	14335999	0
chr16	14336000	14336999	0
chr16	14337000	14337999	0
chr16	14338000	14338999	0
chr16	14339000	14339999	0
chr16	14340000	14340999	0
chr16	14341000	14341999	0
chr16	14342000	14342999	0
chr16	14343000	14343999	21
chr16	14344000	14344999	4
chr16	14345000	14345999	21
chr16	14346000	14346999	6
chr16	14347000	14347999	0
chr16	14348000	14348999	3
chr16	14349000	14349999	1
chr16	14350000	14350999	29
chr16	14351000	14351999	9
chr16	14352000	14352999	9
chr16	14353000	14353999	6
chr16	14354000	14354999	6
chr16	14355000	14355999	16
chr16	14356000	14356999	10
chr16	14357000	14357999	7
chr16	14358000	14358999	17
chr16	14359000	14359999	9
chr16	14360000	14360999	12
chr16	14361000	14361999	24
chr16	14362000	14362999	20
chr16	14363000	14363999	30
chr16	14364000	14364999	29
chr16	14365000	14365999	1
chr16	14366000	14366999	18
chr16	14367000	14367999	18
chr16	14368000	14368999	25
chr16	14369000	14369999	8
chr16	14370000	14370999	1
chr16	14371000	14371999	12
chr16	14372000	14372999	5
chr16	14373000	14373999	17
chr16	14374000	14374999	14
chr16	14375000	14375999	24
chr16	14376000	14376999	29
chr16	14377000	14377999	16
chr16	14378000	14378999	13
chr16	14379000	14379999	3
chr16	14380000	14380999	9
chr16	14381000	14381999	20
chr16	14382000	14382999	0
chr16	14383000	14383999	33
chr16	14384000	14384999	1
chr16	14385000	14385999	13
chr16	14386000	14386999	7
chr16	14387000	14387999	13
chr16	14388000	14388999	0
chr16	14389000	14389999	29
chr16	14390000	14390999	5
chr16	14391000	14391999	12
chr16	14392000	14392999	12
chr16	14393000	14393999	0
chr16	14394000	14394999	4
chr16	14395000	14395999	7
chr16	14396000	14396999	10
chr16	14397000	14397999	21
chr16	14398000	14398999	5
chr16	14399000	14399999	0
chr16	14400000	14400999	7
chr16	14401000	14401999	0
chr16	14402000	14402999	11
chr16	14403000	14403999	0
chr16	14404000	14404999	3
chr16	14405000	14405999	14
chr16	14406000	14406999	10
chr16	14407000	14407999	10
chr16	14408000	14408999	0
chr16	14409000	14409999	20
chr16	14410000	14410999	2
chr16	14411000	14411999	42
chr16	14412000	14412999	14
chr16	14413000	14413999	18
chr16	14414000	14414999	19
chr16	14415000	14415999	6
chr16	14416000	14416999	30
chr16	14417000	14417999	7
chr16	14418000	14418999	8
chr16	14419000	14419999	7
chr16	14420000	14420999	4
chr16	14421000	14421999	0
chr16	14422000	14422999	0
chr16	14423000	14423999	13
chr16	14424000	14424999	0
chr16	14425000	14425999	16
chr16	14426000	14426999	13
chr16	14427000	14427999	7
chr16	14428000	14428999	17
chr16	14429000	14429999	5
chr16	14430000	14430999	5
chr16	14431000	14431999	23
chr16	14432000	14432999	24
chr16	14433000	14433999	11
chr16	14434000	14434999	5
chr16	14435000	14435999	17
chr16	14436000	14436999	12
chr16	14437000	14437999	15
chr16	14438000	14438999	5
chr16	14439000	14439999	9
chr16	14440000	14440999	6
chr16	14441000	14441999	1
chr16	14442000	14442999	2
chr16	14443000	14443999	4
chr16	14444000	14444999	16
chr16	14445000	14445999	36
chr16	14446000	14446999	9
chr16	14447000	14447999	14
chr16	14448000	14448999	2
chr16	14449000	14449999	5
chr16	14450000	14450999	26
chr16	14451000	14451999	1
chr16	14452000	14452999	17
chr16	14453000	14453999	16
chr16	14454000	14454999	20
chr16	14455000	14455999	12
chr16	14456000	14456999	0
chr16	14457000	14457999	4
chr16	14458000	14458999	3
chr16	14459000	14459999	22
chr16	14460000	14460999	0
chr16	14461000	14461999	4
chr16	14462000	14462999	2
chr16	14463000	14463999	3
chr16	14464000	14464999	15
chr16	14465000	14465999	14
chr16	14466000	14466999	5
chr16	14467000	14467999	9
chr16	14468000	14468999	29
chr16	14469000	14469999	12
chr16	14470000	14470999	36
chr16	14471000	14471999	13
chr16	14472000	14472999	18
chr16	14473000	14473999	13
chr16	14474000	14474999	28
chr16	14475000	14475999	0
chr16	14476000	14476999	17
chr16	14477000	14477999	18
chr16	14478000	14478999	21
chr16	14479000	14479999	3
chr16	14480000	14480999	5
chr16	14481000	14481999	10
chr16	14482000	14482999	22
chr16	14483000	14483999	0
chr16	14484000	14484999	13
chr16	14485000	14485999	11
chr16	14486000	14486999	14
chr16	14487000	14487999	0
chr16	14488000	14488999	5
chr16	14489000	14489999	30
chr16	14490000	14490999	0
chr16	14491000	14491999	5
chr16	14492000	14492999	13
chr16	14493000	14493999	10
chr16	14494000	14494999	0
chr16	14495000	14495999	5
chr16	14496000	14496999	7
chr16	14497000	14497999	5
chr16	14498000	14498999	0
chr16	14499000	14499999	13
chr16	14500000	14500999	34
chr16	14501000	14501999	14
chr16	14502000	14502999	11
chr16	14503000	14503999	35
chr16	14504000	14504999	3
chr16	14505000	14505999	7
chr16	14506000	14506999	46
chr16	14507000	14507999	0
chr16	14508000	14508999	15
chr16	14509000	14509999	0
chr16	14510000	14510999	9
chr16	14511000	14511999	0
chr16	14512000	14512999	0
chr16	14513000	14513999	8
chr16	14514000	14514999	6
chr16	14515000	14515999	6
chr16	14516000	14516999	7
chr16	14517000	14517999	0
chr16	14518000	14518999	11
chr16	14519000	14519999	5
chr16	14520000	14520999	0
chr16	14521000	14521999	4
chr16	14522000	14522999	4
chr16	14523000	14523999	0
chr16	14524000	14524999	10
chr16	14525000	14525999	15
chr16	14526000	14526999	6
chr16	14527000	14527999	0
chr16	14528000	14528999	6
chr16	14529000	14529999	3
chr16	14530000	14530999	13
chr16	14531000	14531999	4
chr16	14532000	14532999	8
chr16	14533000	14533999	8
chr16	14534000	14534999	0
chr16	14535000	14535999	47
chr16	14536000	14536999	18
chr16	14537000	14537999	0
chr16	14538000	14538999	3
chr16	14539000	14539999	9
chr16	14540000	14540999	9
chr16	14541000	14541999	1
chr16	14542000	14542999	16
chr16	14543000	14543999	0
chr16	14544000	14544999	10
chr16	14545000	14545999	17
chr16	14546000	14546999	13
chr16	14547000	14547999	1
chr16	14548000	14548999	0
chr16	14549000	14549999	0
chr16	14550000	14550999	9
chr16	14551000	14551999	14
chr16	14552000	14552999	0
chr16	14553000	14553999	12
chr16	14554000	14554999	0
chr16	14555000	14555999	11
chr16	14556000	14556999	6
chr16	14557000	14557999	0
chr16	14558000	14558999	2
chr16	14559000	14559999	0
chr16	14560000	14560999	9
chr16	14561000	14561999	1
chr16	14562000	14562999	6
chr16	14563000	14563999	11
chr16	14564000	14564999	7
chr16	14565000	14565999	11
chr16	14566000	14566999	9
chr16	14567000	14567999	0
chr16	14568000	14568999	0
chr16	14569000	14569999	4
chr16	14570000	14570999	0
chr16	14571000	14571999	0
chr16	14572000	14572999	0
chr16	14573000	14573999	0
chr16	14574000	14574999	0
chr16	14575000	14575999	0
chr16	14576000	14576999	10
chr16	14577000	14577999	17
chr16	14578000	14578999	32
chr16	14579000	14579999	24
chr16	14580000	14580999	4
chr16	14581000	14581999	18
chr16	14582000	14582999	3
chr16	14583000	14583999	4
chr16	14584000	14584999	7
chr16	14585000	14585999	2
chr16	14586000	14586999	10
chr16	14587000	14587999	1
chr16	14588000	14588999	0
chr16	14589000	14589999	19
chr16	14590000	14590999	9
chr16	14591000	14591999	11
chr16	14592000	14592999	0
chr16	14593000	14593999	10
chr16	14594000	14594999	0
chr16	14595000	14595999	7
chr16	14596000	14596999	0
chr16	14597000	14597999	0
chr16	14598000	14598999	10
chr16	14599000	14599999	22
chr16	14600000	14600999	11
chr16	14601000	14601999	11
chr16	14602000	14602999	10
chr16	14603000	14603999	4
chr16	14604000	14604999	4
chr16	14605000	14605999	0
chr16	14606000	14606999	9
chr16	14607000	14607999	21
chr16	14608000	14608999	0
chr16	14609000	14609999	20
chr16	14610000	14610999	23
chr16	14611000	14611999	0
chr16	14612000	14612999	1
chr16	14613000	14613999	7
chr16	14614000	14614999	21
chr16	14615000	14615999	32
chr16	14616000	14616999	3
chr16	14617000	14617999	7
chr16	14618000	14618999	5
chr16	14619000	14619999	1
chr16	14620000	14620999	10
chr16	14621000	14621999	8
chr16	14622000	14622999	0
chr16	14623000	14623999	32
chr16	14624000	14624999	12
chr16	14625000	14625999	1
chr16	14626000	14626999	0
chr16	14627000	14627999	0
chr16	14628000	14628999	0
chr16	14629000	14629999	9
chr16	14630000	14630999	3
chr16	14631000	14631999	0
chr16	14632000	14632999	2
chr16	14633000	14633999	5
chr16	14634000	14634999	0
chr16	14635000	14635999	9
chr16	14636000	14636999	18
chr16	14637000	14637999	11
chr16	14638000	14638999	4
chr16	14639000	14639999	13
chr16	14640000	14640999	21
chr16	14641000	14641999	6
chr16	14642000	14642999	6
chr16	14643000	14643999	7
chr16	14644000	14644999	8
chr16	14645000	14645999	13
chr16	14646000	14646999	0
chr16	14647000	14647999	1
chr16	14648000	14648999	3
chr16	14649000	14649999	0
chr16	14650000	14650999	0
chr16	14651000	14651999	0
chr16	14652000	14652999	0
chr16	14653000	14653999	8
chr16	14654000	14654999	8
chr16	14655000	14655999	12
chr16	14656000	14656999	6
chr16	14657000	14657999	0
chr16	14658000	14658999	0
chr16	14659000	14659999	11
chr16	14660000	14660999	26
chr16	14661000	14661999	6
chr16	14662000	14662999	10
chr16	14663000	14663999	2
chr16	14664000	14664999	9
chr16	14665000	14665999	5
chr16	14666000	14666999	0
chr16	14667000	14667999	8
chr16	14668000	14668999	19
chr16	14669000	14669999	0
chr16	14670000	14670999	0
chr16	14671000	14671999	8
chr16	14672000	14672999	25
chr16	14673000	14673999	8
chr16	14674000	14674999	0
chr16	14675000	14675999	0
chr16	14676000	14676999	0
chr16	14677000	14677999	0
chr16	14678000	14678999	0
chr16	14679000	14679999	0
chr16	14680000	14680999	0
chr16	14681000	14681999	0
chr16	14682000	14682999	12
chr16	14683000	14683999	0
chr16	14684000	14684999	4
chr16	14685000	14685999	2
chr16	14686000	14686999	0
chr16	14687000	14687999	0
chr16	14688000	14688999	0
chr16	14689000	14689999	0
chr16	14690000	14690999	0
chr16	14691000	14691999	0
chr16	14692000	14692999	0
chr16	14693000	14693999	0
chr16	14694000	14694999	0
chr16	14695000	14695999	4
chr16	14696000	14696999	18
chr16	14697000	14697999	17
chr16	14698000	14698999	12
chr16	14699000	14699999	0
chr16	14700000	14700999	0
chr16	14701000	14701999	6
chr16	14702000	14702999	17
chr16	14703000	14703999	1
chr16	14704000	14704999	15
chr16	14705000	14705999	92
chr16	14706000	14706999	58
chr16	14707000	14707999	3
chr16	14708000	14708999	7
chr16	14709000	14709999	18
chr16	14710000	14710999	18
chr16	14711000	14711999	13
chr16	14712000	14712999	0
chr16	14713000	14713999	0
chr16	14714000	14714999	4
chr16	14715000	14715999	2
chr16	14716000	14716999	6
chr16	14717000	14717999	5
chr16	14718000	14718999	31
chr16	14719000	14719999	17
chr16	14720000	14720999	17
chr16	14721000	14721999	17
chr16	14722000	14722999	24
chr16	14723000	14723999	20
chr16	14724000	14724999	0
chr16	14725000	14725999	0
chr16	14726000	14726999	1
chr16	14727000	14727999	0
chr16	14728000	14728999	3
chr16	14729000	14729999	0
chr16	14730000	14730999	0
chr16	14731000	14731999	0
chr16	14732000	14732999	0
chr16	14733000	14733999	2
chr16	14734000	14734999	0
chr16	14735000	14735999	9
chr16	14736000	14736999	3
chr16	14737000	14737999	13
chr16	14738000	14738999	0
chr16	14739000	14739999	14
chr16	14740000	14740999	10
chr16	14741000	14741999	14
chr16	14742000	14742999	0
chr16	14743000	14743999	4
chr16	14744000	14744999	30
chr16	14745000	14745999	0
chr16	14746000	14746999	1
chr16	14747000	14747999	1
chr16	14748000	14748999	13
chr16	14749000	14749999	0
chr16	14750000	14750999	0
chr16	14751000	14751999	0
chr16	14752000	14752999	0
chr16	14753000	14753999	0
chr16	14754000	14754999	0
chr16	14755000	14755999	6
chr16	14756000	14756999	2
chr16	14757000	14757999	9
chr16	14758000	14758999	2
chr16	14759000	14759999	12
chr16	14760000	14760999	14
chr16	14761000	14761999	25
chr16	14762000	14762999	18
chr16	14763000	14763999	3
chr16	14764000	14764999	0
chr16	14765000	14765999	5
chr16	14766000	14766999	0
chr16	14767000	14767999	7
chr16	14768000	14768999	7
chr16	14769000	14769999	0
chr16	14770000	14770999	24
chr16	14771000	14771999	14
chr16	14772000	14772999	0
chr16	14773000	14773999	15
chr16	14774000	14774999	16
chr16	14775000	14775999	0
chr16	14776000	14776999	0
chr16	14777000	14777999	4
chr16	14778000	14778999	31
chr16	14779000	14779999	29
chr16	14780000	14780999	6
chr16	14781000	14781999	13
chr16	14782000	14782999	11
chr16	14783000	14783999	16
chr16	14784000	14784999	14
chr16	14785000	14785999	4
chr16	14786000	14786999	0
chr16	14787000	14787999	4
chr16	14788000	14788999	5
chr16	14789000	14789999	4
chr16	14790000	14790999	4
chr16	14791000	14791999	4
chr16	14792000	14792999	0
chr16	14793000	14793999	18
chr16	14794000	14794999	6
chr16	14795000	14795999	8
chr16	14796000	14796999	0
chr16	14797000	14797999	10
chr16	14798000	14798999	4
chr16	14799000	14799999	3
chr16	14800000	14800999	12
chr16	14801000	14801999	0
chr16	14802000	14802999	7
chr16	14803000	14803999	5
chr16	14804000	14804999	19
chr16	14805000	14805999	1
chr16	14806000	14806999	0
chr16	14807000	14807999	6
chr16	14808000	14808999	8
chr16	14809000	14809999	0
chr16	14810000	14810999	0
chr16	14811000	14811999	0
chr16	14812000	14812999	0
chr16	14813000	14813999	0
chr16	14814000	14814999	0
chr16	14815000	14815999	2
chr16	14816000	14816999	0
chr16	14817000	14817999	27
chr16	14818000	14818999	19
chr16	14819000	14819999	0
chr16	14820000	14820999	4
chr16	14821000	14821999	3
chr16	14822000	14822999	6
chr16	14823000	14823999	8
chr16	14824000	14824999	11
chr16	14825000	14825999	5
chr16	14826000	14826999	0
chr16	14827000	14827999	10
chr16	14828000	14828999	15
chr16	14829000	14829999	5
chr16	14830000	14830999	15
chr16	14831000	14831999	9
chr16	14832000	14832999	16
chr16	14833000	14833999	24
chr16	14834000	14834999	14
chr16	14835000	14835999	6
chr16	14836000	14836999	0
chr16	14837000	14837999	0
chr16	14838000	14838999	0
chr16	14839000	14839999	4
chr16	14840000	14840999	10
chr16	14841000	14841999	0
chr16	14842000	14842999	0
chr16	14843000	14843999	1
chr16	14844000	14844999	3
chr16	14845000	14845999	10
chr16	14846000	14846999	0
chr16	14847000	14847999	11
chr16	14848000	14848999	0
chr16	14849000	14849999	0
chr16	14850000	14850999	18
chr16	14851000	14851999	13
chr16	14852000	14852999	5
chr16	14853000	14853999	8
chr16	14854000	14854999	7
chr16	14855000	14855999	4
chr16	14856000	14856999	6
chr16	14857000	14857999	21
chr16	14858000	14858999	0
chr16	14859000	14859999	2
chr16	14860000	14860999	10
chr16	14861000	14861999	0
chr16	14862000	14862999	1
chr16	14863000	14863999	18
chr16	14864000	14864999	9
chr16	14865000	14865999	7
chr16	14866000	14866999	4
chr16	14867000	14867999	1
chr16	14868000	14868999	4
chr16	14869000	14869999	25
chr16	14870000	14870999	10
chr16	14871000	14871999	9
chr16	14872000	14872999	11
chr16	14873000	14873999	0
chr16	14874000	14874999	0
chr16	14875000	14875999	0
chr16	14876000	14876999	0
chr16	14877000	14877999	0
chr16	14878000	14878999	0
chr16	14879000	14879999	5
chr16	14880000	14880999	3
chr16	14881000	14881999	0
chr16	14882000	14882999	0
chr16	14883000	14883999	8
chr16	14884000	14884999	17
chr16	14885000	14885999	3
chr16	14886000	14886999	64
chr16	14887000	14887999	28
chr16	14888000	14888999	0
chr16	14889000	14889999	4
chr16	14890000	14890999	14
chr16	14891000	14891999	5
chr16	14892000	14892999	9
chr16	14893000	14893999	7
chr16	14894000	14894999	0
chr16	14895000	14895999	4
chr16	14896000	14896999	4
chr16	14897000	14897999	0
chr16	14898000	14898999	8
chr16	14899000	14899999	6
chr16	14900000	14900999	6
chr16	14901000	14901999	0
chr16	14902000	14902999	0
chr16	14903000	14903999	4
chr16	14904000	14904999	4
chr16	14905000	14905999	22
chr16	14906000	14906999	0
chr16	14907000	14907999	11
chr16	14908000	14908999	0
chr16	14909000	14909999	0
chr16	14910000	14910999	15
chr16	14911000	14911999	3
chr16	14912000	14912999	5
chr16	14913000	14913999	5
chr16	14914000	14914999	0
chr16	14915000	14915999	0
chr16	14916000	14916999	15
chr16	14917000	14917999	3
chr16	14918000	14918999	0
chr16	14919000	14919999	2
chr16	14920000	14920999	5
chr16	14921000	14921999	20
chr16	14922000	14922999	0
chr16	14923000	14923999	0
chr16	14924000	14924999	0
chr16	14925000	14925999	0
chr16	14926000	14926999	0
chr16	14927000	14927999	37
chr16	14928000	14928999	12
chr16	14929000	14929999	18
chr16	14930000	14930999	0
chr16	14931000	14931999	19
chr16	14932000	14932999	19
chr16	14933000	14933999	10
chr16	14934000	14934999	0
chr16	14935000	14935999	8
chr16	14936000	14936999	17
chr16	14937000	14937999	9
chr16	14938000	14938999	17
chr16	14939000	14939999	32
chr16	14940000	14940999	85
chr16	14941000	14941999	28
chr16	14942000	14942999	16
chr16	14943000	14943999	8
chr16	14944000	14944999	7
chr16	14945000	14945999	7
chr16	14946000	14946999	6
chr16	14947000	14947999	26
chr16	14948000	14948999	3
chr16	14949000	14949999	14
chr16	14950000	14950999	21
chr16	14951000	14951999	5
chr16	14952000	14952999	0
chr16	14953000	14953999	6
chr16	14954000	14954999	12
chr16	14955000	14955999	33
chr16	14956000	14956999	22
chr16	14957000	14957999	7
chr16	14958000	14958999	15
chr16	14959000	14959999	8
chr16	14960000	14960999	22
chr16	14961000	14961999	4
chr16	14962000	14962999	0
chr16	14963000	14963999	18
chr16	14964000	14964999	12
chr16	14965000	14965999	9
chr16	14966000	14966999	25
chr16	14967000	14967999	8
chr16	14968000	14968999	5
chr16	14969000	14969999	27
chr16	14970000	14970999	7
chr16	14971000	14971999	4
chr16	14972000	14972999	4
chr16	14973000	14973999	3
chr16	14974000	14974999	17
chr16	14975000	14975999	9
chr16	14976000	14976999	10
chr16	14977000	14977999	7
chr16	14978000	14978999	0
chr16	14979000	14979999	14
chr16	14980000	14980999	5
chr16	14981000	14981999	9
chr16	14982000	14982999	0
chr16	14983000	14983999	14
chr16	14984000	14984999	4
chr16	14985000	14985999	10
chr16	14986000	14986999	0
chr16	14987000	14987999	30
chr16	14988000	14988999	0
chr16	14989000	14989999	67
chr16	14990000	14990999	16
chr16	14991000	14991999	8
chr16	14992000	14992999	9
chr16	14993000	14993999	11
chr16	14994000	14994999	21
chr16	14995000	14995999	24
chr16	14996000	14996999	9
chr16	14997000	14997999	0
chr16	14998000	14998999	5
chr16	14999000	14999999	13
chr16	15000000	15000999	24
chr16	15001000	15001999	24
chr16	15002000	15002999	15
chr16	15003000	15003999	11
chr16	15004000	15004999	1
chr16	15005000	15005999	7
chr16	15006000	15006999	5
chr16	15007000	15007999	22
chr16	15008000	15008999	28
chr16	15009000	15009999	18
chr16	15010000	15010999	11
chr16	15011000	15011999	23
chr16	15012000	15012999	33
chr16	15013000	15013999	9
chr16	15014000	15014999	7
chr16	15015000	15015999	9
chr16	15016000	15016999	15
chr16	15017000	15017999	4
chr16	15018000	15018999	0
chr16	15019000	15019999	0
chr16	15020000	15020999	0
chr16	15021000	15021999	11
chr16	15022000	15022999	7
chr16	15023000	15023999	4
chr16	15024000	15024999	8
chr16	15025000	15025999	7
chr16	15026000	15026999	1
chr16	15027000	15027999	0
chr16	15028000	15028999	23
chr16	15029000	15029999	0
chr16	15030000	15030999	4
chr16	15031000	15031999	20
chr16	15032000	15032999	0
chr16	15033000	15033999	14
chr16	15034000	15034999	12
chr16	15035000	15035999	19
chr16	15036000	15036999	17
chr16	15037000	15037999	0
chr16	15038000	15038999	18
chr16	15039000	15039999	6
chr16	15040000	15040999	1
chr16	15041000	15041999	4
chr16	15042000	15042999	0
chr16	15043000	15043999	1
chr16	15044000	15044999	3
chr16	15045000	15045999	0
chr16	15046000	15046999	0
chr16	15047000	15047999	0
chr16	15048000	15048999	0
chr16	15049000	15049999	22
chr16	15050000	15050999	0
chr16	15051000	15051999	31
chr16	15052000	15052999	17
chr16	15053000	15053999	15
chr16	15054000	15054999	8
chr16	15055000	15055999	4
chr16	15056000	15056999	11
chr16	15057000	15057999	4
chr16	15058000	15058999	14
chr16	15059000	15059999	11
chr16	15060000	15060999	0
chr16	15061000	15061999	3
chr16	15062000	15062999	7
chr16	15063000	15063999	33
chr16	15064000	15064999	12
chr16	15065000	15065999	8
chr16	15066000	15066999	11
chr16	15067000	15067999	35
chr16	15068000	15068999	0
chr16	15069000	15069999	13
chr16	15070000	15070999	0
chr16	15071000	15071999	7
chr16	15072000	15072999	0
chr16	15073000	15073999	23
chr16	15074000	15074999	6
chr16	15075000	15075999	9
chr16	15076000	15076999	7
chr16	15077000	15077999	9
chr16	15078000	15078999	2
chr16	15079000	15079999	6
chr16	15080000	15080999	14
chr16	15081000	15081999	1
chr16	15082000	15082999	3
chr16	15083000	15083999	4
chr16	15084000	15084999	23
chr16	15085000	15085999	17
chr16	15086000	15086999	31
chr16	15087000	15087999	8
chr16	15088000	15088999	6
chr16	15089000	15089999	21
chr16	15090000	15090999	1
chr16	15091000	15091999	6
chr16	15092000	15092999	20
chr16	15093000	15093999	10
chr16	15094000	15094999	25
chr16	15095000	15095999	9
chr16	15096000	15096999	3
chr16	15097000	15097999	5
chr16	15098000	15098999	30
chr16	15099000	15099999	0
chr16	15100000	15100999	4
chr16	15101000	15101999	0
chr16	15102000	15102999	5
chr16	15103000	15103999	5
chr16	15104000	15104999	0
chr16	15105000	15105999	6
chr16	15106000	15106999	6
chr16	15107000	15107999	6
chr16	15108000	15108999	18
chr16	15109000	15109999	16
chr16	15110000	15110999	8
chr16	15111000	15111999	1
chr16	15112000	15112999	16
chr16	15113000	15113999	1
chr16	15114000	15114999	13
chr16	15115000	15115999	8
chr16	15116000	15116999	0
chr16	15117000	15117999	20
chr16	15118000	15118999	31
chr16	15119000	15119999	11
chr16	15120000	15120999	3
chr16	15121000	15121999	6
chr16	15122000	15122999	0
chr16	15123000	15123999	8
chr16	15124000	15124999	3
chr16	15125000	15125999	6
chr16	15126000	15126999	5
chr16	15127000	15127999	16
chr16	15128000	15128999	8
chr16	15129000	15129999	0
chr16	15130000	15130999	14
chr16	15131000	15131999	1
chr16	15132000	15132999	20
chr16	15133000	15133999	0
chr16	15134000	15134999	4
chr16	15135000	15135999	13
chr16	15136000	15136999	4
chr16	15137000	15137999	9
chr16	15138000	15138999	19
chr16	15139000	15139999	17
chr16	15140000	15140999	0
chr16	15141000	15141999	12
chr16	15142000	15142999	0
chr16	15143000	15143999	0
chr16	15144000	15144999	8
chr16	15145000	15145999	0
chr16	15146000	15146999	3
chr16	15147000	15147999	0
chr16	15148000	15148999	10
chr16	15149000	15149999	10
chr16	15150000	15150999	7
chr16	15151000	15151999	26
chr16	15152000	15152999	19
chr16	15153000	15153999	10
chr16	15154000	15154999	7
chr16	15155000	15155999	9
chr16	15156000	15156999	1
chr16	15157000	15157999	9
chr16	15158000	15158999	0
chr16	15159000	15159999	21
chr16	15160000	15160999	0
chr16	15161000	15161999	1
chr16	15162000	15162999	17
chr16	15163000	15163999	11
chr16	15164000	15164999	2
chr16	15165000	15165999	39
chr16	15166000	15166999	0
chr16	15167000	15167999	0
chr16	15168000	15168999	8
chr16	15169000	15169999	24
chr16	15170000	15170999	15
chr16	15171000	15171999	0
chr16	15172000	15172999	0
chr16	15173000	15173999	3
chr16	15174000	15174999	10
chr16	15175000	15175999	41
chr16	15176000	15176999	21
chr16	15177000	15177999	0
chr16	15178000	15178999	6
chr16	15179000	15179999	7
chr16	15180000	15180999	0
chr16	15181000	15181999	21
chr16	15182000	15182999	6
chr16	15183000	15183999	0
chr16	15184000	15184999	8
chr16	15185000	15185999	2
chr16	15186000	15186999	7
chr16	15187000	15187999	9
chr16	15188000	15188999	5
chr16	15189000	15189999	23
chr16	15190000	15190999	5
chr16	15191000	15191999	0
chr16	15192000	15192999	2
chr16	15193000	15193999	32
chr16	15194000	15194999	3
chr16	15195000	15195999	39
chr16	15196000	15196999	26
chr16	15197000	15197999	31
chr16	15198000	15198999	7
chr16	15199000	15199999	4
chr16	15200000	15200999	0
chr16	15201000	15201999	0
chr16	15202000	15202999	37
chr16	15203000	15203999	3
chr16	15204000	15204999	0
chr16	15205000	15205999	4
chr16	15206000	15206999	3
chr16	15207000	15207999	34
chr16	15208000	15208999	0
chr16	15209000	15209999	2
chr16	15210000	15210999	10
chr16	15211000	15211999	12
chr16	15212000	15212999	13
chr16	15213000	15213999	21
chr16	15214000	15214999	11
chr16	15215000	15215999	17
chr16	15216000	15216999	6
chr16	15217000	15217999	20
chr16	15218000	15218999	19
chr16	15219000	15219999	9
chr16	15220000	15220999	18
chr16	15221000	15221999	3
chr16	15222000	15222999	1
chr16	15223000	15223999	6
chr16	15224000	15224999	15
chr16	15225000	15225999	6
chr16	15226000	15226999	5
chr16	15227000	15227999	9
chr16	15228000	15228999	0
chr16	15229000	15229999	0
chr16	15230000	15230999	0
chr16	15231000	15231999	0
chr16	15232000	15232999	0
chr16	15233000	15233999	3
chr16	15234000	15234999	0
chr16	15235000	15235999	23
chr16	15236000	15236999	17
chr16	15237000	15237999	10
chr16	15238000	15238999	0
chr16	15239000	15239999	1
chr16	15240000	15240999	11
chr16	15241000	15241999	24
chr16	15242000	15242999	19
chr16	15243000	15243999	2
chr16	15244000	15244999	15
chr16	15245000	15245999	3
chr16	15246000	15246999	0
chr16	15247000	15247999	0
chr16	15248000	15248999	1
chr16	15249000	15249999	17
chr16	15250000	15250999	6
chr16	15251000	15251999	13
chr16	15252000	15252999	2
chr16	15253000	15253999	0
chr16	15254000	15254999	24
chr16	15255000	15255999	0
chr16	15256000	15256999	0
chr16	15257000	15257999	7
chr16	15258000	15258999	16
chr16	15259000	15259999	20
chr16	15260000	15260999	4
chr16	15261000	15261999	22
chr16	15262000	15262999	8
chr16	15263000	15263999	16
chr16	15264000	15264999	0
chr16	15265000	15265999	0
chr16	15266000	15266999	0
chr16	15267000	15267999	0
chr16	15268000	15268999	3
chr16	15269000	15269999	0
chr16	15270000	15270999	10
chr16	15271000	15271999	2
chr16	15272000	15272999	0
chr16	15273000	15273999	20
chr16	15274000	15274999	5
chr16	15275000	15275999	1
chr16	15276000	15276999	2
chr16	15277000	15277999	19
chr16	15278000	15278999	4
chr16	15279000	15279999	13
chr16	15280000	15280999	0
chr16	15281000	15281999	0
chr16	15282000	15282999	0
chr16	15283000	15283999	0
chr16	15284000	15284999	0
chr16	15285000	15285999	0
chr16	15286000	15286999	1
chr16	15287000	15287999	11
chr16	15288000	15288999	2
chr16	15289000	15289999	15
chr16	15290000	15290999	0
chr16	15291000	15291999	23
chr16	15292000	15292999	3
chr16	15293000	15293999	19
chr16	15294000	15294999	13
chr16	15295000	15295999	19
chr16	15296000	15296999	28
chr16	15297000	15297999	7
chr16	15298000	15298999	17
chr16	15299000	15299999	4
chr16	15300000	15300999	6
chr16	15301000	15301999	23
chr16	15302000	15302999	7
chr16	15303000	15303999	1
chr16	15304000	15304999	3
chr16	15305000	15305999	5
chr16	15306000	15306999	4
chr16	15307000	15307999	0
chr16	15308000	15308999	7
chr16	15309000	15309999	9
chr16	15310000	15310999	13
chr16	15311000	15311999	3
chr16	15312000	15312999	8
chr16	15313000	15313999	0
chr16	15314000	15314999	14
chr16	15315000	15315999	0
chr16	15316000	15316999	0
chr16	15317000	15317999	0
chr16	15318000	15318999	0
chr16	15319000	15319999	0
chr16	15320000	15320999	0
chr16	15321000	15321999	0
chr16	15322000	15322999	14
chr16	15323000	15323999	10
chr16	15324000	15324999	8
chr16	15325000	15325999	6
chr16	15326000	15326999	42
chr16	15327000	15327999	5
chr16	15328000	15328999	0
chr16	15329000	15329999	0
chr16	15330000	15330999	0
chr16	15331000	15331999	1
chr16	15332000	15332999	17
chr16	15333000	15333999	12
chr16	15334000	15334999	2
chr16	15335000	15335999	9
chr16	15336000	15336999	24
chr16	15337000	15337999	19
chr16	15338000	15338999	40
chr16	15339000	15339999	23
chr16	15340000	15340999	0
chr16	15341000	15341999	14
chr16	15342000	15342999	23
chr16	15343000	15343999	3
chr16	15344000	15344999	8
chr16	15345000	15345999	5
chr16	15346000	15346999	12
chr16	15347000	15347999	0
chr16	15348000	15348999	27
chr16	15349000	15349999	8
chr16	15350000	15350999	8
chr16	15351000	15351999	16
chr16	15352000	15352999	10
chr16	15353000	15353999	17
chr16	15354000	15354999	11
chr16	15355000	15355999	11
chr16	15356000	15356999	18
chr16	15357000	15357999	0
chr16	15358000	15358999	17
chr16	15359000	15359999	0
chr16	15360000	15360999	7
chr16	15361000	15361999	13
chr16	15362000	15362999	2
chr16	15363000	15363999	9
chr16	15364000	15364999	0
chr16	15365000	15365999	7
chr16	15366000	15366999	0
chr16	15367000	15367999	13
chr16	15368000	15368999	8
chr16	15369000	15369999	19
chr16	15370000	15370999	3
chr16	15371000	15371999	0
chr16	15372000	15372999	9
chr16	15373000	15373999	43
chr16	15374000	15374999	4
chr16	15375000	15375999	12
chr16	15376000	15376999	0
chr16	15377000	15377999	0
chr16	15378000	15378999	2
chr16	15379000	15379999	33
chr16	15380000	15380999	6
chr16	15381000	15381999	5
chr16	15382000	15382999	7
chr16	15383000	15383999	0
chr16	15384000	15384999	5
chr16	15385000	15385999	14
chr16	15386000	15386999	31
chr16	15387000	15387999	32
chr16	15388000	15388999	13
chr16	15389000	15389999	31
chr16	15390000	15390999	23
chr16	15391000	15391999	10
chr16	15392000	15392999	17
chr16	15393000	15393999	0
chr16	15394000	15394999	15
chr16	15395000	15395999	12
chr16	15396000	15396999	0
chr16	15397000	15397999	9
chr16	15398000	15398999	19
chr16	15399000	15399999	0
chr16	15400000	15400999	4
chr16	15401000	15401999	0
chr16	15402000	15402999	1
chr16	15403000	15403999	28
chr16	15404000	15404999	0
chr16	15405000	15405999	0
chr16	15406000	15406999	0
chr16	15407000	15407999	0
chr16	15408000	15408999	0
chr16	15409000	15409999	0
chr16	15410000	15410999	0
chr16	15411000	15411999	0
chr16	15412000	15412999	0
chr16	15413000	15413999	4
chr16	15414000	15414999	0
chr16	15415000	15415999	0
chr16	15416000	15416999	9
chr16	15417000	15417999	43
chr16	15418000	15418999	25
chr16	15419000	15419999	0
chr16	15420000	15420999	2
chr16	15421000	15421999	37
chr16	15422000	15422999	0
chr16	15423000	15423999	17
chr16	15424000	15424999	5
chr16	15425000	15425999	4
chr16	15426000	15426999	9
chr16	15427000	15427999	14
chr16	15428000	15428999	14
chr16	15429000	15429999	20
chr16	15430000	15430999	17
chr16	15431000	15431999	11
chr16	15432000	15432999	19
chr16	15433000	15433999	20
chr16	15434000	15434999	16
chr16	15435000	15435999	10
chr16	15436000	15436999	0
chr16	15437000	15437999	0
chr16	15438000	15438999	5
chr16	15439000	15439999	0
chr16	15440000	15440999	0
chr16	15441000	15441999	4
chr16	15442000	15442999	0
chr16	15443000	15443999	0
chr16	15444000	15444999	0
chr16	15445000	15445999	0
chr16	15446000	15446999	0
chr16	15447000	15447999	0
chr16	15448000	15448999	8
chr16	15449000	15449999	12
chr16	15450000	15450999	0
chr16	15451000	15451999	10
chr16	15452000	15452999	19
chr16	15453000	15453999	4
chr16	15454000	15454999	5
chr16	15455000	15455999	10
chr16	15456000	15456999	6
chr16	15457000	15457999	10
chr16	15458000	15458999	11
chr16	15459000	15459999	14
chr16	15460000	15460999	23
chr16	15461000	15461999	4
chr16	15462000	15462999	10
chr16	15463000	15463999	10
chr16	15464000	15464999	23
chr16	15465000	15465999	9
chr16	15466000	15466999	15
chr16	15467000	15467999	3
chr16	15468000	15468999	0
chr16	15469000	15469999	8
chr16	15470000	15470999	10
chr16	15471000	15471999	0
chr16	15472000	15472999	0
chr16	15473000	15473999	25
chr16	15474000	15474999	21
chr16	15475000	15475999	0
chr16	15476000	15476999	8
chr16	15477000	15477999	13
chr16	15478000	15478999	9
chr16	15479000	15479999	4
chr16	15480000	15480999	12
chr16	15481000	15481999	3
chr16	15482000	15482999	35
chr16	15483000	15483999	15
chr16	15484000	15484999	9
chr16	15485000	15485999	3
chr16	15486000	15486999	4
chr16	15487000	15487999	2
chr16	15488000	15488999	4
chr16	15489000	15489999	3
chr16	15490000	15490999	10
chr16	15491000	15491999	27
chr16	15492000	15492999	0
chr16	15493000	15493999	9
chr16	15494000	15494999	11
chr16	15495000	15495999	5
chr16	15496000	15496999	3
chr16	15497000	15497999	0
chr16	15498000	15498999	40
chr16	15499000	15499999	0
chr16	15500000	15500999	0
chr16	15501000	15501999	13
chr16	15502000	15502999	6
chr16	15503000	15503999	0
chr16	15504000	15504999	0
chr16	15505000	15505999	0
chr16	15506000	15506999	0
chr16	15507000	15507999	0
chr16	15508000	15508999	0
chr16	15509000	15509999	0
chr16	15510000	15510999	0
chr16	15511000	15511999	1
chr16	15512000	15512999	3
chr16	15513000	15513999	9
chr16	15514000	15514999	9
chr16	15515000	15515999	41
chr16	15516000	15516999	0
chr16	15517000	15517999	25
chr16	15518000	15518999	24
chr16	15519000	15519999	8
chr16	15520000	15520999	31
chr16	15521000	15521999	13
chr16	15522000	15522999	2
chr16	15523000	15523999	34
chr16	15524000	15524999	16
chr16	15525000	15525999	4
chr16	15526000	15526999	10
chr16	15527000	15527999	10
chr16	15528000	15528999	2
chr16	15529000	15529999	0
chr16	15530000	15530999	0
chr16	15531000	15531999	11
chr16	15532000	15532999	9
chr16	15533000	15533999	22
chr16	15534000	15534999	7
chr16	15535000	15535999	0
chr16	15536000	15536999	14
chr16	15537000	15537999	0
chr16	15538000	15538999	18
chr16	15539000	15539999	12
chr16	15540000	15540999	9
chr16	15541000	15541999	14
chr16	15542000	15542999	23
chr16	15543000	15543999	12
chr16	15544000	15544999	20
chr16	15545000	15545999	5
chr16	15546000	15546999	23
chr16	15547000	15547999	5
chr16	15548000	15548999	5
chr16	15549000	15549999	11
chr16	15550000	15550999	34
chr16	15551000	15551999	0
chr16	15552000	15552999	1
chr16	15553000	15553999	12
chr16	15554000	15554999	17
chr16	15555000	15555999	0
chr16	15556000	15556999	18
chr16	15557000	15557999	8
chr16	15558000	15558999	9
chr16	15559000	15559999	38
chr16	15560000	15560999	4
chr16	15561000	15561999	6
chr16	15562000	15562999	9
chr16	15563000	15563999	8
chr16	15564000	15564999	4
chr16	15565000	15565999	18
chr16	15566000	15566999	0
chr16	15567000	15567999	12
chr16	15568000	15568999	17
chr16	15569000	15569999	13
chr16	15570000	15570999	7
chr16	15571000	15571999	13
chr16	15572000	15572999	6
chr16	15573000	15573999	0
chr16	15574000	15574999	8
chr16	15575000	15575999	11
chr16	15576000	15576999	1
chr16	15577000	15577999	10
chr16	15578000	15578999	13
chr16	15579000	15579999	1
chr16	15580000	15580999	8
chr16	15581000	15581999	3
chr16	15582000	15582999	1
chr16	15583000	15583999	9
chr16	15584000	15584999	15
chr16	15585000	15585999	5
chr16	15586000	15586999	7
chr16	15587000	15587999	10
chr16	15588000	15588999	24
chr16	15589000	15589999	2
chr16	15590000	15590999	0
chr16	15591000	15591999	0
chr16	15592000	15592999	8
chr16	15593000	15593999	6
chr16	15594000	15594999	37
chr16	15595000	15595999	5
chr16	15596000	15596999	0
chr16	15597000	15597999	26
chr16	15598000	15598999	4
chr16	15599000	15599999	3
chr16	15600000	15600999	20
chr16	15601000	15601999	0
chr16	15602000	15602999	5
chr16	15603000	15603999	11
chr16	15604000	15604999	7
chr16	15605000	15605999	25
chr16	15606000	15606999	11
chr16	15607000	15607999	16
chr16	15608000	15608999	9
chr16	15609000	15609999	1
chr16	15610000	15610999	13
chr16	15611000	15611999	5
chr16	15612000	15612999	1
chr16	15613000	15613999	3
chr16	15614000	15614999	0
chr16	15615000	15615999	4
chr16	15616000	15616999	7
chr16	15617000	15617999	1
chr16	15618000	15618999	5
chr16	15619000	15619999	15
chr16	15620000	15620999	16
chr16	15621000	15621999	11
chr16	15622000	15622999	4
chr16	15623000	15623999	0
chr16	15624000	15624999	9
chr16	15625000	15625999	2
chr16	15626000	15626999	15
chr16	15627000	15627999	7
chr16	15628000	15628999	4
chr16	15629000	15629999	3
chr16	15630000	15630999	16
chr16	15631000	15631999	22
chr16	15632000	15632999	17
chr16	15633000	15633999	17
chr16	15634000	15634999	23
chr16	15635000	15635999	19
chr16	15636000	15636999	7
chr16	15637000	15637999	187
chr16	15638000	15638999	36
chr16	15639000	15639999	0
chr16	15640000	15640999	11
chr16	15641000	15641999	4
chr16	15642000	15642999	13
chr16	15643000	15643999	3
chr16	15644000	15644999	0
chr16	15645000	15645999	10
chr16	15646000	15646999	0
chr16	15647000	15647999	1
chr16	15648000	15648999	0
chr16	15649000	15649999	0
chr16	15650000	15650999	0
chr16	15651000	15651999	2
chr16	15652000	15652999	39
chr16	15653000	15653999	0
chr16	15654000	15654999	15
chr16	15655000	15655999	3
chr16	15656000	15656999	7
chr16	15657000	15657999	0
chr16	15658000	15658999	4
chr16	15659000	15659999	10
chr16	15660000	15660999	0
chr16	15661000	15661999	2
chr16	15662000	15662999	0
chr16	15663000	15663999	10
chr16	15664000	15664999	21
chr16	15665000	15665999	5
chr16	15666000	15666999	13
chr16	15667000	15667999	3
chr16	15668000	15668999	0
chr16	15669000	15669999	15
chr16	15670000	15670999	5
chr16	15671000	15671999	0
chr16	15672000	15672999	22
chr16	15673000	15673999	17
chr16	15674000	15674999	2
chr16	15675000	15675999	1
chr16	15676000	15676999	0
chr16	15677000	15677999	7
chr16	15678000	15678999	3
chr16	15679000	15679999	11
chr16	15680000	15680999	8
chr16	15681000	15681999	0
chr16	15682000	15682999	2
chr16	15683000	15683999	14
chr16	15684000	15684999	15
chr16	15685000	15685999	0
chr16	15686000	15686999	0
chr16	15687000	15687999	23
chr16	15688000	15688999	14
chr16	15689000	15689999	0
chr16	15690000	15690999	2
chr16	15691000	15691999	0
chr16	15692000	15692999	6
chr16	15693000	15693999	0
chr16	15694000	15694999	16
chr16	15695000	15695999	11
chr16	15696000	15696999	11
chr16	15697000	15697999	5
chr16	15698000	15698999	9
chr16	15699000	15699999	9
chr16	15700000	15700999	15
chr16	15701000	15701999	24
chr16	15702000	15702999	6
chr16	15703000	15703999	3
chr16	15704000	15704999	0
chr16	15705000	15705999	21
chr16	15706000	15706999	8
chr16	15707000	15707999	3
chr16	15708000	15708999	0
chr16	15709000	15709999	29
chr16	15710000	15710999	10
chr16	15711000	15711999	19
chr16	15712000	15712999	10
chr16	15713000	15713999	0
chr16	15714000	15714999	6
chr16	15715000	15715999	11
chr16	15716000	15716999	9
chr16	15717000	15717999	3
chr16	15718000	15718999	0
chr16	15719000	15719999	2
chr16	15720000	15720999	0
chr16	15721000	15721999	14
chr16	15722000	15722999	12
chr16	15723000	15723999	7
chr16	15724000	15724999	0
chr16	15725000	15725999	15
chr16	15726000	15726999	5
chr16	15727000	15727999	0
chr16	15728000	15728999	7
chr16	15729000	15729999	16
chr16	15730000	15730999	13
chr16	15731000	15731999	7
chr16	15732000	15732999	3
chr16	15733000	15733999	2
chr16	15734000	15734999	13
chr16	15735000	15735999	22
chr16	15736000	15736999	9
chr16	15737000	15737999	9
chr16	15738000	15738999	27
chr16	15739000	15739999	3
chr16	15740000	15740999	22
chr16	15741000	15741999	0
chr16	15742000	15742999	0
chr16	15743000	15743999	5
chr16	15744000	15744999	0
chr16	15745000	15745999	0
chr16	15746000	15746999	0
chr16	15747000	15747999	0
chr16	15748000	15748999	0
chr16	15749000	15749999	0
chr16	15750000	15750999	0
chr16	15751000	15751999	0
chr16	15752000	15752999	17
chr16	15753000	15753999	24
chr16	15754000	15754999	0
chr16	15755000	15755999	17
chr16	15756000	15756999	0
chr16	15757000	15757999	0
chr16	15758000	15758999	33
chr16	15759000	15759999	32
chr16	15760000	15760999	14
chr16	15761000	15761999	16
chr16	15762000	15762999	8
chr16	15763000	15763999	0
chr16	15764000	15764999	10
chr16	15765000	15765999	2
chr16	15766000	15766999	2
chr16	15767000	15767999	19
chr16	15768000	15768999	7
chr16	15769000	15769999	8
chr16	15770000	15770999	0
chr16	15771000	15771999	13
chr16	15772000	15772999	7
chr16	15773000	15773999	4
chr16	15774000	15774999	15
chr16	15775000	15775999	3
chr16	15776000	15776999	12
chr16	15777000	15777999	0
chr16	15778000	15778999	11
chr16	15779000	15779999	17
chr16	15780000	15780999	8
chr16	15781000	15781999	12
chr16	15782000	15782999	0
chr16	15783000	15783999	26
chr16	15784000	15784999	16
chr16	15785000	15785999	13
chr16	15786000	15786999	5
chr16	15787000	15787999	33
chr16	15788000	15788999	0
chr16	15789000	15789999	0
chr16	15790000	15790999	11
chr16	15791000	15791999	30
chr16	15792000	15792999	0
chr16	15793000	15793999	10
chr16	15794000	15794999	5
chr16	15795000	15795999	0
chr16	15796000	15796999	5
chr16	15797000	15797999	13
chr16	15798000	15798999	15
chr16	15799000	15799999	27
chr16	15800000	15800999	4
chr16	15801000	15801999	17
chr16	15802000	15802999	9
chr16	15803000	15803999	12
chr16	15804000	15804999	6
chr16	15805000	15805999	5
chr16	15806000	15806999	16
chr16	15807000	15807999	0
chr16	15808000	15808999	4
chr16	15809000	15809999	10
chr16	15810000	15810999	13
chr16	15811000	15811999	5
chr16	15812000	15812999	6
chr16	15813000	15813999	1
chr16	15814000	15814999	0
chr16	15815000	15815999	8
chr16	15816000	15816999	27
chr16	15817000	15817999	20
chr16	15818000	15818999	18
chr16	15819000	15819999	1
chr16	15820000	15820999	4
chr16	15821000	15821999	15
chr16	15822000	15822999	3
chr16	15823000	15823999	0
chr16	15824000	15824999	0
chr16	15825000	15825999	0
chr16	15826000	15826999	5
chr16	15827000	15827999	12
chr16	15828000	15828999	5
chr16	15829000	15829999	0
chr16	15830000	15830999	0
chr16	15831000	15831999	10
chr16	15832000	15832999	2
chr16	15833000	15833999	4
chr16	15834000	15834999	7
chr16	15835000	15835999	5
chr16	15836000	15836999	5
chr16	15837000	15837999	17
chr16	15838000	15838999	12
chr16	15839000	15839999	17
chr16	15840000	15840999	0
chr16	15841000	15841999	0
chr16	15842000	15842999	15
chr16	15843000	15843999	6
chr16	15844000	15844999	0
chr16	15845000	15845999	0
chr16	15846000	15846999	18
chr16	15847000	15847999	12
chr16	15848000	15848999	3
chr16	15849000	15849999	17
chr16	15850000	15850999	8
chr16	15851000	15851999	15
chr16	15852000	15852999	0
chr16	15853000	15853999	0
chr16	15854000	15854999	3
chr16	15855000	15855999	3
chr16	15856000	15856999	25
chr16	15857000	15857999	0
chr16	15858000	15858999	26
chr16	15859000	15859999	0
chr16	15860000	15860999	0
chr16	15861000	15861999	25
chr16	15862000	15862999	54
chr16	15863000	15863999	96
chr16	15864000	15864999	18
chr16	15865000	15865999	10
chr16	15866000	15866999	14
chr16	15867000	15867999	7
chr16	15868000	15868999	0
chr16	15869000	15869999	2
chr16	15870000	15870999	3
chr16	15871000	15871999	3
chr16	15872000	15872999	14
chr16	15873000	15873999	3
chr16	15874000	15874999	25
chr16	15875000	15875999	5
chr16	15876000	15876999	1
chr16	15877000	15877999	4
chr16	15878000	15878999	14
chr16	15879000	15879999	13
chr16	15880000	15880999	25
chr16	15881000	15881999	9
chr16	15882000	15882999	29
chr16	15883000	15883999	8
chr16	15884000	15884999	4
chr16	15885000	15885999	6
chr16	15886000	15886999	54
chr16	15887000	15887999	102
chr16	15888000	15888999	32
chr16	15889000	15889999	32
chr16	15890000	15890999	103
chr16	15891000	15891999	33
chr16	15892000	15892999	10
chr16	15893000	15893999	15
chr16	15894000	15894999	9
chr16	15895000	15895999	21
chr16	15896000	15896999	36
chr16	15897000	15897999	2
chr16	15898000	15898999	16
chr16	15899000	15899999	0
chr16	15900000	15900999	4
chr16	15901000	15901999	0
chr16	15902000	15902999	6
chr16	15903000	15903999	6
chr16	15904000	15904999	4
chr16	15905000	15905999	12
chr16	15906000	15906999	16
chr16	15907000	15907999	4
chr16	15908000	15908999	8
chr16	15909000	15909999	11
chr16	15910000	15910999	29
chr16	15911000	15911999	2
chr16	15912000	15912999	13
chr16	15913000	15913999	16
chr16	15914000	15914999	5
chr16	15915000	15915999	18
chr16	15916000	15916999	0
chr16	15917000	15917999	0
chr16	15918000	15918999	0
chr16	15919000	15919999	1
chr16	15920000	15920999	9
chr16	15921000	15921999	5
chr16	15922000	15922999	6
chr16	15923000	15923999	3
chr16	15924000	15924999	4
chr16	15925000	15925999	9
chr16	15926000	15926999	7
chr16	15927000	15927999	33
chr16	15928000	15928999	0
chr16	15929000	15929999	0
chr16	15930000	15930999	2
chr16	15931000	15931999	2
chr16	15932000	15932999	40
chr16	15933000	15933999	6
chr16	15934000	15934999	6
chr16	15935000	15935999	0
chr16	15936000	15936999	15
chr16	15937000	15937999	8
chr16	15938000	15938999	7
chr16	15939000	15939999	3
chr16	15940000	15940999	8
chr16	15941000	15941999	39
chr16	15942000	15942999	9
chr16	15943000	15943999	13
chr16	15944000	15944999	8
chr16	15945000	15945999	6
chr16	15946000	15946999	10
chr16	15947000	15947999	38
chr16	15948000	15948999	150
chr16	15949000	15949999	32
chr16	15950000	15950999	54
chr16	15951000	15951999	12
chr16	15952000	15952999	6
chr16	15953000	15953999	22
chr16	15954000	15954999	20
chr16	15955000	15955999	7
chr16	15956000	15956999	65
chr16	15957000	15957999	48
chr16	15958000	15958999	35
chr16	15959000	15959999	27
chr16	15960000	15960999	19
chr16	15961000	15961999	0
chr16	15962000	15962999	0
chr16	15963000	15963999	14
chr16	15964000	15964999	27
chr16	15965000	15965999	12
chr16	15966000	15966999	7
chr16	15967000	15967999	12
chr16	15968000	15968999	0
chr16	15969000	15969999	14
chr16	15970000	15970999	12
chr16	15971000	15971999	0
chr16	15972000	15972999	0
chr16	15973000	15973999	5
chr16	15974000	15974999	7
chr16	15975000	15975999	16
chr16	15976000	15976999	6
chr16	15977000	15977999	34
chr16	15978000	15978999	2
chr16	15979000	15979999	0
chr16	15980000	15980999	9
chr16	15981000	15981999	19
chr16	15982000	15982999	2
chr16	15983000	15983999	6
chr16	15984000	15984999	65
chr16	15985000	15985999	73
chr16	15986000	15986999	13
chr16	15987000	15987999	13
chr16	15988000	15988999	18
chr16	15989000	15989999	0
chr16	15990000	15990999	21
chr16	15991000	15991999	12
chr16	15992000	15992999	19
chr16	15993000	15993999	3
chr16	15994000	15994999	24
chr16	15995000	15995999	0
chr16	15996000	15996999	0
chr16	15997000	15997999	0
chr16	15998000	15998999	11
chr16	15999000	15999999	20
chr16	16000000	16000999	0
chr16	16001000	16001999	0
chr16	16002000	16002999	5
chr16	16003000	16003999	5
chr16	16004000	16004999	2
chr16	16005000	16005999	0
chr16	16006000	16006999	9
chr16	16007000	16007999	10
chr16	16008000	16008999	17
chr16	16009000	16009999	5
chr16	16010000	16010999	1
chr16	16011000	16011999	36
chr16	16012000	16012999	9
chr16	16013000	16013999	2
chr16	16014000	16014999	5
chr16	16015000	16015999	4
chr16	16016000	16016999	21
chr16	16017000	16017999	22
chr16	16018000	16018999	8
chr16	16019000	16019999	0
chr16	16020000	16020999	0
chr16	16021000	16021999	0
chr16	16022000	16022999	16
chr16	16023000	16023999	12
chr16	16024000	16024999	15
chr16	16025000	16025999	0
chr16	16026000	16026999	0
chr16	16027000	16027999	0
chr16	16028000	16028999	13
chr16	16029000	16029999	11
chr16	16030000	16030999	0
chr16	16031000	16031999	0
chr16	16032000	16032999	0
chr16	16033000	16033999	0
chr16	16034000	16034999	8
chr16	16035000	16035999	1
chr16	16036000	16036999	13
chr16	16037000	16037999	5
chr16	16038000	16038999	18
chr16	16039000	16039999	1
chr16	16040000	16040999	0
chr16	16041000	16041999	0
chr16	16042000	16042999	4
chr16	16043000	16043999	9
chr16	16044000	16044999	4
chr16	16045000	16045999	13
chr16	16046000	16046999	3
chr16	16047000	16047999	16
chr16	16048000	16048999	0
chr16	16049000	16049999	17
chr16	16050000	16050999	15
chr16	16051000	16051999	4
chr16	16052000	16052999	6
chr16	16053000	16053999	21
chr16	16054000	16054999	2
chr16	16055000	16055999	14
chr16	16056000	16056999	0
chr16	16057000	16057999	9
chr16	16058000	16058999	6
chr16	16059000	16059999	8
chr16	16060000	16060999	16
chr16	16061000	16061999	22
chr16	16062000	16062999	20
chr16	16063000	16063999	2
chr16	16064000	16064999	23
chr16	16065000	16065999	16
chr16	16066000	16066999	14
chr16	16067000	16067999	10
chr16	16068000	16068999	4
chr16	16069000	16069999	12
chr16	16070000	16070999	3
chr16	16071000	16071999	0
chr16	16072000	16072999	22
chr16	16073000	16073999	60
chr16	16074000	16074999	23
chr16	16075000	16075999	13
chr16	16076000	16076999	9
chr16	16077000	16077999	18
chr16	16078000	16078999	13
chr16	16079000	16079999	22
chr16	16080000	16080999	32
chr16	16081000	16081999	16
chr16	16082000	16082999	10
chr16	16083000	16083999	14
chr16	16084000	16084999	18
chr16	16085000	16085999	0
chr16	16086000	16086999	10
chr16	16087000	16087999	8
chr16	16088000	16088999	4
chr16	16089000	16089999	4
chr16	16090000	16090999	22
chr16	16091000	16091999	0
chr16	16092000	16092999	0
chr16	16093000	16093999	10
chr16	16094000	16094999	8
chr16	16095000	16095999	8
chr16	16096000	16096999	0
chr16	16097000	16097999	3
chr16	16098000	16098999	0
chr16	16099000	16099999	18
chr16	16100000	16100999	9
chr16	16101000	16101999	0
chr16	16102000	16102999	46
chr16	16103000	16103999	2
chr16	16104000	16104999	33
chr16	16105000	16105999	29
chr16	16106000	16106999	14
chr16	16107000	16107999	3
chr16	16108000	16108999	0
chr16	16109000	16109999	20
chr16	16110000	16110999	5
chr16	16111000	16111999	8
chr16	16112000	16112999	11
chr16	16113000	16113999	13
chr16	16114000	16114999	9
chr16	16115000	16115999	4
chr16	16116000	16116999	3
chr16	16117000	16117999	12
chr16	16118000	16118999	15
chr16	16119000	16119999	0
chr16	16120000	16120999	10
chr16	16121000	16121999	4
chr16	16122000	16122999	4
chr16	16123000	16123999	5
chr16	16124000	16124999	11
chr16	16125000	16125999	0
chr16	16126000	16126999	0
chr16	16127000	16127999	0
chr16	16128000	16128999	0
chr16	16129000	16129999	14
chr16	16130000	16130999	1
chr16	16131000	16131999	4
chr16	16132000	16132999	0
chr16	16133000	16133999	1
chr16	16134000	16134999	5
chr16	16135000	16135999	0
chr16	16136000	16136999	1
chr16	16137000	16137999	4
chr16	16138000	16138999	14
chr16	16139000	16139999	10
chr16	16140000	16140999	4
chr16	16141000	16141999	12
chr16	16142000	16142999	5
chr16	16143000	16143999	32
chr16	16144000	16144999	7
chr16	16145000	16145999	11
chr16	16146000	16146999	26
chr16	16147000	16147999	10
chr16	16148000	16148999	29
chr16	16149000	16149999	12
chr16	16150000	16150999	18
chr16	16151000	16151999	5
chr16	16152000	16152999	24
chr16	16153000	16153999	18
chr16	16154000	16154999	4
chr16	16155000	16155999	0
chr16	16156000	16156999	0
chr16	16157000	16157999	8
chr16	16158000	16158999	0
chr16	16159000	16159999	16
chr16	16160000	16160999	8
chr16	16161000	16161999	11
chr16	16162000	16162999	36
chr16	16163000	16163999	18
chr16	16164000	16164999	14
chr16	16165000	16165999	9
chr16	16166000	16166999	8
chr16	16167000	16167999	10
chr16	16168000	16168999	0
chr16	16169000	16169999	6
chr16	16170000	16170999	5
chr16	16171000	16171999	3
chr16	16172000	16172999	24
chr16	16173000	16173999	6
chr16	16174000	16174999	5
chr16	16175000	16175999	0
chr16	16176000	16176999	0
chr16	16177000	16177999	0
chr16	16178000	16178999	0
chr16	16179000	16179999	0
chr16	16180000	16180999	0
chr16	16181000	16181999	0
chr16	16182000	16182999	2
chr16	16183000	16183999	0
chr16	16184000	16184999	8
chr16	16185000	16185999	9
chr16	16186000	16186999	1
chr16	16187000	16187999	23
chr16	16188000	16188999	22
chr16	16189000	16189999	0
chr16	16190000	16190999	21
chr16	16191000	16191999	12
chr16	16192000	16192999	0
chr16	16193000	16193999	0
chr16	16194000	16194999	0
chr16	16195000	16195999	0
chr16	16196000	16196999	0
chr16	16197000	16197999	1
chr16	16198000	16198999	11
chr16	16199000	16199999	19
chr16	16200000	16200999	12
chr16	16201000	16201999	15
chr16	16202000	16202999	58
chr16	16203000	16203999	1
chr16	16204000	16204999	0
chr16	16205000	16205999	8
chr16	16206000	16206999	22
chr16	16207000	16207999	0
chr16	16208000	16208999	22
chr16	16209000	16209999	6
chr16	16210000	16210999	14
chr16	16211000	16211999	0
chr16	16212000	16212999	40
chr16	16213000	16213999	83
chr16	16214000	16214999	31
chr16	16215000	16215999	18
chr16	16216000	16216999	20
chr16	16217000	16217999	7
chr16	16218000	16218999	11
chr16	16219000	16219999	2
chr16	16220000	16220999	0
chr16	16221000	16221999	6
chr16	16222000	16222999	5
chr16	16223000	16223999	5
chr16	16224000	16224999	14
chr16	16225000	16225999	14
chr16	16226000	16226999	9
chr16	16227000	16227999	4
chr16	16228000	16228999	4
chr16	16229000	16229999	29
chr16	16230000	16230999	0
chr16	16231000	16231999	11
chr16	16232000	16232999	0
chr16	16233000	16233999	2
chr16	16234000	16234999	20
chr16	16235000	16235999	14
chr16	16236000	16236999	13
chr16	16237000	16237999	9
chr16	16238000	16238999	30
chr16	16239000	16239999	0
chr16	16240000	16240999	25
chr16	16241000	16241999	13
chr16	16242000	16242999	0
chr16	16243000	16243999	4
chr16	16244000	16244999	26
chr16	16245000	16245999	3
chr16	16246000	16246999	13
chr16	16247000	16247999	0
chr16	16248000	16248999	34
chr16	16249000	16249999	13
chr16	16250000	16250999	9
chr16	16251000	16251999	1
chr16	16252000	16252999	7
chr16	16253000	16253999	8
chr16	16254000	16254999	1
chr16	16255000	16255999	11
chr16	16256000	16256999	19
chr16	16257000	16257999	14
chr16	16258000	16258999	8
chr16	16259000	16259999	12
chr16	16260000	16260999	3
chr16	16261000	16261999	20
chr16	16262000	16262999	0
chr16	16263000	16263999	18
chr16	16264000	16264999	0
chr16	16265000	16265999	3
chr16	16266000	16266999	0
chr16	16267000	16267999	15
chr16	16268000	16268999	7
chr16	16269000	16269999	9
chr16	16270000	16270999	6
chr16	16271000	16271999	3
chr16	16272000	16272999	1
chr16	16273000	16273999	1
chr16	16274000	16274999	24
chr16	16275000	16275999	1
chr16	16276000	16276999	0
chr16	16277000	16277999	0
chr16	16278000	16278999	6
chr16	16279000	16279999	4
chr16	16280000	16280999	4
chr16	16281000	16281999	21
chr16	16282000	16282999	5
chr16	16283000	16283999	20
chr16	16284000	16284999	15
chr16	16285000	16285999	0
chr16	16286000	16286999	12
chr16	16287000	16287999	11
chr16	16288000	16288999	15
chr16	16289000	16289999	3
chr16	16290000	16290999	21
chr16	16291000	16291999	29
chr16	16292000	16292999	35
chr16	16293000	16293999	15
chr16	16294000	16294999	8
chr16	16295000	16295999	10
chr16	16296000	16296999	25
chr16	16297000	16297999	4
chr16	16298000	16298999	11
chr16	16299000	16299999	0
chr16	16300000	16300999	0
chr16	16301000	16301999	10
chr16	16302000	16302999	79
chr16	16303000	16303999	82
chr16	16304000	16304999	13
chr16	16305000	16305999	14
chr16	16306000	16306999	18
chr16	16307000	16307999	7
chr16	16308000	16308999	7
chr16	16309000	16309999	6
chr16	16310000	16310999	16
chr16	16311000	16311999	11
chr16	16312000	16312999	0
chr16	16313000	16313999	37
chr16	16314000	16314999	5
chr16	16315000	16315999	8
chr16	16316000	16316999	35
chr16	16317000	16317999	5
chr16	16318000	16318999	4
chr16	16319000	16319999	0
chr16	16320000	16320999	4
chr16	16321000	16321999	0
chr16	16322000	16322999	17
chr16	16323000	16323999	8
chr16	16324000	16324999	5
chr16	16325000	16325999	3
chr16	16326000	16326999	39
chr16	16327000	16327999	13
chr16	16328000	16328999	0
chr16	16329000	16329999	11
chr16	16330000	16330999	28
chr16	16331000	16331999	10
chr16	16332000	16332999	12
chr16	16333000	16333999	18
chr16	16334000	16334999	6
chr16	16335000	16335999	21
chr16	16336000	16336999	0
chr16	16337000	16337999	11
chr16	16338000	16338999	4
chr16	16339000	16339999	8
chr16	16340000	16340999	8
chr16	16341000	16341999	11
chr16	16342000	16342999	0
chr16	16343000	16343999	0
chr16	16344000	16344999	15
chr16	16345000	16345999	8
chr16	16346000	16346999	7
chr16	16347000	16347999	13
chr16	16348000	16348999	50
chr16	16349000	16349999	17
chr16	16350000	16350999	0
chr16	16351000	16351999	4
chr16	16352000	16352999	0
chr16	16353000	16353999	25
chr16	16354000	16354999	0
chr16	16355000	16355999	20
chr16	16356000	16356999	19
chr16	16357000	16357999	21
chr16	16358000	16358999	132
chr16	16359000	16359999	25
chr16	16360000	16360999	7
chr16	16361000	16361999	6
chr16	16362000	16362999	8
chr16	16363000	16363999	13
chr16	16364000	16364999	4
chr16	16365000	16365999	0
chr16	16366000	16366999	4
chr16	16367000	16367999	5
chr16	16368000	16368999	19
chr16	16369000	16369999	4
chr16	16370000	16370999	17
chr16	16371000	16371999	36
chr16	16372000	16372999	13
chr16	16373000	16373999	9
chr16	16374000	16374999	6
chr16	16375000	16375999	4
chr16	16376000	16376999	9
chr16	16377000	16377999	0
chr16	16378000	16378999	22
chr16	16379000	16379999	5
chr16	16380000	16380999	0
chr16	16381000	16381999	0
chr16	16382000	16382999	38
chr16	16383000	16383999	5
chr16	16384000	16384999	12
chr16	16385000	16385999	3
chr16	16386000	16386999	16
chr16	16387000	16387999	14
chr16	16388000	16388999	0
chr16	16389000	16389999	26
chr16	16390000	16390999	5
chr16	16391000	16391999	5
chr16	16392000	16392999	4
chr16	16393000	16393999	0
chr16	16394000	16394999	0
chr16	16395000	16395999	0
chr16	16396000	16396999	0
chr16	16397000	16397999	0
chr16	16398000	16398999	0
chr16	16399000	16399999	6
chr16	16400000	16400999	6
chr16	16401000	16401999	0
chr16	16402000	16402999	7
chr16	16403000	16403999	0
chr16	16404000	16404999	8
chr16	16405000	16405999	0
chr16	16406000	16406999	0
chr16	16407000	16407999	5
chr16	16408000	16408999	22
chr16	16409000	16409999	0
chr16	16410000	16410999	8
chr16	16411000	16411999	2
chr16	16412000	16412999	5
chr16	16413000	16413999	0
chr16	16414000	16414999	2
chr16	16415000	16415999	0
chr16	16416000	16416999	9
chr16	16417000	16417999	0
chr16	16418000	16418999	23
chr16	16419000	16419999	0
chr16	16420000	16420999	13
chr16	16421000	16421999	1
chr16	16422000	16422999	16
chr16	16423000	16423999	0
chr16	16424000	16424999	2
chr16	16425000	16425999	1
chr16	16426000	16426999	19
chr16	16427000	16427999	0
chr16	16428000	16428999	29
chr16	16429000	16429999	0
chr16	16430000	16430999	0
chr16	16431000	16431999	0
chr16	16432000	16432999	3
chr16	16433000	16433999	0
chr16	16434000	16434999	4
chr16	16435000	16435999	4
chr16	16436000	16436999	8
chr16	16437000	16437999	16
chr16	16438000	16438999	11
chr16	16439000	16439999	11
chr16	16440000	16440999	28
chr16	16441000	16441999	6
chr16	16442000	16442999	4
chr16	16443000	16443999	4
chr16	16444000	16444999	0
chr16	16445000	16445999	14
chr16	16446000	16446999	9
chr16	16447000	16447999	0
chr16	16448000	16448999	10
chr16	16449000	16449999	3
chr16	16450000	16450999	0
chr16	16451000	16451999	16
chr16	16452000	16452999	0
chr16	16453000	16453999	14
chr16	16454000	16454999	4
chr16	16455000	16455999	4
chr16	16456000	16456999	6
chr16	16457000	16457999	11
chr16	16458000	16458999	13
chr16	16459000	16459999	0
chr16	16460000	16460999	11
chr16	16461000	16461999	4
chr16	16462000	16462999	12
chr16	16463000	16463999	9
chr16	16464000	16464999	23
chr16	16465000	16465999	0
chr16	16466000	16466999	4
chr16	16467000	16467999	0
chr16	16468000	16468999	20
chr16	16469000	16469999	18
chr16	16470000	16470999	14
chr16	16471000	16471999	0
chr16	16472000	16472999	14
chr16	16473000	16473999	0
chr16	16474000	16474999	42
chr16	16475000	16475999	5
chr16	16476000	16476999	4
chr16	16477000	16477999	21
chr16	16478000	16478999	5
chr16	16479000	16479999	8
chr16	16480000	16480999	4
chr16	16481000	16481999	10
chr16	16482000	16482999	11
chr16	16483000	16483999	3
chr16	16484000	16484999	20
chr16	16485000	16485999	25
chr16	16486000	16486999	10
chr16	16487000	16487999	15
chr16	16488000	16488999	5
chr16	16489000	16489999	4
chr16	16490000	16490999	9
chr16	16491000	16491999	4
chr16	16492000	16492999	35
chr16	16493000	16493999	6
chr16	16494000	16494999	1
chr16	16495000	16495999	0
chr16	16496000	16496999	7
chr16	16497000	16497999	0
chr16	16498000	16498999	5
chr16	16499000	16499999	10
chr16	16500000	16500999	14
chr16	16501000	16501999	25
chr16	16502000	16502999	11
chr16	16503000	16503999	12
chr16	16504000	16504999	6
chr16	16505000	16505999	15
chr16	16506000	16506999	7
chr16	16507000	16507999	0
chr16	16508000	16508999	0
chr16	16509000	16509999	0
chr16	16510000	16510999	0
chr16	16511000	16511999	0
chr16	16512000	16512999	0
chr16	16513000	16513999	0
chr16	16514000	16514999	2
chr16	16515000	16515999	0
chr16	16516000	16516999	0
chr16	16517000	16517999	4
chr16	16518000	16518999	10
chr16	16519000	16519999	20
chr16	16520000	16520999	2
chr16	16521000	16521999	4
chr16	16522000	16522999	23
chr16	16523000	16523999	4
chr16	16524000	16524999	15
chr16	16525000	16525999	27
chr16	16526000	16526999	59
chr16	16527000	16527999	37
chr16	16528000	16528999	28
chr16	16529000	16529999	7
chr16	16530000	16530999	13
chr16	16531000	16531999	10
chr16	16532000	16532999	6
chr16	16533000	16533999	3
chr16	16534000	16534999	24
chr16	16535000	16535999	19
chr16	16536000	16536999	23
chr16	16537000	16537999	8
chr16	16538000	16538999	15
chr16	16539000	16539999	1
chr16	16540000	16540999	17
chr16	16541000	16541999	2
chr16	16542000	16542999	8
chr16	16543000	16543999	43
chr16	16544000	16544999	0
chr16	16545000	16545999	0
chr16	16546000	16546999	7
chr16	16547000	16547999	0
chr16	16548000	16548999	0
chr16	16549000	16549999	9
chr16	16550000	16550999	6
chr16	16551000	16551999	10
chr16	16552000	16552999	15
chr16	16553000	16553999	15
chr16	16554000	16554999	6
chr16	16555000	16555999	6
chr16	16556000	16556999	15
chr16	16557000	16557999	20
chr16	16558000	16558999	30
chr16	16559000	16559999	19
chr16	16560000	16560999	58
chr16	16561000	16561999	8
chr16	16562000	16562999	10
chr16	16563000	16563999	9
chr16	16564000	16564999	0
chr16	16565000	16565999	13
chr16	16566000	16566999	21
chr16	16567000	16567999	13
chr16	16568000	16568999	9
chr16	16569000	16569999	45
chr16	16570000	16570999	18
chr16	16571000	16571999	4
chr16	16572000	16572999	11
chr16	16573000	16573999	30
chr16	16574000	16574999	0
chr16	16575000	16575999	0
chr16	16576000	16576999	21
chr16	16577000	16577999	0
chr16	16578000	16578999	4
chr16	16579000	16579999	8
chr16	16580000	16580999	3
chr16	16581000	16581999	6
chr16	16582000	16582999	25
chr16	16583000	16583999	6
chr16	16584000	16584999	52
chr16	16585000	16585999	18
chr16	16586000	16586999	0
chr16	16587000	16587999	12
chr16	16588000	16588999	2
chr16	16589000	16589999	34
chr16	16590000	16590999	0
chr16	16591000	16591999	4
chr16	16592000	16592999	2
chr16	16593000	16593999	0
chr16	16594000	16594999	4
chr16	16595000	16595999	38
chr16	16596000	16596999	0
chr16	16597000	16597999	8
chr16	16598000	16598999	3
chr16	16599000	16599999	20
chr16	16600000	16600999	60
chr16	16601000	16601999	4
chr16	16602000	16602999	3
chr16	16603000	16603999	3
chr16	16604000	16604999	13
chr16	16605000	16605999	12
chr16	16606000	16606999	4
chr16	16607000	16607999	7
chr16	16608000	16608999	6
chr16	16609000	16609999	3
chr16	16610000	16610999	8
chr16	16611000	16611999	0
chr16	16612000	16612999	21
chr16	16613000	16613999	0
chr16	16614000	16614999	1
chr16	16615000	16615999	25
chr16	16616000	16616999	0
chr16	16617000	16617999	0
chr16	16618000	16618999	6
chr16	16619000	16619999	4
chr16	16620000	16620999	0
chr16	16621000	16621999	2
chr16	16622000	16622999	9
chr16	16623000	16623999	0
chr16	16624000	16624999	10
chr16	16625000	16625999	0
chr16	16626000	16626999	1
chr16	16627000	16627999	1
chr16	16628000	16628999	20
chr16	16629000	16629999	15
chr16	16630000	16630999	23
chr16	16631000	16631999	11
chr16	16632000	16632999	9
chr16	16633000	16633999	5
chr16	16634000	16634999	10
chr16	16635000	16635999	3
chr16	16636000	16636999	0
chr16	16637000	16637999	7
chr16	16638000	16638999	0
chr16	16639000	16639999	14
chr16	16640000	16640999	7
chr16	16641000	16641999	4
chr16	16642000	16642999	5
chr16	16643000	16643999	5
chr16	16644000	16644999	0
chr16	16645000	16645999	14
chr16	16646000	16646999	7
chr16	16647000	16647999	11
chr16	16648000	16648999	6
chr16	16649000	16649999	12
chr16	16650000	16650999	1
chr16	16651000	16651999	17
chr16	16652000	16652999	17
chr16	16653000	16653999	15
chr16	16654000	16654999	5
chr16	16655000	16655999	1
chr16	16656000	16656999	3
chr16	16657000	16657999	0
chr16	16658000	16658999	0
chr16	16659000	16659999	0
chr16	16660000	16660999	0
chr16	16661000	16661999	3
chr16	16662000	16662999	10
chr16	16663000	16663999	15
chr16	16664000	16664999	2
chr16	16665000	16665999	11
chr16	16666000	16666999	21
chr16	16667000	16667999	0
chr16	16668000	16668999	0
chr16	16669000	16669999	3
chr16	16670000	16670999	1
chr16	16671000	16671999	6
chr16	16672000	16672999	1
chr16	16673000	16673999	20
chr16	16674000	16674999	0
chr16	16675000	16675999	10
chr16	16676000	16676999	7
chr16	16677000	16677999	7
chr16	16678000	16678999	29
chr16	16679000	16679999	6
chr16	16680000	16680999	0
chr16	16681000	16681999	0
chr16	16682000	16682999	0
chr16	16683000	16683999	4
chr16	16684000	16684999	0
chr16	16685000	16685999	7
chr16	16686000	16686999	2
chr16	16687000	16687999	12
chr16	16688000	16688999	4
chr16	16689000	16689999	0
chr16	16690000	16690999	14
chr16	16691000	16691999	30
chr16	16692000	16692999	0
chr16	16693000	16693999	10
chr16	16694000	16694999	12
chr16	16695000	16695999	39
chr16	16696000	16696999	0
chr16	16697000	16697999	0
chr16	16698000	16698999	0
chr16	16699000	16699999	9
chr16	16700000	16700999	1
chr16	16701000	16701999	8
chr16	16702000	16702999	0
chr16	16703000	16703999	0
chr16	16704000	16704999	2
chr16	16705000	16705999	5
chr16	16706000	16706999	0
chr16	16707000	16707999	8
chr16	16708000	16708999	12
chr16	16709000	16709999	0
chr16	16710000	16710999	0
chr16	16711000	16711999	9
chr16	16712000	16712999	6
chr16	16713000	16713999	32
chr16	16714000	16714999	11
chr16	16715000	16715999	5
chr16	16716000	16716999	2
chr16	16717000	16717999	10
chr16	16718000	16718999	18
chr16	16719000	16719999	19
chr16	16720000	16720999	17
chr16	16721000	16721999	0
chr16	16722000	16722999	10
chr16	16723000	16723999	5
chr16	16724000	16724999	0
chr16	16725000	16725999	0
chr16	16726000	16726999	12
chr16	16727000	16727999	16
chr16	16728000	16728999	1
chr16	16729000	16729999	19
chr16	16730000	16730999	0
chr16	16731000	16731999	10
chr16	16732000	16732999	15
chr16	16733000	16733999	12
chr16	16734000	16734999	5
chr16	16735000	16735999	10
chr16	16736000	16736999	0
chr16	16737000	16737999	17
chr16	16738000	16738999	6
chr16	16739000	16739999	0
chr16	16740000	16740999	13
chr16	16741000	16741999	14
chr16	16742000	16742999	16
chr16	16743000	16743999	3
chr16	16744000	16744999	21
chr16	16745000	16745999	6
chr16	16746000	16746999	0
chr16	16747000	16747999	20
chr16	16748000	16748999	0
chr16	16749000	16749999	0
chr16	16750000	16750999	0
chr16	16751000	16751999	27
chr16	16752000	16752999	0
chr16	16753000	16753999	8
chr16	16754000	16754999	1
chr16	16755000	16755999	0
chr16	16756000	16756999	19
chr16	16757000	16757999	9
chr16	16758000	16758999	2
chr16	16759000	16759999	8
chr16	16760000	16760999	6
chr16	16761000	16761999	5
chr16	16762000	16762999	3
chr16	16763000	16763999	0
chr16	16764000	16764999	25
chr16	16765000	16765999	13
chr16	16766000	16766999	16
chr16	16767000	16767999	0
chr16	16768000	16768999	0
chr16	16769000	16769999	3
chr16	16770000	16770999	5
chr16	16771000	16771999	11
chr16	16772000	16772999	0
chr16	16773000	16773999	4
chr16	16774000	16774999	2
chr16	16775000	16775999	15
chr16	16776000	16776999	20
chr16	16777000	16777999	11
chr16	16778000	16778999	0
chr16	16779000	16779999	19
chr16	16780000	16780999	9
chr16	16781000	16781999	12
chr16	16782000	16782999	6
chr16	16783000	16783999	5
chr16	16784000	16784999	12
chr16	16785000	16785999	14
chr16	16786000	16786999	1
chr16	16787000	16787999	0
chr16	16788000	16788999	3
chr16	16789000	16789999	6
chr16	16790000	16790999	6
chr16	16791000	16791999	7
chr16	16792000	16792999	0
chr16	16793000	16793999	15
chr16	16794000	16794999	0
chr16	16795000	16795999	0
chr16	16796000	16796999	0
chr16	16797000	16797999	0
chr16	16798000	16798999	0
chr16	16799000	16799999	5
chr16	16800000	16800999	0
chr16	16801000	16801999	7
chr16	16802000	16802999	0
chr16	16803000	16803999	0
chr16	16804000	16804999	0
chr16	16805000	16805999	0
chr16	16806000	16806999	16
chr16	16807000	16807999	2
chr16	16808000	16808999	11
chr16	16809000	16809999	20
chr16	16810000	16810999	0
chr16	16811000	16811999	12
chr16	16812000	16812999	8
chr16	16813000	16813999	9
chr16	16814000	16814999	2
chr16	16815000	16815999	29
chr16	16816000	16816999	0
chr16	16817000	16817999	10
chr16	16818000	16818999	11
chr16	16819000	16819999	0
chr16	16820000	16820999	19
chr16	16821000	16821999	19
chr16	16822000	16822999	7
chr16	16823000	16823999	13
chr16	16824000	16824999	0
chr16	16825000	16825999	2
chr16	16826000	16826999	5
chr16	16827000	16827999	14
chr16	16828000	16828999	40
chr16	16829000	16829999	43
chr16	16830000	16830999	12
chr16	16831000	16831999	11
chr16	16832000	16832999	7
chr16	16833000	16833999	0
chr16	16834000	16834999	0
chr16	16835000	16835999	0
chr16	16836000	16836999	6
chr16	16837000	16837999	0
chr16	16838000	16838999	1
chr16	16839000	16839999	12
chr16	16840000	16840999	0
chr16	16841000	16841999	0
chr16	16842000	16842999	0
chr16	16843000	16843999	8
chr16	16844000	16844999	3
chr16	16845000	16845999	0
chr16	16846000	16846999	21
chr16	16847000	16847999	4
chr16	16848000	16848999	0
chr16	16849000	16849999	21
chr16	16850000	16850999	5
chr16	16851000	16851999	1
chr16	16852000	16852999	14
chr16	16853000	16853999	29
chr16	16854000	16854999	26
chr16	16855000	16855999	59
chr16	16856000	16856999	7
chr16	16857000	16857999	37
chr16	16858000	16858999	2
chr16	16859000	16859999	1
chr16	16860000	16860999	1
chr16	16861000	16861999	15
chr16	16862000	16862999	22
chr16	16863000	16863999	9
chr16	16864000	16864999	15
chr16	16865000	16865999	9
chr16	16866000	16866999	10
chr16	16867000	16867999	26
chr16	16868000	16868999	7
chr16	16869000	16869999	11
chr16	16870000	16870999	85
chr16	16871000	16871999	43
chr16	16872000	16872999	24
chr16	16873000	16873999	9
chr16	16874000	16874999	0
chr16	16875000	16875999	4
chr16	16876000	16876999	12
chr16	16877000	16877999	0
chr16	16878000	16878999	34
chr16	16879000	16879999	0
chr16	16880000	16880999	6
chr16	16881000	16881999	10
chr16	16882000	16882999	6
chr16	16883000	16883999	0
chr16	16884000	16884999	23
chr16	16885000	16885999	38
chr16	16886000	16886999	10
chr16	16887000	16887999	9
chr16	16888000	16888999	17
chr16	16889000	16889999	17
chr16	16890000	16890999	10
chr16	16891000	16891999	9
chr16	16892000	16892999	5
chr16	16893000	16893999	18
chr16	16894000	16894999	11
chr16	16895000	16895999	40
chr16	16896000	16896999	81
chr16	16897000	16897999	7
chr16	16898000	16898999	0
chr16	16899000	16899999	12
chr16	16900000	16900999	23
chr16	16901000	16901999	7
chr16	16902000	16902999	10
chr16	16903000	16903999	16
chr16	16904000	16904999	9
chr16	16905000	16905999	7
chr16	16906000	16906999	9
chr16	16907000	16907999	5
chr16	16908000	16908999	10
chr16	16909000	16909999	13
chr16	16910000	16910999	9
chr16	16911000	16911999	18
chr16	16912000	16912999	76
chr16	16913000	16913999	10
chr16	16914000	16914999	14
chr16	16915000	16915999	4
chr16	16916000	16916999	20
chr16	16917000	16917999	1
chr16	16918000	16918999	28
chr16	16919000	16919999	7
chr16	16920000	16920999	32
chr16	16921000	16921999	55
chr16	16922000	16922999	2
chr16	16923000	16923999	4
chr16	16924000	16924999	11
chr16	16925000	16925999	5
chr16	16926000	16926999	7
chr16	16927000	16927999	7
chr16	16928000	16928999	19
chr16	16929000	16929999	26
chr16	16930000	16930999	4
chr16	16931000	16931999	18
chr16	16932000	16932999	9
chr16	16933000	16933999	9
chr16	16934000	16934999	0
chr16	16935000	16935999	0
chr16	16936000	16936999	0
chr16	16937000	16937999	0
chr16	16938000	16938999	0
chr16	16939000	16939999	2
chr16	16940000	16940999	0
chr16	16941000	16941999	12
chr16	16942000	16942999	12
chr16	16943000	16943999	15
chr16	16944000	16944999	14
chr16	16945000	16945999	4
chr16	16946000	16946999	6
chr16	16947000	16947999	2
chr16	16948000	16948999	1
chr16	16949000	16949999	11
chr16	16950000	16950999	0
chr16	16951000	16951999	0
chr16	16952000	16952999	0
chr16	16953000	16953999	14
chr16	16954000	16954999	6
chr16	16955000	16955999	19
chr16	16956000	16956999	12
chr16	16957000	16957999	0
chr16	16958000	16958999	12
chr16	16959000	16959999	8
chr16	16960000	16960999	7
chr16	16961000	16961999	0
chr16	16962000	16962999	11
chr16	16963000	16963999	0
chr16	16964000	16964999	0
chr16	16965000	16965999	1
chr16	16966000	16966999	14
chr16	16967000	16967999	18
chr16	16968000	16968999	0
chr16	16969000	16969999	11
chr16	16970000	16970999	11
chr16	16971000	16971999	31
chr16	16972000	16972999	9
chr16	16973000	16973999	7
chr16	16974000	16974999	3
chr16	16975000	16975999	1
chr16	16976000	16976999	0
chr16	16977000	16977999	0
chr16	16978000	16978999	1
chr16	16979000	16979999	15
chr16	16980000	16980999	6
chr16	16981000	16981999	2
chr16	16982000	16982999	41
chr16	16983000	16983999	137
chr16	16984000	16984999	9
chr16	16985000	16985999	17
chr16	16986000	16986999	25
chr16	16987000	16987999	15
chr16	16988000	16988999	9
chr16	16989000	16989999	17
chr16	16990000	16990999	41
chr16	16991000	16991999	0
chr16	16992000	16992999	6
chr16	16993000	16993999	0
chr16	16994000	16994999	33
chr16	16995000	16995999	6
chr16	16996000	16996999	10
chr16	16997000	16997999	17
chr16	16998000	16998999	2
chr16	16999000	16999999	0
chr16	17000000	17000999	16
chr16	17001000	17001999	0
chr16	17002000	17002999	2
chr16	17003000	17003999	0
chr16	17004000	17004999	7
chr16	17005000	17005999	18
chr16	17006000	17006999	6
chr16	17007000	17007999	0
chr16	17008000	17008999	7
chr16	17009000	17009999	26
chr16	17010000	17010999	0
chr16	17011000	17011999	10
chr16	17012000	17012999	15
chr16	17013000	17013999	16
chr16	17014000	17014999	9
chr16	17015000	17015999	14
chr16	17016000	17016999	26
chr16	17017000	17017999	32
chr16	17018000	17018999	7
chr16	17019000	17019999	17
chr16	17020000	17020999	0
chr16	17021000	17021999	25
chr16	17022000	17022999	21
chr16	17023000	17023999	23
chr16	17024000	17024999	36
chr16	17025000	17025999	5
chr16	17026000	17026999	0
chr16	17027000	17027999	1
chr16	17028000	17028999	3
chr16	17029000	17029999	12
chr16	17030000	17030999	0
chr16	17031000	17031999	0
chr16	17032000	17032999	0
chr16	17033000	17033999	31
chr16	17034000	17034999	6
chr16	17035000	17035999	26
chr16	17036000	17036999	9
chr16	17037000	17037999	13
chr16	17038000	17038999	2
chr16	17039000	17039999	42
chr16	17040000	17040999	2
chr16	17041000	17041999	0
chr16	17042000	17042999	28
chr16	17043000	17043999	1
chr16	17044000	17044999	4
chr16	17045000	17045999	22
chr16	17046000	17046999	5
chr16	17047000	17047999	6
chr16	17048000	17048999	38
chr16	17049000	17049999	8
chr16	17050000	17050999	20
chr16	17051000	17051999	9
chr16	17052000	17052999	28
chr16	17053000	17053999	8
chr16	17054000	17054999	6
chr16	17055000	17055999	11
chr16	17056000	17056999	8
chr16	17057000	17057999	5
chr16	17058000	17058999	2
chr16	17059000	17059999	0
chr16	17060000	17060999	30
chr16	17061000	17061999	3
chr16	17062000	17062999	25
chr16	17063000	17063999	7
chr16	17064000	17064999	7
chr16	17065000	17065999	9
chr16	17066000	17066999	16
chr16	17067000	17067999	11
chr16	17068000	17068999	15
chr16	17069000	17069999	19
chr16	17070000	17070999	39
chr16	17071000	17071999	7
chr16	17072000	17072999	0
chr16	17073000	17073999	7
chr16	17074000	17074999	5
chr16	17075000	17075999	6
chr16	17076000	17076999	0
chr16	17077000	17077999	6
chr16	17078000	17078999	26
chr16	17079000	17079999	0
chr16	17080000	17080999	4
chr16	17081000	17081999	10
chr16	17082000	17082999	24
chr16	17083000	17083999	23
chr16	17084000	17084999	18
chr16	17085000	17085999	43
chr16	17086000	17086999	20
chr16	17087000	17087999	6
chr16	17088000	17088999	12
chr16	17089000	17089999	8
chr16	17090000	17090999	0
chr16	17091000	17091999	5
chr16	17092000	17092999	12
chr16	17093000	17093999	4
chr16	17094000	17094999	9
chr16	17095000	17095999	10
chr16	17096000	17096999	6
chr16	17097000	17097999	12
chr16	17098000	17098999	0
chr16	17099000	17099999	20
chr16	17100000	17100999	14
chr16	17101000	17101999	12
chr16	17102000	17102999	5
chr16	17103000	17103999	1
chr16	17104000	17104999	15
chr16	17105000	17105999	2
chr16	17106000	17106999	0
chr16	17107000	17107999	34
chr16	17108000	17108999	3
chr16	17109000	17109999	11
chr16	17110000	17110999	34
chr16	17111000	17111999	25
chr16	17112000	17112999	45
chr16	17113000	17113999	16
chr16	17114000	17114999	10
chr16	17115000	17115999	5
chr16	17116000	17116999	11
chr16	17117000	17117999	6
chr16	17118000	17118999	1
chr16	17119000	17119999	0
chr16	17120000	17120999	5
chr16	17121000	17121999	4
chr16	17122000	17122999	21
chr16	17123000	17123999	5
chr16	17124000	17124999	29
chr16	17125000	17125999	70
chr16	17126000	17126999	0
chr16	17127000	17127999	14
chr16	17128000	17128999	12
chr16	17129000	17129999	19
chr16	17130000	17130999	2
chr16	17131000	17131999	21
chr16	17132000	17132999	142
chr16	17133000	17133999	8
chr16	17134000	17134999	5
chr16	17135000	17135999	0
chr16	17136000	17136999	7
chr16	17137000	17137999	17
chr16	17138000	17138999	4
chr16	17139000	17139999	12
chr16	17140000	17140999	0
chr16	17141000	17141999	13
chr16	17142000	17142999	7
chr16	17143000	17143999	3
chr16	17144000	17144999	14
chr16	17145000	17145999	13
chr16	17146000	17146999	29
chr16	17147000	17147999	44
chr16	17148000	17148999	8
chr16	17149000	17149999	5
chr16	17150000	17150999	31
chr16	17151000	17151999	9
chr16	17152000	17152999	10
chr16	17153000	17153999	3
chr16	17154000	17154999	6
chr16	17155000	17155999	6
chr16	17156000	17156999	3
chr16	17157000	17157999	11
chr16	17158000	17158999	12
chr16	17159000	17159999	8
chr16	17160000	17160999	8
chr16	17161000	17161999	2
chr16	17162000	17162999	21
chr16	17163000	17163999	6
chr16	17164000	17164999	4
chr16	17165000	17165999	23
chr16	17166000	17166999	9
chr16	17167000	17167999	4
chr16	17168000	17168999	13
chr16	17169000	17169999	16
chr16	17170000	17170999	14
chr16	17171000	17171999	22
chr16	17172000	17172999	0
chr16	17173000	17173999	0
chr16	17174000	17174999	1
chr16	17175000	17175999	5
chr16	17176000	17176999	11
chr16	17177000	17177999	0
chr16	17178000	17178999	0
chr16	17179000	17179999	3
chr16	17180000	17180999	10
chr16	17181000	17181999	38
chr16	17182000	17182999	15
chr16	17183000	17183999	0
chr16	17184000	17184999	10
chr16	17185000	17185999	3
chr16	17186000	17186999	22
chr16	17187000	17187999	0
chr16	17188000	17188999	6
chr16	17189000	17189999	0
chr16	17190000	17190999	3
chr16	17191000	17191999	7
chr16	17192000	17192999	38
chr16	17193000	17193999	5
chr16	17194000	17194999	9
chr16	17195000	17195999	0
chr16	17196000	17196999	17
chr16	17197000	17197999	3
chr16	17198000	17198999	4
chr16	17199000	17199999	3
chr16	17200000	17200999	26
chr16	17201000	17201999	49
chr16	17202000	17202999	0
chr16	17203000	17203999	0
chr16	17204000	17204999	14
chr16	17205000	17205999	21
chr16	17206000	17206999	44
chr16	17207000	17207999	0
chr16	17208000	17208999	27
chr16	17209000	17209999	44
chr16	17210000	17210999	23
chr16	17211000	17211999	14
chr16	17212000	17212999	17
chr16	17213000	17213999	11
chr16	17214000	17214999	16
chr16	17215000	17215999	0
chr16	17216000	17216999	13
chr16	17217000	17217999	12
chr16	17218000	17218999	28
chr16	17219000	17219999	4
chr16	17220000	17220999	24
chr16	17221000	17221999	35
chr16	17222000	17222999	49
chr16	17223000	17223999	9
chr16	17224000	17224999	2
chr16	17225000	17225999	0
chr16	17226000	17226999	0
chr16	17227000	17227999	0
chr16	17228000	17228999	10
chr16	17229000	17229999	1
chr16	17230000	17230999	10
chr16	17231000	17231999	4
chr16	17232000	17232999	17
chr16	17233000	17233999	35
chr16	17234000	17234999	16
chr16	17235000	17235999	85
chr16	17236000	17236999	10
chr16	17237000	17237999	8
chr16	17238000	17238999	16
chr16	17239000	17239999	16
chr16	17240000	17240999	1
chr16	17241000	17241999	0
chr16	17242000	17242999	9
chr16	17243000	17243999	9
chr16	17244000	17244999	2
chr16	17245000	17245999	24
chr16	17246000	17246999	12
chr16	17247000	17247999	14
chr16	17248000	17248999	42
chr16	17249000	17249999	39
chr16	17250000	17250999	10
chr16	17251000	17251999	23
chr16	17252000	17252999	17
chr16	17253000	17253999	12
chr16	17254000	17254999	21
chr16	17255000	17255999	5
chr16	17256000	17256999	9
chr16	17257000	17257999	11
chr16	17258000	17258999	18
chr16	17259000	17259999	1
chr16	17260000	17260999	18
chr16	17261000	17261999	0
chr16	17262000	17262999	10
chr16	17263000	17263999	3
chr16	17264000	17264999	13
chr16	17265000	17265999	2
chr16	17266000	17266999	2
chr16	17267000	17267999	6
chr16	17268000	17268999	14
chr16	17269000	17269999	10
chr16	17270000	17270999	15
chr16	17271000	17271999	5
chr16	17272000	17272999	40
chr16	17273000	17273999	9
chr16	17274000	17274999	10
chr16	17275000	17275999	11
chr16	17276000	17276999	66
chr16	17277000	17277999	37
chr16	17278000	17278999	35
chr16	17279000	17279999	13
chr16	17280000	17280999	1
chr16	17281000	17281999	4
chr16	17282000	17282999	17
chr16	17283000	17283999	2
chr16	17284000	17284999	18
chr16	17285000	17285999	13
chr16	17286000	17286999	16
chr16	17287000	17287999	4
chr16	17288000	17288999	0
chr16	17289000	17289999	11
chr16	17290000	17290999	3
chr16	17291000	17291999	17
chr16	17292000	17292999	25
chr16	17293000	17293999	17
chr16	17294000	17294999	12
chr16	17295000	17295999	0
chr16	17296000	17296999	2
chr16	17297000	17297999	13
chr16	17298000	17298999	7
chr16	17299000	17299999	3
chr16	17300000	17300999	21
chr16	17301000	17301999	0
chr16	17302000	17302999	27
chr16	17303000	17303999	5
chr16	17304000	17304999	28
chr16	17305000	17305999	5
chr16	17306000	17306999	10
chr16	17307000	17307999	0
chr16	17308000	17308999	10
chr16	17309000	17309999	11
chr16	17310000	17310999	8
chr16	17311000	17311999	6
chr16	17312000	17312999	29
chr16	17313000	17313999	22
chr16	17314000	17314999	15
chr16	17315000	17315999	0
chr16	17316000	17316999	4
chr16	17317000	17317999	9
chr16	17318000	17318999	10
chr16	17319000	17319999	0
chr16	17320000	17320999	1
chr16	17321000	17321999	1
chr16	17322000	17322999	11
chr16	17323000	17323999	1
chr16	17324000	17324999	1
chr16	17325000	17325999	10
chr16	17326000	17326999	5
chr16	17327000	17327999	0
chr16	17328000	17328999	12
chr16	17329000	17329999	6
chr16	17330000	17330999	23
chr16	17331000	17331999	12
chr16	17332000	17332999	17
chr16	17333000	17333999	0
chr16	17334000	17334999	0
chr16	17335000	17335999	17
chr16	17336000	17336999	4
chr16	17337000	17337999	16
chr16	17338000	17338999	0
chr16	17339000	17339999	14
chr16	17340000	17340999	13
chr16	17341000	17341999	10
chr16	17342000	17342999	21
chr16	17343000	17343999	0
chr16	17344000	17344999	9
chr16	17345000	17345999	7
chr16	17346000	17346999	4
chr16	17347000	17347999	6
chr16	17348000	17348999	8
chr16	17349000	17349999	4
chr16	17350000	17350999	18
chr16	17351000	17351999	15
chr16	17352000	17352999	1
chr16	17353000	17353999	12
chr16	17354000	17354999	16
chr16	17355000	17355999	10
chr16	17356000	17356999	9
chr16	17357000	17357999	16
chr16	17358000	17358999	0
chr16	17359000	17359999	14
chr16	17360000	17360999	38
chr16	17361000	17361999	7
chr16	17362000	17362999	17
chr16	17363000	17363999	2
chr16	17364000	17364999	30
chr16	17365000	17365999	25
chr16	17366000	17366999	26
chr16	17367000	17367999	34
chr16	17368000	17368999	4
chr16	17369000	17369999	3
chr16	17370000	17370999	52
chr16	17371000	17371999	9
chr16	17372000	17372999	3
chr16	17373000	17373999	3
chr16	17374000	17374999	8
chr16	17375000	17375999	8
chr16	17376000	17376999	13
chr16	17377000	17377999	0
chr16	17378000	17378999	15
chr16	17379000	17379999	26
chr16	17380000	17380999	10
chr16	17381000	17381999	0
chr16	17382000	17382999	0
chr16	17383000	17383999	10
chr16	17384000	17384999	0
chr16	17385000	17385999	7
chr16	17386000	17386999	8
chr16	17387000	17387999	3
chr16	17388000	17388999	0
chr16	17389000	17389999	7
chr16	17390000	17390999	19
chr16	17391000	17391999	20
chr16	17392000	17392999	0
chr16	17393000	17393999	11
chr16	17394000	17394999	24
chr16	17395000	17395999	10
chr16	17396000	17396999	3
chr16	17397000	17397999	8
chr16	17398000	17398999	17
chr16	17399000	17399999	11
chr16	17400000	17400999	4
chr16	17401000	17401999	5
chr16	17402000	17402999	11
chr16	17403000	17403999	22
chr16	17404000	17404999	10
chr16	17405000	17405999	123
chr16	17406000	17406999	131
chr16	17407000	17407999	48
chr16	17408000	17408999	15
chr16	17409000	17409999	42
chr16	17410000	17410999	20
chr16	17411000	17411999	0
chr16	17412000	17412999	0
chr16	17413000	17413999	0
chr16	17414000	17414999	29
chr16	17415000	17415999	20
chr16	17416000	17416999	14
chr16	17417000	17417999	15
chr16	17418000	17418999	14
chr16	17419000	17419999	17
chr16	17420000	17420999	5
chr16	17421000	17421999	21
chr16	17422000	17422999	7
chr16	17423000	17423999	27
chr16	17424000	17424999	9
chr16	17425000	17425999	13
chr16	17426000	17426999	6
chr16	17427000	17427999	8
chr16	17428000	17428999	6
chr16	17429000	17429999	0
chr16	17430000	17430999	13
chr16	17431000	17431999	11
chr16	17432000	17432999	5
chr16	17433000	17433999	6
chr16	17434000	17434999	12
chr16	17435000	17435999	18
chr16	17436000	17436999	7
chr16	17437000	17437999	11
chr16	17438000	17438999	18
chr16	17439000	17439999	3
chr16	17440000	17440999	6
chr16	17441000	17441999	3
chr16	17442000	17442999	3
chr16	17443000	17443999	0
chr16	17444000	17444999	0
chr16	17445000	17445999	9
chr16	17446000	17446999	2
chr16	17447000	17447999	2
chr16	17448000	17448999	11
chr16	17449000	17449999	0
chr16	17450000	17450999	9
chr16	17451000	17451999	135
chr16	17452000	17452999	56
chr16	17453000	17453999	38
chr16	17454000	17454999	41
chr16	17455000	17455999	22
chr16	17456000	17456999	0
chr16	17457000	17457999	12
chr16	17458000	17458999	7
chr16	17459000	17459999	9
chr16	17460000	17460999	14
chr16	17461000	17461999	21
chr16	17462000	17462999	10
chr16	17463000	17463999	9
chr16	17464000	17464999	0
chr16	17465000	17465999	12
chr16	17466000	17466999	0
chr16	17467000	17467999	11
chr16	17468000	17468999	19
chr16	17469000	17469999	17
chr16	17470000	17470999	3
chr16	17471000	17471999	9
chr16	17472000	17472999	13
chr16	17473000	17473999	5
chr16	17474000	17474999	69
chr16	17475000	17475999	13
chr16	17476000	17476999	3
chr16	17477000	17477999	11
chr16	17478000	17478999	2
chr16	17479000	17479999	2
chr16	17480000	17480999	9
chr16	17481000	17481999	9
chr16	17482000	17482999	6
chr16	17483000	17483999	6
chr16	17484000	17484999	36
chr16	17485000	17485999	11
chr16	17486000	17486999	0
chr16	17487000	17487999	11
chr16	17488000	17488999	23
chr16	17489000	17489999	46
chr16	17490000	17490999	17
chr16	17491000	17491999	17
chr16	17492000	17492999	58
chr16	17493000	17493999	4
chr16	17494000	17494999	3
chr16	17495000	17495999	27
chr16	17496000	17496999	3
chr16	17497000	17497999	15
chr16	17498000	17498999	17
chr16	17499000	17499999	0
chr16	17500000	17500999	14
chr16	17501000	17501999	24
chr16	17502000	17502999	16
chr16	17503000	17503999	20
chr16	17504000	17504999	8
chr16	17505000	17505999	2
chr16	17506000	17506999	8
chr16	17507000	17507999	0
chr16	17508000	17508999	117
chr16	17509000	17509999	53
chr16	17510000	17510999	18
chr16	17511000	17511999	5
chr16	17512000	17512999	3
chr16	17513000	17513999	24
chr16	17514000	17514999	16
chr16	17515000	17515999	8
chr16	17516000	17516999	32
chr16	17517000	17517999	6
chr16	17518000	17518999	12
chr16	17519000	17519999	0
chr16	17520000	17520999	3
chr16	17521000	17521999	0
chr16	17522000	17522999	11
chr16	17523000	17523999	0
chr16	17524000	17524999	2
chr16	17525000	17525999	11
chr16	17526000	17526999	0
chr16	17527000	17527999	1
chr16	17528000	17528999	2
chr16	17529000	17529999	8
chr16	17530000	17530999	87
chr16	17531000	17531999	30
chr16	17532000	17532999	2
chr16	17533000	17533999	0
chr16	17534000	17534999	0
chr16	17535000	17535999	0
chr16	17536000	17536999	0
chr16	17537000	17537999	7
chr16	17538000	17538999	12
chr16	17539000	17539999	44
chr16	17540000	17540999	1
chr16	17541000	17541999	11
chr16	17542000	17542999	3
chr16	17543000	17543999	0
chr16	17544000	17544999	37
chr16	17545000	17545999	8
chr16	17546000	17546999	15
chr16	17547000	17547999	12
chr16	17548000	17548999	8
chr16	17549000	17549999	16
chr16	17550000	17550999	7
chr16	17551000	17551999	1
chr16	17552000	17552999	16
chr16	17553000	17553999	31
chr16	17554000	17554999	73
chr16	17555000	17555999	7
chr16	17556000	17556999	9
chr16	17557000	17557999	25
chr16	17558000	17558999	52
chr16	17559000	17559999	33
chr16	17560000	17560999	4
chr16	17561000	17561999	50
chr16	17562000	17562999	6
chr16	17563000	17563999	2
chr16	17564000	17564999	49
chr16	17565000	17565999	39
chr16	17566000	17566999	14
chr16	17567000	17567999	10
chr16	17568000	17568999	1
chr16	17569000	17569999	30
chr16	17570000	17570999	29
chr16	17571000	17571999	2
chr16	17572000	17572999	24
chr16	17573000	17573999	6
chr16	17574000	17574999	21
chr16	17575000	17575999	37
chr16	17576000	17576999	117
chr16	17577000	17577999	21
chr16	17578000	17578999	4
chr16	17579000	17579999	29
chr16	17580000	17580999	0
chr16	17581000	17581999	6
chr16	17582000	17582999	11
chr16	17583000	17583999	28
chr16	17584000	17584999	22
chr16	17585000	17585999	12
chr16	17586000	17586999	0
chr16	17587000	17587999	4
chr16	17588000	17588999	0
chr16	17589000	17589999	32
chr16	17590000	17590999	17
chr16	17591000	17591999	9
chr16	17592000	17592999	1
chr16	17593000	17593999	12
chr16	17594000	17594999	21
chr16	17595000	17595999	12
chr16	17596000	17596999	37
chr16	17597000	17597999	26
chr16	17598000	17598999	14
chr16	17599000	17599999	6
chr16	17600000	17600999	16
chr16	17601000	17601999	47
chr16	17602000	17602999	0
chr16	17603000	17603999	18
chr16	17604000	17604999	0
chr16	17605000	17605999	17
chr16	17606000	17606999	28
chr16	17607000	17607999	7
chr16	17608000	17608999	7
chr16	17609000	17609999	7
chr16	17610000	17610999	9
chr16	17611000	17611999	0
chr16	17612000	17612999	5
chr16	17613000	17613999	0
chr16	17614000	17614999	12
chr16	17615000	17615999	7
chr16	17616000	17616999	39
chr16	17617000	17617999	0
chr16	17618000	17618999	25
chr16	17619000	17619999	51
chr16	17620000	17620999	0
chr16	17621000	17621999	10
chr16	17622000	17622999	11
chr16	17623000	17623999	9
chr16	17624000	17624999	3
chr16	17625000	17625999	18
chr16	17626000	17626999	15
chr16	17627000	17627999	8
chr16	17628000	17628999	17
chr16	17629000	17629999	6
chr16	17630000	17630999	18
chr16	17631000	17631999	0
chr16	17632000	17632999	12
chr16	17633000	17633999	11
chr16	17634000	17634999	5
chr16	17635000	17635999	27
chr16	17636000	17636999	22
chr16	17637000	17637999	25
chr16	17638000	17638999	14
chr16	17639000	17639999	0
chr16	17640000	17640999	4
chr16	17641000	17641999	12
chr16	17642000	17642999	24
chr16	17643000	17643999	16
chr16	17644000	17644999	6
chr16	17645000	17645999	30
chr16	17646000	17646999	64
chr16	17647000	17647999	14
chr16	17648000	17648999	38
chr16	17649000	17649999	28
chr16	17650000	17650999	20
chr16	17651000	17651999	34
chr16	17652000	17652999	14
chr16	17653000	17653999	7
chr16	17654000	17654999	11
chr16	17655000	17655999	21
chr16	17656000	17656999	9
chr16	17657000	17657999	1
chr16	17658000	17658999	2
chr16	17659000	17659999	10
chr16	17660000	17660999	6
chr16	17661000	17661999	0
chr16	17662000	17662999	3
chr16	17663000	17663999	7
chr16	17664000	17664999	0
chr16	17665000	17665999	20
chr16	17666000	17666999	14
chr16	17667000	17667999	0
chr16	17668000	17668999	20
chr16	17669000	17669999	11
chr16	17670000	17670999	13
chr16	17671000	17671999	2
chr16	17672000	17672999	29
chr16	17673000	17673999	29
chr16	17674000	17674999	11
chr16	17675000	17675999	0
chr16	17676000	17676999	2
chr16	17677000	17677999	7
chr16	17678000	17678999	0
chr16	17679000	17679999	16
chr16	17680000	17680999	12
chr16	17681000	17681999	18
chr16	17682000	17682999	25
chr16	17683000	17683999	18
chr16	17684000	17684999	7
chr16	17685000	17685999	30
chr16	17686000	17686999	12
chr16	17687000	17687999	17
chr16	17688000	17688999	0
chr16	17689000	17689999	0
chr16	17690000	17690999	11
chr16	17691000	17691999	13
chr16	17692000	17692999	15
chr16	17693000	17693999	28
chr16	17694000	17694999	4
chr16	17695000	17695999	9
chr16	17696000	17696999	14
chr16	17697000	17697999	5
chr16	17698000	17698999	12
chr16	17699000	17699999	13
chr16	17700000	17700999	5
chr16	17701000	17701999	8
chr16	17702000	17702999	19
chr16	17703000	17703999	7
chr16	17704000	17704999	9
chr16	17705000	17705999	4
chr16	17706000	17706999	21
chr16	17707000	17707999	21
chr16	17708000	17708999	3
chr16	17709000	17709999	0
chr16	17710000	17710999	7
chr16	17711000	17711999	5
chr16	17712000	17712999	5
chr16	17713000	17713999	0
chr16	17714000	17714999	8
chr16	17715000	17715999	18
chr16	17716000	17716999	11
chr16	17717000	17717999	17
chr16	17718000	17718999	28
chr16	17719000	17719999	2
chr16	17720000	17720999	0
chr16	17721000	17721999	9
chr16	17722000	17722999	108
chr16	17723000	17723999	39
chr16	17724000	17724999	13
chr16	17725000	17725999	40
chr16	17726000	17726999	23
chr16	17727000	17727999	45
chr16	17728000	17728999	8
chr16	17729000	17729999	10
chr16	17730000	17730999	21
chr16	17731000	17731999	10
chr16	17732000	17732999	31
chr16	17733000	17733999	13
chr16	17734000	17734999	14
chr16	17735000	17735999	4
chr16	17736000	17736999	0
chr16	17737000	17737999	7
chr16	17738000	17738999	12
chr16	17739000	17739999	0
chr16	17740000	17740999	17
chr16	17741000	17741999	25
chr16	17742000	17742999	11
chr16	17743000	17743999	101
chr16	17744000	17744999	46
chr16	17745000	17745999	4
chr16	17746000	17746999	13
chr16	17747000	17747999	9
chr16	17748000	17748999	27
chr16	17749000	17749999	48
chr16	17750000	17750999	11
chr16	17751000	17751999	0
chr16	17752000	17752999	5
chr16	17753000	17753999	9
chr16	17754000	17754999	2
chr16	17755000	17755999	11
chr16	17756000	17756999	20
chr16	17757000	17757999	71
chr16	17758000	17758999	15
chr16	17759000	17759999	78
chr16	17760000	17760999	22
chr16	17761000	17761999	6
chr16	17762000	17762999	13
chr16	17763000	17763999	1
chr16	17764000	17764999	7
chr16	17765000	17765999	32
chr16	17766000	17766999	20
chr16	17767000	17767999	16
chr16	17768000	17768999	40
chr16	17769000	17769999	22
chr16	17770000	17770999	21
chr16	17771000	17771999	4
chr16	17772000	17772999	36
chr16	17773000	17773999	14
chr16	17774000	17774999	23
chr16	17775000	17775999	30
chr16	17776000	17776999	34
chr16	17777000	17777999	1
chr16	17778000	17778999	3
chr16	17779000	17779999	17
chr16	17780000	17780999	0
chr16	17781000	17781999	4
chr16	17782000	17782999	8
chr16	17783000	17783999	4
chr16	17784000	17784999	31
chr16	17785000	17785999	31
chr16	17786000	17786999	0
chr16	17787000	17787999	14
chr16	17788000	17788999	4
chr16	17789000	17789999	8
chr16	17790000	17790999	6
chr16	17791000	17791999	12
chr16	17792000	17792999	9
chr16	17793000	17793999	7
chr16	17794000	17794999	1
chr16	17795000	17795999	14
chr16	17796000	17796999	22
chr16	17797000	17797999	30
chr16	17798000	17798999	14
chr16	17799000	17799999	10
chr16	17800000	17800999	8
chr16	17801000	17801999	5
chr16	17802000	17802999	49
chr16	17803000	17803999	55
chr16	17804000	17804999	44
chr16	17805000	17805999	15
chr16	17806000	17806999	7
chr16	17807000	17807999	66
chr16	17808000	17808999	18
chr16	17809000	17809999	37
chr16	17810000	17810999	6
chr16	17811000	17811999	14
chr16	17812000	17812999	28
chr16	17813000	17813999	0
chr16	17814000	17814999	35
chr16	17815000	17815999	68
chr16	17816000	17816999	34
chr16	17817000	17817999	44
chr16	17818000	17818999	12
chr16	17819000	17819999	0
chr16	17820000	17820999	0
chr16	17821000	17821999	24
chr16	17822000	17822999	11
chr16	17823000	17823999	0
chr16	17824000	17824999	0
chr16	17825000	17825999	25
chr16	17826000	17826999	8
chr16	17827000	17827999	16
chr16	17828000	17828999	20
chr16	17829000	17829999	13
chr16	17830000	17830999	22
chr16	17831000	17831999	0
chr16	17832000	17832999	6
chr16	17833000	17833999	8
chr16	17834000	17834999	23
chr16	17835000	17835999	41
chr16	17836000	17836999	5
chr16	17837000	17837999	8
chr16	17838000	17838999	32
chr16	17839000	17839999	0
chr16	17840000	17840999	5
chr16	17841000	17841999	40
chr16	17842000	17842999	4
chr16	17843000	17843999	5
chr16	17844000	17844999	13
chr16	17845000	17845999	20
chr16	17846000	17846999	0
chr16	17847000	17847999	0
chr16	17848000	17848999	1
chr16	17849000	17849999	13
chr16	17850000	17850999	3
chr16	17851000	17851999	6
chr16	17852000	17852999	2
chr16	17853000	17853999	9
chr16	17854000	17854999	10
chr16	17855000	17855999	0
chr16	17856000	17856999	27
chr16	17857000	17857999	17
chr16	17858000	17858999	33
chr16	17859000	17859999	28
chr16	17860000	17860999	17
chr16	17861000	17861999	0
chr16	17862000	17862999	2
chr16	17863000	17863999	12
chr16	17864000	17864999	23
chr16	17865000	17865999	20
chr16	17866000	17866999	12
chr16	17867000	17867999	1
chr16	17868000	17868999	30
chr16	17869000	17869999	6
chr16	17870000	17870999	10
chr16	17871000	17871999	9
chr16	17872000	17872999	24
chr16	17873000	17873999	3
chr16	17874000	17874999	4
chr16	17875000	17875999	30
chr16	17876000	17876999	9
chr16	17877000	17877999	29
chr16	17878000	17878999	14
chr16	17879000	17879999	52
chr16	17880000	17880999	22
chr16	17881000	17881999	48
chr16	17882000	17882999	53
chr16	17883000	17883999	4
chr16	17884000	17884999	24
chr16	17885000	17885999	20
chr16	17886000	17886999	14
chr16	17887000	17887999	5
chr16	17888000	17888999	10
chr16	17889000	17889999	34
chr16	17890000	17890999	62
chr16	17891000	17891999	88
chr16	17892000	17892999	74
chr16	17893000	17893999	11
chr16	17894000	17894999	49
chr16	17895000	17895999	20
chr16	17896000	17896999	8
chr16	17897000	17897999	10
chr16	17898000	17898999	1
chr16	17899000	17899999	4
chr16	17900000	17900999	26
chr16	17901000	17901999	14
chr16	17902000	17902999	47
chr16	17903000	17903999	8
chr16	17904000	17904999	29
chr16	17905000	17905999	19
chr16	17906000	17906999	4
chr16	17907000	17907999	8
chr16	17908000	17908999	0
chr16	17909000	17909999	5
chr16	17910000	17910999	23
chr16	17911000	17911999	62
chr16	17912000	17912999	3
chr16	17913000	17913999	28
chr16	17914000	17914999	10
chr16	17915000	17915999	16
chr16	17916000	17916999	19
chr16	17917000	17917999	16
chr16	17918000	17918999	2
chr16	17919000	17919999	16
chr16	17920000	17920999	28
chr16	17921000	17921999	91
chr16	17922000	17922999	41
chr16	17923000	17923999	33
chr16	17924000	17924999	16
chr16	17925000	17925999	17
chr16	17926000	17926999	51
chr16	17927000	17927999	35
chr16	17928000	17928999	108
chr16	17929000	17929999	19
chr16	17930000	17930999	11
chr16	17931000	17931999	31
chr16	17932000	17932999	37
chr16	17933000	17933999	17
chr16	17934000	17934999	57
chr16	17935000	17935999	17
chr16	17936000	17936999	121
chr16	17937000	17937999	80
chr16	17938000	17938999	72
chr16	17939000	17939999	163
chr16	17940000	17940999	15
chr16	17941000	17941999	0
chr16	17942000	17942999	15
chr16	17943000	17943999	26
chr16	17944000	17944999	1
chr16	17945000	17945999	0
chr16	17946000	17946999	21
chr16	17947000	17947999	5
chr16	17948000	17948999	46
chr16	17949000	17949999	35
chr16	17950000	17950999	7
chr16	17951000	17951999	0
chr16	17952000	17952999	2
chr16	17953000	17953999	0
chr16	17954000	17954999	0
chr16	17955000	17955999	0
chr16	17956000	17956999	9
chr16	17957000	17957999	9
chr16	17958000	17958999	6
chr16	17959000	17959999	0
chr16	17960000	17960999	14
chr16	17961000	17961999	4
chr16	17962000	17962999	12
chr16	17963000	17963999	9
chr16	17964000	17964999	0
chr16	17965000	17965999	9
chr16	17966000	17966999	0
chr16	17967000	17967999	0
chr16	17968000	17968999	17
chr16	17969000	17969999	7
chr16	17970000	17970999	15
chr16	17971000	17971999	5
chr16	17972000	17972999	6
chr16	17973000	17973999	0
chr16	17974000	17974999	5
chr16	17975000	17975999	14
chr16	17976000	17976999	2
chr16	17977000	17977999	2
chr16	17978000	17978999	20
chr16	17979000	17979999	17
chr16	17980000	17980999	2
chr16	17981000	17981999	11
chr16	17982000	17982999	0
chr16	17983000	17983999	7
chr16	17984000	17984999	1
chr16	17985000	17985999	6
chr16	17986000	17986999	83
chr16	17987000	17987999	18
chr16	17988000	17988999	14
chr16	17989000	17989999	22
chr16	17990000	17990999	2
chr16	17991000	17991999	21
chr16	17992000	17992999	8
chr16	17993000	17993999	0
chr16	17994000	17994999	6
chr16	17995000	17995999	0
chr16	17996000	17996999	33
chr16	17997000	17997999	19
chr16	17998000	17998999	3
chr16	17999000	17999999	18
chr16	18000000	18000999	4
chr16	18001000	18001999	14
chr16	18002000	18002999	9
chr16	18003000	18003999	9
chr16	18004000	18004999	29
chr16	18005000	18005999	2
chr16	18006000	18006999	0
chr16	18007000	18007999	0
chr16	18008000	18008999	14
chr16	18009000	18009999	6
chr16	18010000	18010999	7
chr16	18011000	18011999	9
chr16	18012000	18012999	10
chr16	18013000	18013999	15
chr16	18014000	18014999	9
chr16	18015000	18015999	12
chr16	18016000	18016999	0
chr16	18017000	18017999	4
chr16	18018000	18018999	0
chr16	18019000	18019999	0
chr16	18020000	18020999	0
chr16	18021000	18021999	12
chr16	18022000	18022999	7
chr16	18023000	18023999	27
chr16	18024000	18024999	45
chr16	18025000	18025999	2
chr16	18026000	18026999	14
chr16	18027000	18027999	6
chr16	18028000	18028999	9
chr16	18029000	18029999	16
chr16	18030000	18030999	26
chr16	18031000	18031999	15
chr16	18032000	18032999	4
chr16	18033000	18033999	0
chr16	18034000	18034999	10
chr16	18035000	18035999	23
chr16	18036000	18036999	47
chr16	18037000	18037999	4
chr16	18038000	18038999	17
chr16	18039000	18039999	0
chr16	18040000	18040999	4
chr16	18041000	18041999	1
chr16	18042000	18042999	9
chr16	18043000	18043999	20
chr16	18044000	18044999	0
chr16	18045000	18045999	5
chr16	18046000	18046999	5
chr16	18047000	18047999	11
chr16	18048000	18048999	5
chr16	18049000	18049999	12
chr16	18050000	18050999	8
chr16	18051000	18051999	3
chr16	18052000	18052999	29
chr16	18053000	18053999	24
chr16	18054000	18054999	15
chr16	18055000	18055999	12
chr16	18056000	18056999	6
chr16	18057000	18057999	7
chr16	18058000	18058999	0
chr16	18059000	18059999	0
chr16	18060000	18060999	0
chr16	18061000	18061999	20
chr16	18062000	18062999	0
chr16	18063000	18063999	16
chr16	18064000	18064999	7
chr16	18065000	18065999	2
chr16	18066000	18066999	61
chr16	18067000	18067999	10
chr16	18068000	18068999	9
chr16	18069000	18069999	3
chr16	18070000	18070999	17
chr16	18071000	18071999	31
chr16	18072000	18072999	18
chr16	18073000	18073999	19
chr16	18074000	18074999	60
chr16	18075000	18075999	13
chr16	18076000	18076999	23
chr16	18077000	18077999	24
chr16	18078000	18078999	0
chr16	18079000	18079999	32
chr16	18080000	18080999	1
chr16	18081000	18081999	24
chr16	18082000	18082999	16
chr16	18083000	18083999	57
chr16	18084000	18084999	48
chr16	18085000	18085999	59
chr16	18086000	18086999	34
chr16	18087000	18087999	16
chr16	18088000	18088999	10
chr16	18089000	18089999	91
chr16	18090000	18090999	10
chr16	18091000	18091999	4
chr16	18092000	18092999	16
chr16	18093000	18093999	6
chr16	18094000	18094999	0
chr16	18095000	18095999	10
chr16	18096000	18096999	0
chr16	18097000	18097999	4
chr16	18098000	18098999	0
chr16	18099000	18099999	11
chr16	18100000	18100999	9
chr16	18101000	18101999	13
chr16	18102000	18102999	29
chr16	18103000	18103999	15
chr16	18104000	18104999	5
chr16	18105000	18105999	0
chr16	18106000	18106999	8
chr16	18107000	18107999	11
chr16	18108000	18108999	35
chr16	18109000	18109999	17
chr16	18110000	18110999	21
chr16	18111000	18111999	23
chr16	18112000	18112999	4
chr16	18113000	18113999	5
chr16	18114000	18114999	2
chr16	18115000	18115999	4
chr16	18116000	18116999	20
chr16	18117000	18117999	3
chr16	18118000	18118999	6
chr16	18119000	18119999	4
chr16	18120000	18120999	26
chr16	18121000	18121999	1
chr16	18122000	18122999	5
chr16	18123000	18123999	19
chr16	18124000	18124999	13
chr16	18125000	18125999	7
chr16	18126000	18126999	10
chr16	18127000	18127999	23
chr16	18128000	18128999	20
chr16	18129000	18129999	23
chr16	18130000	18130999	13
chr16	18131000	18131999	9
chr16	18132000	18132999	7
chr16	18133000	18133999	0
chr16	18134000	18134999	14
chr16	18135000	18135999	3
chr16	18136000	18136999	6
chr16	18137000	18137999	0
chr16	18138000	18138999	23
chr16	18139000	18139999	11
chr16	18140000	18140999	10
chr16	18141000	18141999	14
chr16	18142000	18142999	6
chr16	18143000	18143999	0
chr16	18144000	18144999	17
chr16	18145000	18145999	10
chr16	18146000	18146999	17
chr16	18147000	18147999	4
chr16	18148000	18148999	18
chr16	18149000	18149999	2
chr16	18150000	18150999	2
chr16	18151000	18151999	7
chr16	18152000	18152999	5
chr16	18153000	18153999	18
chr16	18154000	18154999	8
chr16	18155000	18155999	7
chr16	18156000	18156999	5
chr16	18157000	18157999	7
chr16	18158000	18158999	6
chr16	18159000	18159999	38
chr16	18160000	18160999	10
chr16	18161000	18161999	7
chr16	18162000	18162999	0
chr16	18163000	18163999	18
chr16	18164000	18164999	2
chr16	18165000	18165999	0
chr16	18166000	18166999	14
chr16	18167000	18167999	9
chr16	18168000	18168999	5
chr16	18169000	18169999	16
chr16	18170000	18170999	33
chr16	18171000	18171999	7
chr16	18172000	18172999	38
chr16	18173000	18173999	0
chr16	18174000	18174999	16
chr16	18175000	18175999	14
chr16	18176000	18176999	18
chr16	18177000	18177999	8
chr16	18178000	18178999	9
chr16	18179000	18179999	21
chr16	18180000	18180999	5
chr16	18181000	18181999	29
chr16	18182000	18182999	59
chr16	18183000	18183999	4
chr16	18184000	18184999	7
chr16	18185000	18185999	20
chr16	18186000	18186999	13
chr16	18187000	18187999	16
chr16	18188000	18188999	6
chr16	18189000	18189999	6
chr16	18190000	18190999	6
chr16	18191000	18191999	16
chr16	18192000	18192999	9
chr16	18193000	18193999	18
chr16	18194000	18194999	19
chr16	18195000	18195999	37
chr16	18196000	18196999	2
chr16	18197000	18197999	2
chr16	18198000	18198999	25
chr16	18199000	18199999	3
chr16	18200000	18200999	41
chr16	18201000	18201999	0
chr16	18202000	18202999	10
chr16	18203000	18203999	6
chr16	18204000	18204999	3
chr16	18205000	18205999	16
chr16	18206000	18206999	6
chr16	18207000	18207999	21
chr16	18208000	18208999	0
chr16	18209000	18209999	7
chr16	18210000	18210999	4
chr16	18211000	18211999	20
chr16	18212000	18212999	26
chr16	18213000	18213999	4
chr16	18214000	18214999	27
chr16	18215000	18215999	7
chr16	18216000	18216999	0
chr16	18217000	18217999	20
chr16	18218000	18218999	12
chr16	18219000	18219999	20
chr16	18220000	18220999	18
chr16	18221000	18221999	9
chr16	18222000	18222999	10
chr16	18223000	18223999	5
chr16	18224000	18224999	5
chr16	18225000	18225999	0
chr16	18226000	18226999	16
chr16	18227000	18227999	1
chr16	18228000	18228999	22
chr16	18229000	18229999	9
chr16	18230000	18230999	24
chr16	18231000	18231999	10
chr16	18232000	18232999	11
chr16	18233000	18233999	0
chr16	18234000	18234999	19
chr16	18235000	18235999	41
chr16	18236000	18236999	11
chr16	18237000	18237999	24
chr16	18238000	18238999	0
chr16	18239000	18239999	4
chr16	18240000	18240999	14
chr16	18241000	18241999	11
chr16	18242000	18242999	3
chr16	18243000	18243999	21
chr16	18244000	18244999	8
chr16	18245000	18245999	14
chr16	18246000	18246999	20
chr16	18247000	18247999	9
chr16	18248000	18248999	220
chr16	18249000	18249999	61
chr16	18250000	18250999	15
chr16	18251000	18251999	14
chr16	18252000	18252999	4
chr16	18253000	18253999	17
chr16	18254000	18254999	5
chr16	18255000	18255999	30
chr16	18256000	18256999	1
chr16	18257000	18257999	21
chr16	18258000	18258999	26
chr16	18259000	18259999	0
chr16	18260000	18260999	21
chr16	18261000	18261999	9
chr16	18262000	18262999	3
chr16	18263000	18263999	9
chr16	18264000	18264999	0
chr16	18265000	18265999	6
chr16	18266000	18266999	1
chr16	18267000	18267999	25
chr16	18268000	18268999	4
chr16	18269000	18269999	21
chr16	18270000	18270999	12
chr16	18271000	18271999	18
chr16	18272000	18272999	10
chr16	18273000	18273999	10
chr16	18274000	18274999	8
chr16	18275000	18275999	13
chr16	18276000	18276999	0
chr16	18277000	18277999	11
chr16	18278000	18278999	0
chr16	18279000	18279999	8
chr16	18280000	18280999	10
chr16	18281000	18281999	0
chr16	18282000	18282999	13
chr16	18283000	18283999	20
chr16	18284000	18284999	9
chr16	18285000	18285999	8
chr16	18286000	18286999	8
chr16	18287000	18287999	32
chr16	18288000	18288999	23
chr16	18289000	18289999	129
chr16	18290000	18290999	6
chr16	18291000	18291999	1
chr16	18292000	18292999	3
chr16	18293000	18293999	0
chr16	18294000	18294999	13
chr16	18295000	18295999	0
chr16	18296000	18296999	23
chr16	18297000	18297999	2
chr16	18298000	18298999	25
chr16	18299000	18299999	27
chr16	18300000	18300999	3
chr16	18301000	18301999	7
chr16	18302000	18302999	31
chr16	18303000	18303999	5
chr16	18304000	18304999	12
chr16	18305000	18305999	2
chr16	18306000	18306999	6
chr16	18307000	18307999	21
chr16	18308000	18308999	0
chr16	18309000	18309999	6
chr16	18310000	18310999	6
chr16	18311000	18311999	16
chr16	18312000	18312999	9
chr16	18313000	18313999	14
chr16	18314000	18314999	14
chr16	18315000	18315999	16
chr16	18316000	18316999	1
chr16	18317000	18317999	37
chr16	18318000	18318999	26
chr16	18319000	18319999	18
chr16	18320000	18320999	0
chr16	18321000	18321999	14
chr16	18322000	18322999	4
chr16	18323000	18323999	17
chr16	18324000	18324999	4
chr16	18325000	18325999	38
chr16	18326000	18326999	0
chr16	18327000	18327999	3
chr16	18328000	18328999	16
chr16	18329000	18329999	0
chr16	18330000	18330999	11
chr16	18331000	18331999	10
chr16	18332000	18332999	0
chr16	18333000	18333999	5
chr16	18334000	18334999	48
chr16	18335000	18335999	12
chr16	18336000	18336999	12
chr16	18337000	18337999	19
chr16	18338000	18338999	5
chr16	18339000	18339999	57
chr16	18340000	18340999	40
chr16	18341000	18341999	19
chr16	18342000	18342999	13
chr16	18343000	18343999	43
chr16	18344000	18344999	53
chr16	18345000	18345999	54
chr16	18346000	18346999	9
chr16	18347000	18347999	40
chr16	18348000	18348999	136
chr16	18349000	18349999	20
chr16	18350000	18350999	24
chr16	18351000	18351999	13
chr16	18352000	18352999	28
chr16	18353000	18353999	2
chr16	18354000	18354999	3
chr16	18355000	18355999	5
chr16	18356000	18356999	7
chr16	18357000	18357999	16
chr16	18358000	18358999	12
chr16	18359000	18359999	28
chr16	18360000	18360999	2
chr16	18361000	18361999	26
chr16	18362000	18362999	9
chr16	18363000	18363999	1
chr16	18364000	18364999	4
chr16	18365000	18365999	8
chr16	18366000	18366999	13
chr16	18367000	18367999	13
chr16	18368000	18368999	30
chr16	18369000	18369999	2
chr16	18370000	18370999	18
chr16	18371000	18371999	17
chr16	18372000	18372999	16
chr16	18373000	18373999	4
chr16	18374000	18374999	17
chr16	18375000	18375999	3
chr16	18376000	18376999	27
chr16	18377000	18377999	8
chr16	18378000	18378999	21
chr16	18379000	18379999	28
chr16	18380000	18380999	4
chr16	18381000	18381999	4
chr16	18382000	18382999	2
chr16	18383000	18383999	1
chr16	18384000	18384999	7
chr16	18385000	18385999	11
chr16	18386000	18386999	4
chr16	18387000	18387999	7
chr16	18388000	18388999	7
chr16	18389000	18389999	36
chr16	18390000	18390999	14
chr16	18391000	18391999	20
chr16	18392000	18392999	44
chr16	18393000	18393999	18
chr16	18394000	18394999	12
chr16	18395000	18395999	31
chr16	18396000	18396999	35
chr16	18397000	18397999	7
chr16	18398000	18398999	14
chr16	18399000	18399999	50
chr16	18400000	18400999	27
chr16	18401000	18401999	7
chr16	18402000	18402999	14
chr16	18403000	18403999	11
chr16	18404000	18404999	8
chr16	18405000	18405999	16
chr16	18406000	18406999	12
chr16	18407000	18407999	16
chr16	18408000	18408999	15
chr16	18409000	18409999	11
chr16	18410000	18410999	10
chr16	18411000	18411999	22
chr16	18412000	18412999	42
chr16	18413000	18413999	27
chr16	18414000	18414999	9
chr16	18415000	18415999	22
chr16	18416000	18416999	27
chr16	18417000	18417999	8
chr16	18418000	18418999	20
chr16	18419000	18419999	23
chr16	18420000	18420999	12
chr16	18421000	18421999	2
chr16	18422000	18422999	11
chr16	18423000	18423999	25
chr16	18424000	18424999	29
chr16	18425000	18425999	41
chr16	18426000	18426999	46
chr16	18427000	18427999	28
chr16	18428000	18428999	4
chr16	18429000	18429999	3
chr16	18430000	18430999	0
chr16	18431000	18431999	2
chr16	18432000	18432999	22
chr16	18433000	18433999	0
chr16	18434000	18434999	1
chr16	18435000	18435999	0
chr16	18436000	18436999	9
chr16	18437000	18437999	0
chr16	18438000	18438999	9
chr16	18439000	18439999	11
chr16	18440000	18440999	1
chr16	18441000	18441999	10
chr16	18442000	18442999	4
chr16	18443000	18443999	32
chr16	18444000	18444999	7
chr16	18445000	18445999	4
chr16	18446000	18446999	6
chr16	18447000	18447999	6
chr16	18448000	18448999	3
chr16	18449000	18449999	10
chr16	18450000	18450999	9
chr16	18451000	18451999	6
chr16	18452000	18452999	15
chr16	18453000	18453999	11
chr16	18454000	18454999	17
chr16	18455000	18455999	13
chr16	18456000	18456999	12
chr16	18457000	18457999	13
chr16	18458000	18458999	0
chr16	18459000	18459999	22
chr16	18460000	18460999	29
chr16	18461000	18461999	8
chr16	18462000	18462999	3
chr16	18463000	18463999	15
chr16	18464000	18464999	9
chr16	18465000	18465999	23
chr16	18466000	18466999	23
chr16	18467000	18467999	4
chr16	18468000	18468999	0
chr16	18469000	18469999	17
chr16	18470000	18470999	3
chr16	18471000	18471999	13
chr16	18472000	18472999	8
chr16	18473000	18473999	0
chr16	18474000	18474999	12
chr16	18475000	18475999	2
chr16	18476000	18476999	4
chr16	18477000	18477999	8
chr16	18478000	18478999	0
chr16	18479000	18479999	12
chr16	18480000	18480999	33
chr16	18481000	18481999	30
chr16	18482000	18482999	16
chr16	18483000	18483999	47
chr16	18484000	18484999	26
chr16	18485000	18485999	41
chr16	18486000	18486999	29
chr16	18487000	18487999	7
chr16	18488000	18488999	0
chr16	18489000	18489999	0
chr16	18490000	18490999	20
chr16	18491000	18491999	29
chr16	18492000	18492999	5
chr16	18493000	18493999	11
chr16	18494000	18494999	13
chr16	18495000	18495999	11
chr16	18496000	18496999	25
chr16	18497000	18497999	14
chr16	18498000	18498999	111
chr16	18499000	18499999	34
chr16	18500000	18500999	35
chr16	18501000	18501999	35
chr16	18502000	18502999	17
chr16	18503000	18503999	19
chr16	18504000	18504999	14
chr16	18505000	18505999	28
chr16	18506000	18506999	0
chr16	18507000	18507999	20
chr16	18508000	18508999	31
chr16	18509000	18509999	29
chr16	18510000	18510999	10
chr16	18511000	18511999	13
chr16	18512000	18512999	0
chr16	18513000	18513999	29
chr16	18514000	18514999	20
chr16	18515000	18515999	15
chr16	18516000	18516999	6
chr16	18517000	18517999	7
chr16	18518000	18518999	12
chr16	18519000	18519999	0
chr16	18520000	18520999	10
chr16	18521000	18521999	5
chr16	18522000	18522999	3
chr16	18523000	18523999	13
chr16	18524000	18524999	7
chr16	18525000	18525999	26
chr16	18526000	18526999	2
chr16	18527000	18527999	9
chr16	18528000	18528999	14
chr16	18529000	18529999	5
chr16	18530000	18530999	26
chr16	18531000	18531999	1
chr16	18532000	18532999	0
chr16	18533000	18533999	17
chr16	18534000	18534999	39
chr16	18535000	18535999	7
chr16	18536000	18536999	1
chr16	18537000	18537999	38
chr16	18538000	18538999	0
chr16	18539000	18539999	14
chr16	18540000	18540999	5
chr16	18541000	18541999	10
chr16	18542000	18542999	5
chr16	18543000	18543999	46
chr16	18544000	18544999	14
chr16	18545000	18545999	8
chr16	18546000	18546999	22
chr16	18547000	18547999	28
chr16	18548000	18548999	26
chr16	18549000	18549999	19
chr16	18550000	18550999	24
chr16	18551000	18551999	45
chr16	18552000	18552999	17
chr16	18553000	18553999	0
chr16	18554000	18554999	2
chr16	18555000	18555999	35
chr16	18556000	18556999	18
chr16	18557000	18557999	3
chr16	18558000	18558999	0
chr16	18559000	18559999	2
chr16	18560000	18560999	23
chr16	18561000	18561999	23
chr16	18562000	18562999	17
chr16	18563000	18563999	9
chr16	18564000	18564999	20
chr16	18565000	18565999	5
chr16	18566000	18566999	11
chr16	18567000	18567999	6
chr16	18568000	18568999	2
chr16	18569000	18569999	10
chr16	18570000	18570999	8
chr16	18571000	18571999	4
chr16	18572000	18572999	40
chr16	18573000	18573999	6
chr16	18574000	18574999	19
chr16	18575000	18575999	61
chr16	18576000	18576999	16
chr16	18577000	18577999	15
chr16	18578000	18578999	19
chr16	18579000	18579999	12
chr16	18580000	18580999	6
chr16	18581000	18581999	23
chr16	18582000	18582999	9
chr16	18583000	18583999	1
chr16	18584000	18584999	12
chr16	18585000	18585999	9
chr16	18586000	18586999	0
chr16	18587000	18587999	31
chr16	18588000	18588999	0
chr16	18589000	18589999	15
chr16	18590000	18590999	38
chr16	18591000	18591999	29
chr16	18592000	18592999	0
chr16	18593000	18593999	3
chr16	18594000	18594999	5
chr16	18595000	18595999	9
chr16	18596000	18596999	39
chr16	18597000	18597999	10
chr16	18598000	18598999	2
chr16	18599000	18599999	5
chr16	18600000	18600999	7
chr16	18601000	18601999	4
chr16	18602000	18602999	17
chr16	18603000	18603999	17
chr16	18604000	18604999	9
chr16	18605000	18605999	9
chr16	18606000	18606999	22
chr16	18607000	18607999	18
chr16	18608000	18608999	3
chr16	18609000	18609999	3
chr16	18610000	18610999	49
chr16	18611000	18611999	1
chr16	18612000	18612999	13
chr16	18613000	18613999	25
chr16	18614000	18614999	17
chr16	18615000	18615999	0
chr16	18616000	18616999	25
chr16	18617000	18617999	24
chr16	18618000	18618999	23
chr16	18619000	18619999	0
chr16	18620000	18620999	21
chr16	18621000	18621999	9
chr16	18622000	18622999	27
chr16	18623000	18623999	22
chr16	18624000	18624999	20
chr16	18625000	18625999	17
chr16	18626000	18626999	53
chr16	18627000	18627999	7
chr16	18628000	18628999	5
chr16	18629000	18629999	19
chr16	18630000	18630999	17
chr16	18631000	18631999	20
chr16	18632000	18632999	0
chr16	18633000	18633999	17
chr16	18634000	18634999	25
chr16	18635000	18635999	29
chr16	18636000	18636999	0
chr16	18637000	18637999	0
chr16	18638000	18638999	1
chr16	18639000	18639999	5
chr16	18640000	18640999	1
chr16	18641000	18641999	23
chr16	18642000	18642999	11
chr16	18643000	18643999	27
chr16	18644000	18644999	18
chr16	18645000	18645999	31
chr16	18646000	18646999	16
chr16	18647000	18647999	11
chr16	18648000	18648999	11
chr16	18649000	18649999	24
chr16	18650000	18650999	0
chr16	18651000	18651999	16
chr16	18652000	18652999	24
chr16	18653000	18653999	0
chr16	18654000	18654999	2
chr16	18655000	18655999	6
chr16	18656000	18656999	2
chr16	18657000	18657999	14
chr16	18658000	18658999	17
chr16	18659000	18659999	18
chr16	18660000	18660999	14
chr16	18661000	18661999	4
chr16	18662000	18662999	11
chr16	18663000	18663999	11
chr16	18664000	18664999	28
chr16	18665000	18665999	11
chr16	18666000	18666999	5
chr16	18667000	18667999	14
chr16	18668000	18668999	22
chr16	18669000	18669999	9
chr16	18670000	18670999	4
chr16	18671000	18671999	0
chr16	18672000	18672999	8
chr16	18673000	18673999	13
chr16	18674000	18674999	7
chr16	18675000	18675999	0
chr16	18676000	18676999	4
chr16	18677000	18677999	7
chr16	18678000	18678999	14
chr16	18679000	18679999	43
chr16	18680000	18680999	9
chr16	18681000	18681999	0
chr16	18682000	18682999	0
chr16	18683000	18683999	11
chr16	18684000	18684999	1
chr16	18685000	18685999	9
chr16	18686000	18686999	16
chr16	18687000	18687999	97
chr16	18688000	18688999	15
chr16	18689000	18689999	0
chr16	18690000	18690999	25
chr16	18691000	18691999	0
chr16	18692000	18692999	2
chr16	18693000	18693999	6
chr16	18694000	18694999	7
chr16	18695000	18695999	11
chr16	18696000	18696999	27
chr16	18697000	18697999	26
chr16	18698000	18698999	10
chr16	18699000	18699999	0
chr16	18700000	18700999	3
chr16	18701000	18701999	7
chr16	18702000	18702999	0
chr16	18703000	18703999	6
chr16	18704000	18704999	1
chr16	18705000	18705999	18
chr16	18706000	18706999	15
chr16	18707000	18707999	10
chr16	18708000	18708999	6
chr16	18709000	18709999	3
chr16	18710000	18710999	10
chr16	18711000	18711999	2
chr16	18712000	18712999	5
chr16	18713000	18713999	15
chr16	18714000	18714999	8
chr16	18715000	18715999	24
chr16	18716000	18716999	21
chr16	18717000	18717999	23
chr16	18718000	18718999	24
chr16	18719000	18719999	10
chr16	18720000	18720999	10
chr16	18721000	18721999	5
chr16	18722000	18722999	4
chr16	18723000	18723999	13
chr16	18724000	18724999	19
chr16	18725000	18725999	10
chr16	18726000	18726999	6
chr16	18727000	18727999	7
chr16	18728000	18728999	5
chr16	18729000	18729999	11
chr16	18730000	18730999	20
chr16	18731000	18731999	3
chr16	18732000	18732999	8
chr16	18733000	18733999	33
chr16	18734000	18734999	12
chr16	18735000	18735999	21
chr16	18736000	18736999	17
chr16	18737000	18737999	3
chr16	18738000	18738999	13
chr16	18739000	18739999	5
chr16	18740000	18740999	2
chr16	18741000	18741999	4
chr16	18742000	18742999	2
chr16	18743000	18743999	6
chr16	18744000	18744999	3
chr16	18745000	18745999	3
chr16	18746000	18746999	18
chr16	18747000	18747999	3
chr16	18748000	18748999	1
chr16	18749000	18749999	0
chr16	18750000	18750999	0
chr16	18751000	18751999	3
chr16	18752000	18752999	6
chr16	18753000	18753999	35
chr16	18754000	18754999	7
chr16	18755000	18755999	4
chr16	18756000	18756999	4
chr16	18757000	18757999	10
chr16	18758000	18758999	14
chr16	18759000	18759999	23
chr16	18760000	18760999	0
chr16	18761000	18761999	10
chr16	18762000	18762999	6
chr16	18763000	18763999	5
chr16	18764000	18764999	22
chr16	18765000	18765999	4
chr16	18766000	18766999	15
chr16	18767000	18767999	5
chr16	18768000	18768999	6
chr16	18769000	18769999	15
chr16	18770000	18770999	0
chr16	18771000	18771999	1
chr16	18772000	18772999	19
chr16	18773000	18773999	4
chr16	18774000	18774999	18
chr16	18775000	18775999	0
chr16	18776000	18776999	11
chr16	18777000	18777999	11
chr16	18778000	18778999	23
chr16	18779000	18779999	13
chr16	18780000	18780999	28
chr16	18781000	18781999	0
chr16	18782000	18782999	10
chr16	18783000	18783999	3
chr16	18784000	18784999	33
chr16	18785000	18785999	23
chr16	18786000	18786999	0
chr16	18787000	18787999	2
chr16	18788000	18788999	11
chr16	18789000	18789999	18
chr16	18790000	18790999	25
chr16	18791000	18791999	17
chr16	18792000	18792999	14
chr16	18793000	18793999	16
chr16	18794000	18794999	10
chr16	18795000	18795999	18
chr16	18796000	18796999	4
chr16	18797000	18797999	1
chr16	18798000	18798999	21
chr16	18799000	18799999	0
chr16	18800000	18800999	13
chr16	18801000	18801999	9
chr16	18802000	18802999	11
chr16	18803000	18803999	4
chr16	18804000	18804999	0
chr16	18805000	18805999	6
chr16	18806000	18806999	0
chr16	18807000	18807999	20
chr16	18808000	18808999	18
chr16	18809000	18809999	8
chr16	18810000	18810999	2
chr16	18811000	18811999	69
chr16	18812000	18812999	75
chr16	18813000	18813999	24
chr16	18814000	18814999	6
chr16	18815000	18815999	30
chr16	18816000	18816999	0
chr16	18817000	18817999	18
chr16	18818000	18818999	29
chr16	18819000	18819999	6
chr16	18820000	18820999	8
chr16	18821000	18821999	7
chr16	18822000	18822999	7
chr16	18823000	18823999	4
chr16	18824000	18824999	25
chr16	18825000	18825999	0
chr16	18826000	18826999	10
chr16	18827000	18827999	9
chr16	18828000	18828999	7
chr16	18829000	18829999	0
chr16	18830000	18830999	9
chr16	18831000	18831999	13
chr16	18832000	18832999	15
chr16	18833000	18833999	22
chr16	18834000	18834999	8
chr16	18835000	18835999	15
chr16	18836000	18836999	48
chr16	18837000	18837999	35
chr16	18838000	18838999	23
chr16	18839000	18839999	18
chr16	18840000	18840999	5
chr16	18841000	18841999	0
chr16	18842000	18842999	1
chr16	18843000	18843999	7
chr16	18844000	18844999	10
chr16	18845000	18845999	0
chr16	18846000	18846999	0
chr16	18847000	18847999	7
chr16	18848000	18848999	1
chr16	18849000	18849999	0
chr16	18850000	18850999	0
chr16	18851000	18851999	11
chr16	18852000	18852999	15
chr16	18853000	18853999	11
chr16	18854000	18854999	7
chr16	18855000	18855999	0
chr16	18856000	18856999	19
chr16	18857000	18857999	4
chr16	18858000	18858999	12
chr16	18859000	18859999	33
chr16	18860000	18860999	18
chr16	18861000	18861999	0
chr16	18862000	18862999	6
chr16	18863000	18863999	2
chr16	18864000	18864999	23
chr16	18865000	18865999	13
chr16	18866000	18866999	11
chr16	18867000	18867999	5
chr16	18868000	18868999	16
chr16	18869000	18869999	11
chr16	18870000	18870999	0
chr16	18871000	18871999	0
chr16	18872000	18872999	27
chr16	18873000	18873999	3
chr16	18874000	18874999	47
chr16	18875000	18875999	7
chr16	18876000	18876999	136
chr16	18877000	18877999	89
chr16	18878000	18878999	26
chr16	18879000	18879999	0
chr16	18880000	18880999	21
chr16	18881000	18881999	9
chr16	18882000	18882999	0
chr16	18883000	18883999	4
chr16	18884000	18884999	8
chr16	18885000	18885999	5
chr16	18886000	18886999	19
chr16	18887000	18887999	1
chr16	18888000	18888999	0
chr16	18889000	18889999	54
chr16	18890000	18890999	0
chr16	18891000	18891999	12
chr16	18892000	18892999	15
chr16	18893000	18893999	11
chr16	18894000	18894999	0
chr16	18895000	18895999	7
chr16	18896000	18896999	0
chr16	18897000	18897999	6
chr16	18898000	18898999	2
chr16	18899000	18899999	2
chr16	18900000	18900999	5
chr16	18901000	18901999	0
chr16	18902000	18902999	40
chr16	18903000	18903999	3
chr16	18904000	18904999	0
chr16	18905000	18905999	16
chr16	18906000	18906999	21
chr16	18907000	18907999	0
chr16	18908000	18908999	26
chr16	18909000	18909999	4
chr16	18910000	18910999	13
chr16	18911000	18911999	12
chr16	18912000	18912999	7
chr16	18913000	18913999	13
chr16	18914000	18914999	8
chr16	18915000	18915999	59
chr16	18916000	18916999	21
chr16	18917000	18917999	6
chr16	18918000	18918999	24
chr16	18919000	18919999	7
chr16	18920000	18920999	0
chr16	18921000	18921999	11
chr16	18922000	18922999	16
chr16	18923000	18923999	9
chr16	18924000	18924999	0
chr16	18925000	18925999	11
chr16	18926000	18926999	4
chr16	18927000	18927999	4
chr16	18928000	18928999	5
chr16	18929000	18929999	16
chr16	18930000	18930999	6
chr16	18931000	18931999	11
chr16	18932000	18932999	6
chr16	18933000	18933999	10
chr16	18934000	18934999	17
chr16	18935000	18935999	6
chr16	18936000	18936999	15
chr16	18937000	18937999	9
chr16	18938000	18938999	14
chr16	18939000	18939999	20
chr16	18940000	18940999	11
chr16	18941000	18941999	1
chr16	18942000	18942999	0
chr16	18943000	18943999	13
chr16	18944000	18944999	11
chr16	18945000	18945999	18
chr16	18946000	18946999	13
chr16	18947000	18947999	6
chr16	18948000	18948999	2
chr16	18949000	18949999	16
chr16	18950000	18950999	15
chr16	18951000	18951999	14
chr16	18952000	18952999	6
chr16	18953000	18953999	0
chr16	18954000	18954999	9
chr16	18955000	18955999	10
chr16	18956000	18956999	0
chr16	18957000	18957999	20
chr16	18958000	18958999	11
chr16	18959000	18959999	3
chr16	18960000	18960999	0
chr16	18961000	18961999	7
chr16	18962000	18962999	15
chr16	18963000	18963999	26
chr16	18964000	18964999	25
chr16	18965000	18965999	21
chr16	18966000	18966999	8
chr16	18967000	18967999	1
chr16	18968000	18968999	3
chr16	18969000	18969999	8
chr16	18970000	18970999	22
chr16	18971000	18971999	15
chr16	18972000	18972999	0
chr16	18973000	18973999	34
chr16	18974000	18974999	17
chr16	18975000	18975999	10
chr16	18976000	18976999	10
chr16	18977000	18977999	0
chr16	18978000	18978999	0
chr16	18979000	18979999	14
chr16	18980000	18980999	0
chr16	18981000	18981999	11
chr16	18982000	18982999	4
chr16	18983000	18983999	2
chr16	18984000	18984999	11
chr16	18985000	18985999	7
chr16	18986000	18986999	10
chr16	18987000	18987999	9
chr16	18988000	18988999	0
chr16	18989000	18989999	3
chr16	18990000	18990999	16
chr16	18991000	18991999	12
chr16	18992000	18992999	6
chr16	18993000	18993999	0
chr16	18994000	18994999	1
chr16	18995000	18995999	4
chr16	18996000	18996999	0
chr16	18997000	18997999	1
chr16	18998000	18998999	2
chr16	18999000	18999999	4
chr16	19000000	19000999	7
chr16	19001000	19001999	8
chr16	19002000	19002999	3
chr16	19003000	19003999	13
chr16	19004000	19004999	2
chr16	19005000	19005999	0
chr16	19006000	19006999	0
chr16	19007000	19007999	24
chr16	19008000	19008999	14
chr16	19009000	19009999	0
chr16	19010000	19010999	26
chr16	19011000	19011999	9
chr16	19012000	19012999	4
chr16	19013000	19013999	7
chr16	19014000	19014999	33
chr16	19015000	19015999	18
chr16	19016000	19016999	1
chr16	19017000	19017999	16
chr16	19018000	19018999	5
chr16	19019000	19019999	5
chr16	19020000	19020999	10
chr16	19021000	19021999	16
chr16	19022000	19022999	4
chr16	19023000	19023999	0
chr16	19024000	19024999	12
chr16	19025000	19025999	8
chr16	19026000	19026999	2
chr16	19027000	19027999	20
chr16	19028000	19028999	16
chr16	19029000	19029999	22
chr16	19030000	19030999	8
chr16	19031000	19031999	0
chr16	19032000	19032999	6
chr16	19033000	19033999	25
chr16	19034000	19034999	0
chr16	19035000	19035999	15
chr16	19036000	19036999	4
chr16	19037000	19037999	4
chr16	19038000	19038999	21
chr16	19039000	19039999	0
chr16	19040000	19040999	0
chr16	19041000	19041999	6
chr16	19042000	19042999	0
chr16	19043000	19043999	0
chr16	19044000	19044999	0
chr16	19045000	19045999	0
chr16	19046000	19046999	11
chr16	19047000	19047999	0
chr16	19048000	19048999	0
chr16	19049000	19049999	14
chr16	19050000	19050999	8
chr16	19051000	19051999	12
chr16	19052000	19052999	6
chr16	19053000	19053999	0
chr16	19054000	19054999	0
chr16	19055000	19055999	0
chr16	19056000	19056999	0
chr16	19057000	19057999	2
chr16	19058000	19058999	12
chr16	19059000	19059999	29
chr16	19060000	19060999	22
chr16	19061000	19061999	29
chr16	19062000	19062999	4
chr16	19063000	19063999	0
chr16	19064000	19064999	1
chr16	19065000	19065999	44
chr16	19066000	19066999	10
chr16	19067000	19067999	5
chr16	19068000	19068999	6
chr16	19069000	19069999	8
chr16	19070000	19070999	3
chr16	19071000	19071999	0
chr16	19072000	19072999	0
chr16	19073000	19073999	0
chr16	19074000	19074999	0
chr16	19075000	19075999	0
chr16	19076000	19076999	0
chr16	19077000	19077999	0
chr16	19078000	19078999	0
chr16	19079000	19079999	5
chr16	19080000	19080999	0
chr16	19081000	19081999	8
chr16	19082000	19082999	0
chr16	19083000	19083999	4
chr16	19084000	19084999	21
chr16	19085000	19085999	4
chr16	19086000	19086999	0
chr16	19087000	19087999	44
chr16	19088000	19088999	6
chr16	19089000	19089999	0
chr16	19090000	19090999	3
chr16	19091000	19091999	9
chr16	19092000	19092999	25
chr16	19093000	19093999	16
chr16	19094000	19094999	6
chr16	19095000	19095999	3
chr16	19096000	19096999	0
chr16	19097000	19097999	5
chr16	19098000	19098999	8
chr16	19099000	19099999	10
chr16	19100000	19100999	18
chr16	19101000	19101999	3
chr16	19102000	19102999	44
chr16	19103000	19103999	0
chr16	19104000	19104999	0
chr16	19105000	19105999	0
chr16	19106000	19106999	5
chr16	19107000	19107999	0
chr16	19108000	19108999	0
chr16	19109000	19109999	0
chr16	19110000	19110999	0
chr16	19111000	19111999	0
chr16	19112000	19112999	0
chr16	19113000	19113999	0
chr16	19114000	19114999	3
chr16	19115000	19115999	0
chr16	19116000	19116999	0
chr16	19117000	19117999	0
chr16	19118000	19118999	13
chr16	19119000	19119999	0
chr16	19120000	19120999	1
chr16	19121000	19121999	0
chr16	19122000	19122999	1
chr16	19123000	19123999	2
chr16	19124000	19124999	0
chr16	19125000	19125999	8
chr16	19126000	19126999	13
chr16	19127000	19127999	4
chr16	19128000	19128999	1
chr16	19129000	19129999	9
chr16	19130000	19130999	7
chr16	19131000	19131999	0
chr16	19132000	19132999	29
chr16	19133000	19133999	2
chr16	19134000	19134999	4
chr16	19135000	19135999	4
chr16	19136000	19136999	0
chr16	19137000	19137999	0
chr16	19138000	19138999	23
chr16	19139000	19139999	0
chr16	19140000	19140999	0
chr16	19141000	19141999	0
chr16	19142000	19142999	0
chr16	19143000	19143999	19
chr16	19144000	19144999	0
chr16	19145000	19145999	0
chr16	19146000	19146999	0
chr16	19147000	19147999	14
chr16	19148000	19148999	22
chr16	19149000	19149999	0
chr16	19150000	19150999	6
chr16	19151000	19151999	6
chr16	19152000	19152999	5
chr16	19153000	19153999	1
chr16	19154000	19154999	0
chr16	19155000	19155999	5
chr16	19156000	19156999	7
chr16	19157000	19157999	0
chr16	19158000	19158999	8
chr16	19159000	19159999	7
chr16	19160000	19160999	4
chr16	19161000	19161999	2
chr16	19162000	19162999	0
chr16	19163000	19163999	6
chr16	19164000	19164999	6
chr16	19165000	19165999	0
chr16	19166000	19166999	0
chr16	19167000	19167999	5
chr16	19168000	19168999	24
chr16	19169000	19169999	1
chr16	19170000	19170999	0
chr16	19171000	19171999	0
chr16	19172000	19172999	11
chr16	19173000	19173999	0
chr16	19174000	19174999	14
chr16	19175000	19175999	37
chr16	19176000	19176999	0
chr16	19177000	19177999	0
chr16	19178000	19178999	0
chr16	19179000	19179999	13
chr16	19180000	19180999	6
chr16	19181000	19181999	0
chr16	19182000	19182999	14
chr16	19183000	19183999	8
chr16	19184000	19184999	10
chr16	19185000	19185999	4
chr16	19186000	19186999	9
chr16	19187000	19187999	0
chr16	19188000	19188999	0
chr16	19189000	19189999	3
chr16	19190000	19190999	0
chr16	19191000	19191999	16
chr16	19192000	19192999	0
chr16	19193000	19193999	20
chr16	19194000	19194999	4
chr16	19195000	19195999	5
chr16	19196000	19196999	0
chr16	19197000	19197999	9
chr16	19198000	19198999	12
chr16	19199000	19199999	8
chr16	19200000	19200999	7
chr16	19201000	19201999	8
chr16	19202000	19202999	10
chr16	19203000	19203999	17
chr16	19204000	19204999	10
chr16	19205000	19205999	0
chr16	19206000	19206999	12
chr16	19207000	19207999	0
chr16	19208000	19208999	6
chr16	19209000	19209999	26
chr16	19210000	19210999	43
chr16	19211000	19211999	29
chr16	19212000	19212999	33
chr16	19213000	19213999	0
chr16	19214000	19214999	7
chr16	19215000	19215999	9
chr16	19216000	19216999	20
chr16	19217000	19217999	11
chr16	19218000	19218999	15
chr16	19219000	19219999	4
chr16	19220000	19220999	7
chr16	19221000	19221999	0
chr16	19222000	19222999	13
chr16	19223000	19223999	0
chr16	19224000	19224999	11
chr16	19225000	19225999	24
chr16	19226000	19226999	10
chr16	19227000	19227999	5
chr16	19228000	19228999	17
chr16	19229000	19229999	14
chr16	19230000	19230999	12
chr16	19231000	19231999	5
chr16	19232000	19232999	0
chr16	19233000	19233999	0
chr16	19234000	19234999	6
chr16	19235000	19235999	11
chr16	19236000	19236999	12
chr16	19237000	19237999	2
chr16	19238000	19238999	18
chr16	19239000	19239999	21
chr16	19240000	19240999	16
chr16	19241000	19241999	14
chr16	19242000	19242999	19
chr16	19243000	19243999	0
chr16	19244000	19244999	25
chr16	19245000	19245999	25
chr16	19246000	19246999	0
chr16	19247000	19247999	0
chr16	19248000	19248999	7
chr16	19249000	19249999	4
chr16	19250000	19250999	0
chr16	19251000	19251999	27
chr16	19252000	19252999	16
chr16	19253000	19253999	24
chr16	19254000	19254999	12
chr16	19255000	19255999	0
chr16	19256000	19256999	5
chr16	19257000	19257999	16
chr16	19258000	19258999	4
chr16	19259000	19259999	19
chr16	19260000	19260999	10
chr16	19261000	19261999	0
chr16	19262000	19262999	8
chr16	19263000	19263999	5
chr16	19264000	19264999	6
chr16	19265000	19265999	14
chr16	19266000	19266999	7
chr16	19267000	19267999	4
chr16	19268000	19268999	4
chr16	19269000	19269999	32
chr16	19270000	19270999	10
chr16	19271000	19271999	5
chr16	19272000	19272999	7
chr16	19273000	19273999	3
chr16	19274000	19274999	3
chr16	19275000	19275999	0
chr16	19276000	19276999	0
chr16	19277000	19277999	0
chr16	19278000	19278999	6
chr16	19279000	19279999	1
chr16	19280000	19280999	0
chr16	19281000	19281999	2
chr16	19282000	19282999	12
chr16	19283000	19283999	3
chr16	19284000	19284999	6
chr16	19285000	19285999	0
chr16	19286000	19286999	2
chr16	19287000	19287999	0
chr16	19288000	19288999	4
chr16	19289000	19289999	17
chr16	19290000	19290999	1
chr16	19291000	19291999	1
chr16	19292000	19292999	15
chr16	19293000	19293999	7
chr16	19294000	19294999	2
chr16	19295000	19295999	0
chr16	19296000	19296999	20
chr16	19297000	19297999	0
chr16	19298000	19298999	8
chr16	19299000	19299999	0
chr16	19300000	19300999	2
chr16	19301000	19301999	16
chr16	19302000	19302999	13
chr16	19303000	19303999	18
chr16	19304000	19304999	0
chr16	19305000	19305999	6
chr16	19306000	19306999	0
chr16	19307000	19307999	9
chr16	19308000	19308999	5
chr16	19309000	19309999	15
chr16	19310000	19310999	12
chr16	19311000	19311999	5
chr16	19312000	19312999	4
chr16	19313000	19313999	0
chr16	19314000	19314999	12
chr16	19315000	19315999	0
chr16	19316000	19316999	17
chr16	19317000	19317999	11
chr16	19318000	19318999	5
chr16	19319000	19319999	0
chr16	19320000	19320999	0
chr16	19321000	19321999	11
chr16	19322000	19322999	12
chr16	19323000	19323999	17
chr16	19324000	19324999	7
chr16	19325000	19325999	0
chr16	19326000	19326999	16
chr16	19327000	19327999	5
chr16	19328000	19328999	15
chr16	19329000	19329999	0
chr16	19330000	19330999	7
chr16	19331000	19331999	0
chr16	19332000	19332999	0
chr16	19333000	19333999	8
chr16	19334000	19334999	0
chr16	19335000	19335999	0
chr16	19336000	19336999	0
chr16	19337000	19337999	0
chr16	19338000	19338999	0
chr16	19339000	19339999	0
chr16	19340000	19340999	0
chr16	19341000	19341999	0
chr16	19342000	19342999	0
chr16	19343000	19343999	0
chr16	19344000	19344999	0
chr16	19345000	19345999	0
chr16	19346000	19346999	0
chr16	19347000	19347999	0
chr16	19348000	19348999	0
chr16	19349000	19349999	6
chr16	19350000	19350999	24
chr16	19351000	19351999	8
chr16	19352000	19352999	0
chr16	19353000	19353999	10
chr16	19354000	19354999	7
chr16	19355000	19355999	0
chr16	19356000	19356999	0
chr16	19357000	19357999	16
chr16	19358000	19358999	16
chr16	19359000	19359999	25
chr16	19360000	19360999	2
chr16	19361000	19361999	8
chr16	19362000	19362999	14
chr16	19363000	19363999	1
chr16	19364000	19364999	0
chr16	19365000	19365999	5
chr16	19366000	19366999	37
chr16	19367000	19367999	4
chr16	19368000	19368999	3
chr16	19369000	19369999	19
chr16	19370000	19370999	5
chr16	19371000	19371999	7
chr16	19372000	19372999	0
chr16	19373000	19373999	0
chr16	19374000	19374999	0
chr16	19375000	19375999	0
chr16	19376000	19376999	0
chr16	19377000	19377999	24
chr16	19378000	19378999	0
chr16	19379000	19379999	10
chr16	19380000	19380999	5
chr16	19381000	19381999	21
chr16	19382000	19382999	0
chr16	19383000	19383999	31
chr16	19384000	19384999	25
chr16	19385000	19385999	27
chr16	19386000	19386999	19
chr16	19387000	19387999	30
chr16	19388000	19388999	0
chr16	19389000	19389999	0
chr16	19390000	19390999	24
chr16	19391000	19391999	0
chr16	19392000	19392999	6
chr16	19393000	19393999	8
chr16	19394000	19394999	8
chr16	19395000	19395999	15
chr16	19396000	19396999	14
chr16	19397000	19397999	6
chr16	19398000	19398999	6
chr16	19399000	19399999	0
chr16	19400000	19400999	0
chr16	19401000	19401999	0
chr16	19402000	19402999	7
chr16	19403000	19403999	10
chr16	19404000	19404999	3
chr16	19405000	19405999	4
chr16	19406000	19406999	0
chr16	19407000	19407999	36
chr16	19408000	19408999	9
chr16	19409000	19409999	0
chr16	19410000	19410999	24
chr16	19411000	19411999	0
chr16	19412000	19412999	9
chr16	19413000	19413999	0
chr16	19414000	19414999	0
chr16	19415000	19415999	0
chr16	19416000	19416999	0
chr16	19417000	19417999	0
chr16	19418000	19418999	0
chr16	19419000	19419999	4
chr16	19420000	19420999	8
chr16	19421000	19421999	11
chr16	19422000	19422999	1
chr16	19423000	19423999	0
chr16	19424000	19424999	6
chr16	19425000	19425999	0
chr16	19426000	19426999	0
chr16	19427000	19427999	12
chr16	19428000	19428999	25
chr16	19429000	19429999	0
chr16	19430000	19430999	18
chr16	19431000	19431999	5
chr16	19432000	19432999	15
chr16	19433000	19433999	9
chr16	19434000	19434999	10
chr16	19435000	19435999	21
chr16	19436000	19436999	0
chr16	19437000	19437999	0
chr16	19438000	19438999	15
chr16	19439000	19439999	0
chr16	19440000	19440999	0
chr16	19441000	19441999	15
chr16	19442000	19442999	0
chr16	19443000	19443999	11
chr16	19444000	19444999	0
chr16	19445000	19445999	0
chr16	19446000	19446999	15
chr16	19447000	19447999	8
chr16	19448000	19448999	4
chr16	19449000	19449999	0
chr16	19450000	19450999	0
chr16	19451000	19451999	12
chr16	19452000	19452999	16
chr16	19453000	19453999	4
chr16	19454000	19454999	12
chr16	19455000	19455999	0
chr16	19456000	19456999	8
chr16	19457000	19457999	0
chr16	19458000	19458999	27
chr16	19459000	19459999	0
chr16	19460000	19460999	8
chr16	19461000	19461999	1
chr16	19462000	19462999	4
chr16	19463000	19463999	10
chr16	19464000	19464999	7
chr16	19465000	19465999	9
chr16	19466000	19466999	11
chr16	19467000	19467999	4
chr16	19468000	19468999	13
chr16	19469000	19469999	9
chr16	19470000	19470999	25
chr16	19471000	19471999	0
chr16	19472000	19472999	0
chr16	19473000	19473999	8
chr16	19474000	19474999	0
chr16	19475000	19475999	0
chr16	19476000	19476999	0
chr16	19477000	19477999	10
chr16	19478000	19478999	17
chr16	19479000	19479999	0
chr16	19480000	19480999	12
chr16	19481000	19481999	8
chr16	19482000	19482999	6
chr16	19483000	19483999	0
chr16	19484000	19484999	16
chr16	19485000	19485999	14
chr16	19486000	19486999	12
chr16	19487000	19487999	2
chr16	19488000	19488999	20
chr16	19489000	19489999	14
chr16	19490000	19490999	28
chr16	19491000	19491999	0
chr16	19492000	19492999	3
chr16	19493000	19493999	19
chr16	19494000	19494999	0
chr16	19495000	19495999	14
chr16	19496000	19496999	13
chr16	19497000	19497999	0
chr16	19498000	19498999	0
chr16	19499000	19499999	9
chr16	19500000	19500999	13
chr16	19501000	19501999	0
chr16	19502000	19502999	11
chr16	19503000	19503999	23
chr16	19504000	19504999	8
chr16	19505000	19505999	14
chr16	19506000	19506999	16
chr16	19507000	19507999	20
chr16	19508000	19508999	17
chr16	19509000	19509999	3
chr16	19510000	19510999	11
chr16	19511000	19511999	29
chr16	19512000	19512999	8
chr16	19513000	19513999	11
chr16	19514000	19514999	4
chr16	19515000	19515999	1
chr16	19516000	19516999	6
chr16	19517000	19517999	21
chr16	19518000	19518999	8
chr16	19519000	19519999	10
chr16	19520000	19520999	16
chr16	19521000	19521999	11
chr16	19522000	19522999	13
chr16	19523000	19523999	7
chr16	19524000	19524999	0
chr16	19525000	19525999	22
chr16	19526000	19526999	0
chr16	19527000	19527999	32
chr16	19528000	19528999	36
chr16	19529000	19529999	0
chr16	19530000	19530999	12
chr16	19531000	19531999	14
chr16	19532000	19532999	0
chr16	19533000	19533999	9
chr16	19534000	19534999	6
chr16	19535000	19535999	12
chr16	19536000	19536999	10
chr16	19537000	19537999	26
chr16	19538000	19538999	26
chr16	19539000	19539999	16
chr16	19540000	19540999	20
chr16	19541000	19541999	6
chr16	19542000	19542999	3
chr16	19543000	19543999	0
chr16	19544000	19544999	0
chr16	19545000	19545999	10
chr16	19546000	19546999	0
chr16	19547000	19547999	0
chr16	19548000	19548999	6
chr16	19549000	19549999	0
chr16	19550000	19550999	1
chr16	19551000	19551999	2
chr16	19552000	19552999	9
chr16	19553000	19553999	1
chr16	19554000	19554999	0
chr16	19555000	19555999	0
chr16	19556000	19556999	2
chr16	19557000	19557999	5
chr16	19558000	19558999	0
chr16	19559000	19559999	8
chr16	19560000	19560999	4
chr16	19561000	19561999	12
chr16	19562000	19562999	2
chr16	19563000	19563999	6
chr16	19564000	19564999	0
chr16	19565000	19565999	4
chr16	19566000	19566999	0
chr16	19567000	19567999	1
chr16	19568000	19568999	6
chr16	19569000	19569999	6
chr16	19570000	19570999	26
chr16	19571000	19571999	7
chr16	19572000	19572999	3
chr16	19573000	19573999	0
chr16	19574000	19574999	13
chr16	19575000	19575999	2
chr16	19576000	19576999	8
chr16	19577000	19577999	7
chr16	19578000	19578999	10
chr16	19579000	19579999	0
chr16	19580000	19580999	3
chr16	19581000	19581999	0
chr16	19582000	19582999	1
chr16	19583000	19583999	0
chr16	19584000	19584999	0
chr16	19585000	19585999	0
chr16	19586000	19586999	9
chr16	19587000	19587999	0
chr16	19588000	19588999	0
chr16	19589000	19589999	0
chr16	19590000	19590999	0
chr16	19591000	19591999	0
chr16	19592000	19592999	0
chr16	19593000	19593999	0
chr16	19594000	19594999	25
chr16	19595000	19595999	7
chr16	19596000	19596999	0
chr16	19597000	19597999	3
chr16	19598000	19598999	6
chr16	19599000	19599999	0
chr16	19600000	19600999	8
chr16	19601000	19601999	1
chr16	19602000	19602999	0
chr16	19603000	19603999	15
chr16	19604000	19604999	0
chr16	19605000	19605999	0
chr16	19606000	19606999	0
chr16	19607000	19607999	9
chr16	19608000	19608999	8
chr16	19609000	19609999	0
chr16	19610000	19610999	6
chr16	19611000	19611999	0
chr16	19612000	19612999	3
chr16	19613000	19613999	0
chr16	19614000	19614999	23
chr16	19615000	19615999	10
chr16	19616000	19616999	16
chr16	19617000	19617999	11
chr16	19618000	19618999	3
chr16	19619000	19619999	5
chr16	19620000	19620999	0
chr16	19621000	19621999	0
chr16	19622000	19622999	2
chr16	19623000	19623999	9
chr16	19624000	19624999	3
chr16	19625000	19625999	6
chr16	19626000	19626999	2
chr16	19627000	19627999	8
chr16	19628000	19628999	3
chr16	19629000	19629999	0
chr16	19630000	19630999	34
chr16	19631000	19631999	8
chr16	19632000	19632999	10
chr16	19633000	19633999	3
chr16	19634000	19634999	18
chr16	19635000	19635999	13
chr16	19636000	19636999	4
chr16	19637000	19637999	0
chr16	19638000	19638999	0
chr16	19639000	19639999	2
chr16	19640000	19640999	19
chr16	19641000	19641999	0
chr16	19642000	19642999	1
chr16	19643000	19643999	6
chr16	19644000	19644999	0
chr16	19645000	19645999	18
chr16	19646000	19646999	0
chr16	19647000	19647999	4
chr16	19648000	19648999	0
chr16	19649000	19649999	0
chr16	19650000	19650999	3
chr16	19651000	19651999	15
chr16	19652000	19652999	7
chr16	19653000	19653999	8
chr16	19654000	19654999	11
chr16	19655000	19655999	8
chr16	19656000	19656999	8
chr16	19657000	19657999	21
chr16	19658000	19658999	0
chr16	19659000	19659999	25
chr16	19660000	19660999	6
chr16	19661000	19661999	29
chr16	19662000	19662999	3
chr16	19663000	19663999	0
chr16	19664000	19664999	8
chr16	19665000	19665999	32
chr16	19666000	19666999	14
chr16	19667000	19667999	3
chr16	19668000	19668999	1
chr16	19669000	19669999	0
chr16	19670000	19670999	0
chr16	19671000	19671999	16
chr16	19672000	19672999	0
chr16	19673000	19673999	8
chr16	19674000	19674999	1
chr16	19675000	19675999	18
chr16	19676000	19676999	10
chr16	19677000	19677999	12
chr16	19678000	19678999	19
chr16	19679000	19679999	0
chr16	19680000	19680999	4
chr16	19681000	19681999	3
chr16	19682000	19682999	0
chr16	19683000	19683999	13
chr16	19684000	19684999	1
chr16	19685000	19685999	0
chr16	19686000	19686999	2
chr16	19687000	19687999	0
chr16	19688000	19688999	10
chr16	19689000	19689999	20
chr16	19690000	19690999	11
chr16	19691000	19691999	14
chr16	19692000	19692999	15
chr16	19693000	19693999	2
chr16	19694000	19694999	0
chr16	19695000	19695999	31
chr16	19696000	19696999	5
chr16	19697000	19697999	3
chr16	19698000	19698999	0
chr16	19699000	19699999	9
chr16	19700000	19700999	19
chr16	19701000	19701999	8
chr16	19702000	19702999	15
chr16	19703000	19703999	6
chr16	19704000	19704999	8
chr16	19705000	19705999	11
chr16	19706000	19706999	10
chr16	19707000	19707999	6
chr16	19708000	19708999	19
chr16	19709000	19709999	14
chr16	19710000	19710999	5
chr16	19711000	19711999	2
chr16	19712000	19712999	0
chr16	19713000	19713999	0
chr16	19714000	19714999	0
chr16	19715000	19715999	0
chr16	19716000	19716999	0
chr16	19717000	19717999	0
chr16	19718000	19718999	12
chr16	19719000	19719999	0
chr16	19720000	19720999	10
chr16	19721000	19721999	16
chr16	19722000	19722999	11
chr16	19723000	19723999	7
chr16	19724000	19724999	2
chr16	19725000	19725999	24
chr16	19726000	19726999	8
chr16	19727000	19727999	0
chr16	19728000	19728999	3
chr16	19729000	19729999	11
chr16	19730000	19730999	0
chr16	19731000	19731999	2
chr16	19732000	19732999	10
chr16	19733000	19733999	23
chr16	19734000	19734999	0
chr16	19735000	19735999	0
chr16	19736000	19736999	0
chr16	19737000	19737999	0
chr16	19738000	19738999	0
chr16	19739000	19739999	0
chr16	19740000	19740999	0
chr16	19741000	19741999	3
chr16	19742000	19742999	22
chr16	19743000	19743999	9
chr16	19744000	19744999	2
chr16	19745000	19745999	0
chr16	19746000	19746999	12
chr16	19747000	19747999	0
chr16	19748000	19748999	14
chr16	19749000	19749999	0
chr16	19750000	19750999	9
chr16	19751000	19751999	11
chr16	19752000	19752999	19
chr16	19753000	19753999	0
chr16	19754000	19754999	17
chr16	19755000	19755999	3
chr16	19756000	19756999	19
chr16	19757000	19757999	0
chr16	19758000	19758999	20
chr16	19759000	19759999	16
chr16	19760000	19760999	15
chr16	19761000	19761999	12
chr16	19762000	19762999	17
chr16	19763000	19763999	0
chr16	19764000	19764999	11
chr16	19765000	19765999	1
chr16	19766000	19766999	0
chr16	19767000	19767999	32
chr16	19768000	19768999	15
chr16	19769000	19769999	0
chr16	19770000	19770999	5
chr16	19771000	19771999	12
chr16	19772000	19772999	5
chr16	19773000	19773999	12
chr16	19774000	19774999	14
chr16	19775000	19775999	3
chr16	19776000	19776999	10
chr16	19777000	19777999	10
chr16	19778000	19778999	18
chr16	19779000	19779999	0
chr16	19780000	19780999	7
chr16	19781000	19781999	7
chr16	19782000	19782999	5
chr16	19783000	19783999	0
chr16	19784000	19784999	22
chr16	19785000	19785999	0
chr16	19786000	19786999	12
chr16	19787000	19787999	19
chr16	19788000	19788999	0
chr16	19789000	19789999	0
chr16	19790000	19790999	6
chr16	19791000	19791999	6
chr16	19792000	19792999	0
chr16	19793000	19793999	0
chr16	19794000	19794999	0
chr16	19795000	19795999	0
chr16	19796000	19796999	0
chr16	19797000	19797999	0
chr16	19798000	19798999	5
chr16	19799000	19799999	1
chr16	19800000	19800999	11
chr16	19801000	19801999	14
chr16	19802000	19802999	5
chr16	19803000	19803999	7
chr16	19804000	19804999	8
chr16	19805000	19805999	7
chr16	19806000	19806999	21
chr16	19807000	19807999	0
chr16	19808000	19808999	8
chr16	19809000	19809999	7
chr16	19810000	19810999	4
chr16	19811000	19811999	15
chr16	19812000	19812999	5
chr16	19813000	19813999	0
chr16	19814000	19814999	5
chr16	19815000	19815999	3
chr16	19816000	19816999	13
chr16	19817000	19817999	0
chr16	19818000	19818999	6
chr16	19819000	19819999	0
chr16	19820000	19820999	2
chr16	19821000	19821999	3
chr16	19822000	19822999	12
chr16	19823000	19823999	9
chr16	19824000	19824999	1
chr16	19825000	19825999	0
chr16	19826000	19826999	5
chr16	19827000	19827999	0
chr16	19828000	19828999	0
chr16	19829000	19829999	0
chr16	19830000	19830999	4
chr16	19831000	19831999	0
chr16	19832000	19832999	0
chr16	19833000	19833999	9
chr16	19834000	19834999	9
chr16	19835000	19835999	9
chr16	19836000	19836999	25
chr16	19837000	19837999	10
chr16	19838000	19838999	7
chr16	19839000	19839999	12
chr16	19840000	19840999	4
chr16	19841000	19841999	15
chr16	19842000	19842999	0
chr16	19843000	19843999	0
chr16	19844000	19844999	19
chr16	19845000	19845999	10
chr16	19846000	19846999	12
chr16	19847000	19847999	10
chr16	19848000	19848999	9
chr16	19849000	19849999	5
chr16	19850000	19850999	3
chr16	19851000	19851999	0
chr16	19852000	19852999	23
chr16	19853000	19853999	21
chr16	19854000	19854999	2
chr16	19855000	19855999	18
chr16	19856000	19856999	0
chr16	19857000	19857999	7
chr16	19858000	19858999	7
chr16	19859000	19859999	33
chr16	19860000	19860999	15
chr16	19861000	19861999	5
chr16	19862000	19862999	7
chr16	19863000	19863999	6
chr16	19864000	19864999	6
chr16	19865000	19865999	13
chr16	19866000	19866999	15
chr16	19867000	19867999	18
chr16	19868000	19868999	28
chr16	19869000	19869999	18
chr16	19870000	19870999	8
chr16	19871000	19871999	0
chr16	19872000	19872999	19
chr16	19873000	19873999	12
chr16	19874000	19874999	0
chr16	19875000	19875999	0
chr16	19876000	19876999	2
chr16	19877000	19877999	12
chr16	19878000	19878999	17
chr16	19879000	19879999	7
chr16	19880000	19880999	3
chr16	19881000	19881999	5
chr16	19882000	19882999	3
chr16	19883000	19883999	17
chr16	19884000	19884999	0
chr16	19885000	19885999	4
chr16	19886000	19886999	40
chr16	19887000	19887999	4
chr16	19888000	19888999	15
chr16	19889000	19889999	4
chr16	19890000	19890999	0
chr16	19891000	19891999	22
chr16	19892000	19892999	16
chr16	19893000	19893999	0
chr16	19894000	19894999	0
chr16	19895000	19895999	9
chr16	19896000	19896999	10
chr16	19897000	19897999	12
chr16	19898000	19898999	21
chr16	19899000	19899999	13
chr16	19900000	19900999	0
chr16	19901000	19901999	5
chr16	19902000	19902999	0
chr16	19903000	19903999	4
chr16	19904000	19904999	4
chr16	19905000	19905999	7
chr16	19906000	19906999	7
chr16	19907000	19907999	21
chr16	19908000	19908999	7
chr16	19909000	19909999	6
chr16	19910000	19910999	3
chr16	19911000	19911999	15
chr16	19912000	19912999	9
chr16	19913000	19913999	7
chr16	19914000	19914999	8
chr16	19915000	19915999	4
chr16	19916000	19916999	0
chr16	19917000	19917999	10
chr16	19918000	19918999	18
chr16	19919000	19919999	1
chr16	19920000	19920999	14
chr16	19921000	19921999	0
chr16	19922000	19922999	2
chr16	19923000	19923999	7
chr16	19924000	19924999	0
chr16	19925000	19925999	6
chr16	19926000	19926999	5
chr16	19927000	19927999	1
chr16	19928000	19928999	15
chr16	19929000	19929999	0
chr16	19930000	19930999	0
chr16	19931000	19931999	0
chr16	19932000	19932999	6
chr16	19933000	19933999	0
chr16	19934000	19934999	5
chr16	19935000	19935999	0
chr16	19936000	19936999	4
chr16	19937000	19937999	22
chr16	19938000	19938999	19
chr16	19939000	19939999	0
chr16	19940000	19940999	0
chr16	19941000	19941999	0
chr16	19942000	19942999	0
chr16	19943000	19943999	0
chr16	19944000	19944999	0
chr16	19945000	19945999	0
chr16	19946000	19946999	20
chr16	19947000	19947999	10
chr16	19948000	19948999	0
chr16	19949000	19949999	28
chr16	19950000	19950999	0
chr16	19951000	19951999	9
chr16	19952000	19952999	7
chr16	19953000	19953999	11
chr16	19954000	19954999	10
chr16	19955000	19955999	11
chr16	19956000	19956999	15
chr16	19957000	19957999	7
chr16	19958000	19958999	15
chr16	19959000	19959999	6
chr16	19960000	19960999	0
chr16	19961000	19961999	19
chr16	19962000	19962999	5
chr16	19963000	19963999	0
chr16	19964000	19964999	12
chr16	19965000	19965999	12
chr16	19966000	19966999	0
chr16	19967000	19967999	21
chr16	19968000	19968999	3
chr16	19969000	19969999	0
chr16	19970000	19970999	11
chr16	19971000	19971999	0
chr16	19972000	19972999	29
chr16	19973000	19973999	39
chr16	19974000	19974999	13
chr16	19975000	19975999	2
chr16	19976000	19976999	20
chr16	19977000	19977999	5
chr16	19978000	19978999	33
chr16	19979000	19979999	17
chr16	19980000	19980999	9
chr16	19981000	19981999	25
chr16	19982000	19982999	0
chr16	19983000	19983999	6
chr16	19984000	19984999	0
chr16	19985000	19985999	6
chr16	19986000	19986999	10
chr16	19987000	19987999	8
chr16	19988000	19988999	0
chr16	19989000	19989999	0
chr16	19990000	19990999	6
chr16	19991000	19991999	0
chr16	19992000	19992999	0
chr16	19993000	19993999	0
chr16	19994000	19994999	15
chr16	19995000	19995999	24
chr16	19996000	19996999	30
chr16	19997000	19997999	1
chr16	19998000	19998999	6
chr16	19999000	19999999	0
chr16	20000000	20000999	13
chr16	20001000	20001999	1
chr16	20002000	20002999	0
chr16	20003000	20003999	2
chr16	20004000	20004999	0
chr16	20005000	20005999	0
chr16	20006000	20006999	7
chr16	20007000	20007999	10
chr16	20008000	20008999	2
chr16	20009000	20009999	6
chr16	20010000	20010999	0
chr16	20011000	20011999	24
chr16	20012000	20012999	7
chr16	20013000	20013999	11
chr16	20014000	20014999	5
chr16	20015000	20015999	2
chr16	20016000	20016999	7
chr16	20017000	20017999	0
chr16	20018000	20018999	14
chr16	20019000	20019999	0
chr16	20020000	20020999	0
chr16	20021000	20021999	15
chr16	20022000	20022999	25
chr16	20023000	20023999	0
chr16	20024000	20024999	18
chr16	20025000	20025999	3
chr16	20026000	20026999	0
chr16	20027000	20027999	0
chr16	20028000	20028999	0
chr16	20029000	20029999	0
chr16	20030000	20030999	0
chr16	20031000	20031999	7
chr16	20032000	20032999	14
chr16	20033000	20033999	4
chr16	20034000	20034999	13
chr16	20035000	20035999	11
chr16	20036000	20036999	0
chr16	20037000	20037999	0
chr16	20038000	20038999	0
chr16	20039000	20039999	0
chr16	20040000	20040999	0
chr16	20041000	20041999	0
chr16	20042000	20042999	0
chr16	20043000	20043999	0
chr16	20044000	20044999	32
chr16	20045000	20045999	4
chr16	20046000	20046999	22
chr16	20047000	20047999	17
chr16	20048000	20048999	10
chr16	20049000	20049999	19
chr16	20050000	20050999	24
chr16	20051000	20051999	8
chr16	20052000	20052999	5
chr16	20053000	20053999	14
chr16	20054000	20054999	9
chr16	20055000	20055999	3
chr16	20056000	20056999	11
chr16	20057000	20057999	6
chr16	20058000	20058999	0
chr16	20059000	20059999	3
chr16	20060000	20060999	4
chr16	20061000	20061999	25
chr16	20062000	20062999	8
chr16	20063000	20063999	13
chr16	20064000	20064999	11
chr16	20065000	20065999	10
chr16	20066000	20066999	4
chr16	20067000	20067999	16
chr16	20068000	20068999	0
chr16	20069000	20069999	9
chr16	20070000	20070999	28
chr16	20071000	20071999	13
chr16	20072000	20072999	24
chr16	20073000	20073999	13
chr16	20074000	20074999	14
chr16	20075000	20075999	14
chr16	20076000	20076999	6
chr16	20077000	20077999	4
chr16	20078000	20078999	6
chr16	20079000	20079999	6
chr16	20080000	20080999	0
chr16	20081000	20081999	0
chr16	20082000	20082999	10
chr16	20083000	20083999	20
chr16	20084000	20084999	7
chr16	20085000	20085999	8
chr16	20086000	20086999	16
chr16	20087000	20087999	13
chr16	20088000	20088999	1
chr16	20089000	20089999	0
chr16	20090000	20090999	8
chr16	20091000	20091999	16
chr16	20092000	20092999	6
chr16	20093000	20093999	0
chr16	20094000	20094999	4
chr16	20095000	20095999	4
chr16	20096000	20096999	44
chr16	20097000	20097999	136
chr16	20098000	20098999	133
chr16	20099000	20099999	33
chr16	20100000	20100999	17
chr16	20101000	20101999	17
chr16	20102000	20102999	12
chr16	20103000	20103999	14
chr16	20104000	20104999	19
chr16	20105000	20105999	8
chr16	20106000	20106999	19
chr16	20107000	20107999	7
chr16	20108000	20108999	15
chr16	20109000	20109999	17
chr16	20110000	20110999	22
chr16	20111000	20111999	19
chr16	20112000	20112999	41
chr16	20113000	20113999	22
chr16	20114000	20114999	25
chr16	20115000	20115999	11
chr16	20116000	20116999	52
chr16	20117000	20117999	12
chr16	20118000	20118999	2
chr16	20119000	20119999	15
chr16	20120000	20120999	0
chr16	20121000	20121999	29
chr16	20122000	20122999	7
chr16	20123000	20123999	4
chr16	20124000	20124999	6
chr16	20125000	20125999	7
chr16	20126000	20126999	17
chr16	20127000	20127999	14
chr16	20128000	20128999	7
chr16	20129000	20129999	0
chr16	20130000	20130999	14
chr16	20131000	20131999	28
chr16	20132000	20132999	7
chr16	20133000	20133999	33
chr16	20134000	20134999	17
chr16	20135000	20135999	5
chr16	20136000	20136999	15
chr16	20137000	20137999	9
chr16	20138000	20138999	29
chr16	20139000	20139999	11
chr16	20140000	20140999	39
chr16	20141000	20141999	66
chr16	20142000	20142999	27
chr16	20143000	20143999	4
chr16	20144000	20144999	10
chr16	20145000	20145999	0
chr16	20146000	20146999	15
chr16	20147000	20147999	4
chr16	20148000	20148999	1
chr16	20149000	20149999	12
chr16	20150000	20150999	0
chr16	20151000	20151999	5
chr16	20152000	20152999	8
chr16	20153000	20153999	17
chr16	20154000	20154999	16
chr16	20155000	20155999	3
chr16	20156000	20156999	2
chr16	20157000	20157999	25
chr16	20158000	20158999	0
chr16	20159000	20159999	15
chr16	20160000	20160999	13
chr16	20161000	20161999	0
chr16	20162000	20162999	8
chr16	20163000	20163999	5
chr16	20164000	20164999	4
chr16	20165000	20165999	8
chr16	20166000	20166999	3
chr16	20167000	20167999	0
chr16	20168000	20168999	8
chr16	20169000	20169999	7
chr16	20170000	20170999	38
chr16	20171000	20171999	24
chr16	20172000	20172999	7
chr16	20173000	20173999	0
chr16	20174000	20174999	10
chr16	20175000	20175999	3
chr16	20176000	20176999	0
chr16	20177000	20177999	18
chr16	20178000	20178999	24
chr16	20179000	20179999	0
chr16	20180000	20180999	3
chr16	20181000	20181999	7
chr16	20182000	20182999	14
chr16	20183000	20183999	9
chr16	20184000	20184999	14
chr16	20185000	20185999	54
chr16	20186000	20186999	4
chr16	20187000	20187999	52
chr16	20188000	20188999	1
chr16	20189000	20189999	3
chr16	20190000	20190999	4
chr16	20191000	20191999	16
chr16	20192000	20192999	30
chr16	20193000	20193999	11
chr16	20194000	20194999	45
chr16	20195000	20195999	14
chr16	20196000	20196999	0
chr16	20197000	20197999	8
chr16	20198000	20198999	34
chr16	20199000	20199999	13
chr16	20200000	20200999	19
chr16	20201000	20201999	4
chr16	20202000	20202999	19
chr16	20203000	20203999	3
chr16	20204000	20204999	28
chr16	20205000	20205999	0
chr16	20206000	20206999	3
chr16	20207000	20207999	0
chr16	20208000	20208999	8
chr16	20209000	20209999	12
chr16	20210000	20210999	23
chr16	20211000	20211999	0
chr16	20212000	20212999	2
chr16	20213000	20213999	16
chr16	20214000	20214999	0
chr16	20215000	20215999	7
chr16	20216000	20216999	0
chr16	20217000	20217999	22
chr16	20218000	20218999	4
chr16	20219000	20219999	4
chr16	20220000	20220999	10
chr16	20221000	20221999	9
chr16	20222000	20222999	3
chr16	20223000	20223999	26
chr16	20224000	20224999	3
chr16	20225000	20225999	0
chr16	20226000	20226999	19
chr16	20227000	20227999	26
chr16	20228000	20228999	13
chr16	20229000	20229999	10
chr16	20230000	20230999	1
chr16	20231000	20231999	10
chr16	20232000	20232999	32
chr16	20233000	20233999	12
chr16	20234000	20234999	20
chr16	20235000	20235999	2
chr16	20236000	20236999	1
chr16	20237000	20237999	23
chr16	20238000	20238999	5
chr16	20239000	20239999	42
chr16	20240000	20240999	3
chr16	20241000	20241999	17
chr16	20242000	20242999	4
chr16	20243000	20243999	5
chr16	20244000	20244999	25
chr16	20245000	20245999	0
chr16	20246000	20246999	4
chr16	20247000	20247999	17
chr16	20248000	20248999	4
chr16	20249000	20249999	6
chr16	20250000	20250999	26
chr16	20251000	20251999	0
chr16	20252000	20252999	17
chr16	20253000	20253999	8
chr16	20254000	20254999	3
chr16	20255000	20255999	7
chr16	20256000	20256999	0
chr16	20257000	20257999	0
chr16	20258000	20258999	15
chr16	20259000	20259999	12
chr16	20260000	20260999	0
chr16	20261000	20261999	0
chr16	20262000	20262999	12
chr16	20263000	20263999	0
chr16	20264000	20264999	8
chr16	20265000	20265999	8
chr16	20266000	20266999	0
chr16	20267000	20267999	1
chr16	20268000	20268999	9
chr16	20269000	20269999	13
chr16	20270000	20270999	15
chr16	20271000	20271999	0
chr16	20272000	20272999	5
chr16	20273000	20273999	20
chr16	20274000	20274999	38
chr16	20275000	20275999	11
chr16	20276000	20276999	6
chr16	20277000	20277999	7
chr16	20278000	20278999	10
chr16	20279000	20279999	4
chr16	20280000	20280999	3
chr16	20281000	20281999	9
chr16	20282000	20282999	20
chr16	20283000	20283999	18
chr16	20284000	20284999	9
chr16	20285000	20285999	12
chr16	20286000	20286999	29
chr16	20287000	20287999	7
chr16	20288000	20288999	0
chr16	20289000	20289999	28
chr16	20290000	20290999	4
chr16	20291000	20291999	20
chr16	20292000	20292999	10
chr16	20293000	20293999	4
chr16	20294000	20294999	29
chr16	20295000	20295999	24
chr16	20296000	20296999	4
chr16	20297000	20297999	0
chr16	20298000	20298999	21
chr16	20299000	20299999	2
chr16	20300000	20300999	12
chr16	20301000	20301999	43
chr16	20302000	20302999	40
chr16	20303000	20303999	10
chr16	20304000	20304999	7
chr16	20305000	20305999	8
chr16	20306000	20306999	2
chr16	20307000	20307999	10
chr16	20308000	20308999	0
chr16	20309000	20309999	4
chr16	20310000	20310999	14
chr16	20311000	20311999	4
chr16	20312000	20312999	10
chr16	20313000	20313999	12
chr16	20314000	20314999	26
chr16	20315000	20315999	14
chr16	20316000	20316999	0
chr16	20317000	20317999	0
chr16	20318000	20318999	7
chr16	20319000	20319999	13
chr16	20320000	20320999	0
chr16	20321000	20321999	14
chr16	20322000	20322999	0
chr16	20323000	20323999	0
chr16	20324000	20324999	19
chr16	20325000	20325999	7
chr16	20326000	20326999	17
chr16	20327000	20327999	0
chr16	20328000	20328999	0
chr16	20329000	20329999	17
chr16	20330000	20330999	5
chr16	20331000	20331999	6
chr16	20332000	20332999	15
chr16	20333000	20333999	24
chr16	20334000	20334999	12
chr16	20335000	20335999	21
chr16	20336000	20336999	22
chr16	20337000	20337999	11
chr16	20338000	20338999	2
chr16	20339000	20339999	12
chr16	20340000	20340999	11
chr16	20341000	20341999	4
chr16	20342000	20342999	0
chr16	20343000	20343999	23
chr16	20344000	20344999	3
chr16	20345000	20345999	11
chr16	20346000	20346999	10
chr16	20347000	20347999	16
chr16	20348000	20348999	8
chr16	20349000	20349999	19
chr16	20350000	20350999	10
chr16	20351000	20351999	17
chr16	20352000	20352999	0
chr16	20353000	20353999	20
chr16	20354000	20354999	8
chr16	20355000	20355999	3
chr16	20356000	20356999	0
chr16	20357000	20357999	21
chr16	20358000	20358999	15
chr16	20359000	20359999	9
chr16	20360000	20360999	20
chr16	20361000	20361999	33
chr16	20362000	20362999	19
chr16	20363000	20363999	29
chr16	20364000	20364999	7
chr16	20365000	20365999	27
chr16	20366000	20366999	8
chr16	20367000	20367999	7
chr16	20368000	20368999	21
chr16	20369000	20369999	4
chr16	20370000	20370999	25
chr16	20371000	20371999	7
chr16	20372000	20372999	14
chr16	20373000	20373999	10
chr16	20374000	20374999	0
chr16	20375000	20375999	4
chr16	20376000	20376999	0
chr16	20377000	20377999	15
chr16	20378000	20378999	7
chr16	20379000	20379999	19
chr16	20380000	20380999	5
chr16	20381000	20381999	24
chr16	20382000	20382999	20
chr16	20383000	20383999	5
chr16	20384000	20384999	0
chr16	20385000	20385999	9
chr16	20386000	20386999	6
chr16	20387000	20387999	15
chr16	20388000	20388999	1
chr16	20389000	20389999	4
chr16	20390000	20390999	12
chr16	20391000	20391999	2
chr16	20392000	20392999	14
chr16	20393000	20393999	0
chr16	20394000	20394999	2
chr16	20395000	20395999	6
chr16	20396000	20396999	6
chr16	20397000	20397999	0
chr16	20398000	20398999	0
chr16	20399000	20399999	29
chr16	20400000	20400999	14
chr16	20401000	20401999	5
chr16	20402000	20402999	15
chr16	20403000	20403999	0
chr16	20404000	20404999	30
chr16	20405000	20405999	7
chr16	20406000	20406999	0
chr16	20407000	20407999	19
chr16	20408000	20408999	10
chr16	20409000	20409999	8
chr16	20410000	20410999	11
chr16	20411000	20411999	2
chr16	20412000	20412999	4
chr16	20413000	20413999	0
chr16	20414000	20414999	0
chr16	20415000	20415999	2
chr16	20416000	20416999	21
chr16	20417000	20417999	14
chr16	20418000	20418999	24
chr16	20419000	20419999	3
chr16	20420000	20420999	3
chr16	20421000	20421999	14
chr16	20422000	20422999	0
chr16	20423000	20423999	8
chr16	20424000	20424999	11
chr16	20425000	20425999	34
chr16	20426000	20426999	27
chr16	20427000	20427999	11
chr16	20428000	20428999	4
chr16	20429000	20429999	4
chr16	20430000	20430999	21
chr16	20431000	20431999	11
chr16	20432000	20432999	26
chr16	20433000	20433999	5
chr16	20434000	20434999	2
chr16	20435000	20435999	3
chr16	20436000	20436999	19
chr16	20437000	20437999	18
chr16	20438000	20438999	9
chr16	20439000	20439999	15
chr16	20440000	20440999	0
chr16	20441000	20441999	7
chr16	20442000	20442999	3
chr16	20443000	20443999	3
chr16	20444000	20444999	10
chr16	20445000	20445999	2
chr16	20446000	20446999	8
chr16	20447000	20447999	5
chr16	20448000	20448999	8
chr16	20449000	20449999	7
chr16	20450000	20450999	0
chr16	20451000	20451999	11
chr16	20452000	20452999	5
chr16	20453000	20453999	14
chr16	20454000	20454999	14
chr16	20455000	20455999	0
chr16	20456000	20456999	14
chr16	20457000	20457999	1
chr16	20458000	20458999	5
chr16	20459000	20459999	10
chr16	20460000	20460999	6
chr16	20461000	20461999	8
chr16	20462000	20462999	5
chr16	20463000	20463999	0
chr16	20464000	20464999	0
chr16	20465000	20465999	17
chr16	20466000	20466999	24
chr16	20467000	20467999	22
chr16	20468000	20468999	10
chr16	20469000	20469999	0
chr16	20470000	20470999	5
chr16	20471000	20471999	11
chr16	20472000	20472999	1
chr16	20473000	20473999	0
chr16	20474000	20474999	0
chr16	20475000	20475999	8
chr16	20476000	20476999	11
chr16	20477000	20477999	15
chr16	20478000	20478999	7
chr16	20479000	20479999	18
chr16	20480000	20480999	15
chr16	20481000	20481999	4
chr16	20482000	20482999	0
chr16	20483000	20483999	6
chr16	20484000	20484999	11
chr16	20485000	20485999	2
chr16	20486000	20486999	8
chr16	20487000	20487999	33
chr16	20488000	20488999	34
chr16	20489000	20489999	9
chr16	20490000	20490999	13
chr16	20491000	20491999	13
chr16	20492000	20492999	0
chr16	20493000	20493999	2
chr16	20494000	20494999	17
chr16	20495000	20495999	5
chr16	20496000	20496999	33
chr16	20497000	20497999	17
chr16	20498000	20498999	86
chr16	20499000	20499999	18
chr16	20500000	20500999	0
chr16	20501000	20501999	2
chr16	20502000	20502999	1
chr16	20503000	20503999	11
chr16	20504000	20504999	13
chr16	20505000	20505999	7
chr16	20506000	20506999	22
chr16	20507000	20507999	14
chr16	20508000	20508999	12
chr16	20509000	20509999	22
chr16	20510000	20510999	11
chr16	20511000	20511999	6
chr16	20512000	20512999	3
chr16	20513000	20513999	0
chr16	20514000	20514999	21
chr16	20515000	20515999	8
chr16	20516000	20516999	83
chr16	20517000	20517999	34
chr16	20518000	20518999	29
chr16	20519000	20519999	32
chr16	20520000	20520999	19
chr16	20521000	20521999	78
chr16	20522000	20522999	43
chr16	20523000	20523999	8
chr16	20524000	20524999	6
chr16	20525000	20525999	9
chr16	20526000	20526999	8
chr16	20527000	20527999	31
chr16	20528000	20528999	10
chr16	20529000	20529999	57
chr16	20530000	20530999	5
chr16	20531000	20531999	9
chr16	20532000	20532999	2
chr16	20533000	20533999	25
chr16	20534000	20534999	20
chr16	20535000	20535999	99
chr16	20536000	20536999	21
chr16	20537000	20537999	20
chr16	20538000	20538999	5
chr16	20539000	20539999	13
chr16	20540000	20540999	1
chr16	20541000	20541999	15
chr16	20542000	20542999	1
chr16	20543000	20543999	0
chr16	20544000	20544999	11
chr16	20545000	20545999	41
chr16	20546000	20546999	11
chr16	20547000	20547999	50
chr16	20548000	20548999	158
chr16	20549000	20549999	18
chr16	20550000	20550999	0
chr16	20551000	20551999	13
chr16	20552000	20552999	0
chr16	20553000	20553999	15
chr16	20554000	20554999	21
chr16	20555000	20555999	37
chr16	20556000	20556999	27
chr16	20557000	20557999	8
chr16	20558000	20558999	27
chr16	20559000	20559999	0
chr16	20560000	20560999	15
chr16	20561000	20561999	18
chr16	20562000	20562999	2
chr16	20563000	20563999	0
chr16	20564000	20564999	9
chr16	20565000	20565999	9
chr16	20566000	20566999	20
chr16	20567000	20567999	9
chr16	20568000	20568999	7
chr16	20569000	20569999	7
chr16	20570000	20570999	14
chr16	20571000	20571999	0
chr16	20572000	20572999	7
chr16	20573000	20573999	0
chr16	20574000	20574999	0
chr16	20575000	20575999	0
chr16	20576000	20576999	0
chr16	20577000	20577999	0
chr16	20578000	20578999	0
chr16	20579000	20579999	0
chr16	20580000	20580999	0
chr16	20581000	20581999	20
chr16	20582000	20582999	28
chr16	20583000	20583999	0
chr16	20584000	20584999	8
chr16	20585000	20585999	1
chr16	20586000	20586999	6
chr16	20587000	20587999	0
chr16	20588000	20588999	5
chr16	20589000	20589999	3
chr16	20590000	20590999	5
chr16	20591000	20591999	0
chr16	20592000	20592999	0
chr16	20593000	20593999	31
chr16	20594000	20594999	13
chr16	20595000	20595999	0
chr16	20596000	20596999	10
chr16	20597000	20597999	2
chr16	20598000	20598999	5
chr16	20599000	20599999	11
chr16	20600000	20600999	28
chr16	20601000	20601999	10
chr16	20602000	20602999	7
chr16	20603000	20603999	29
chr16	20604000	20604999	14
chr16	20605000	20605999	4
chr16	20606000	20606999	2
chr16	20607000	20607999	17
chr16	20608000	20608999	5
chr16	20609000	20609999	3
chr16	20610000	20610999	24
chr16	20611000	20611999	57
chr16	20612000	20612999	21
chr16	20613000	20613999	1
chr16	20614000	20614999	18
chr16	20615000	20615999	0
chr16	20616000	20616999	11
chr16	20617000	20617999	2
chr16	20618000	20618999	0
chr16	20619000	20619999	7
chr16	20620000	20620999	11
chr16	20621000	20621999	60
chr16	20622000	20622999	19
chr16	20623000	20623999	5
chr16	20624000	20624999	0
chr16	20625000	20625999	11
chr16	20626000	20626999	5
chr16	20627000	20627999	22
chr16	20628000	20628999	0
chr16	20629000	20629999	24
chr16	20630000	20630999	6
chr16	20631000	20631999	5
chr16	20632000	20632999	11
chr16	20633000	20633999	15
chr16	20634000	20634999	0
chr16	20635000	20635999	28
chr16	20636000	20636999	1
chr16	20637000	20637999	1
chr16	20638000	20638999	8
chr16	20639000	20639999	12
chr16	20640000	20640999	0
chr16	20641000	20641999	0
chr16	20642000	20642999	13
chr16	20643000	20643999	3
chr16	20644000	20644999	21
chr16	20645000	20645999	6
chr16	20646000	20646999	2
chr16	20647000	20647999	7
chr16	20648000	20648999	0
chr16	20649000	20649999	22
chr16	20650000	20650999	1
chr16	20651000	20651999	64
chr16	20652000	20652999	28
chr16	20653000	20653999	9
chr16	20654000	20654999	5
chr16	20655000	20655999	6
chr16	20656000	20656999	5
chr16	20657000	20657999	18
chr16	20658000	20658999	15
chr16	20659000	20659999	7
chr16	20660000	20660999	0
chr16	20661000	20661999	20
chr16	20662000	20662999	18
chr16	20663000	20663999	5
chr16	20664000	20664999	15
chr16	20665000	20665999	10
chr16	20666000	20666999	7
chr16	20667000	20667999	5
chr16	20668000	20668999	6
chr16	20669000	20669999	6
chr16	20670000	20670999	27
chr16	20671000	20671999	37
chr16	20672000	20672999	87
chr16	20673000	20673999	67
chr16	20674000	20674999	18
chr16	20675000	20675999	11
chr16	20676000	20676999	0
chr16	20677000	20677999	34
chr16	20678000	20678999	40
chr16	20679000	20679999	12
chr16	20680000	20680999	0
chr16	20681000	20681999	9
chr16	20682000	20682999	11
chr16	20683000	20683999	14
chr16	20684000	20684999	10
chr16	20685000	20685999	13
chr16	20686000	20686999	14
chr16	20687000	20687999	1
chr16	20688000	20688999	8
chr16	20689000	20689999	4
chr16	20690000	20690999	19
chr16	20691000	20691999	7
chr16	20692000	20692999	44
chr16	20693000	20693999	7
chr16	20694000	20694999	42
chr16	20695000	20695999	13
chr16	20696000	20696999	9
chr16	20697000	20697999	10
chr16	20698000	20698999	14
chr16	20699000	20699999	11
chr16	20700000	20700999	12
chr16	20701000	20701999	5
chr16	20702000	20702999	2
chr16	20703000	20703999	0
chr16	20704000	20704999	0
chr16	20705000	20705999	6
chr16	20706000	20706999	8
chr16	20707000	20707999	22
chr16	20708000	20708999	11
chr16	20709000	20709999	8
chr16	20710000	20710999	8
chr16	20711000	20711999	27
chr16	20712000	20712999	7
chr16	20713000	20713999	12
chr16	20714000	20714999	1
chr16	20715000	20715999	29
chr16	20716000	20716999	79
chr16	20717000	20717999	160
chr16	20718000	20718999	25
chr16	20719000	20719999	4
chr16	20720000	20720999	1
chr16	20721000	20721999	7
chr16	20722000	20722999	11
chr16	20723000	20723999	2
chr16	20724000	20724999	9
chr16	20725000	20725999	3
chr16	20726000	20726999	30
chr16	20727000	20727999	17
chr16	20728000	20728999	0
chr16	20729000	20729999	14
chr16	20730000	20730999	13
chr16	20731000	20731999	33
chr16	20732000	20732999	4
chr16	20733000	20733999	10
chr16	20734000	20734999	38
chr16	20735000	20735999	11
chr16	20736000	20736999	2
chr16	20737000	20737999	0
chr16	20738000	20738999	1
chr16	20739000	20739999	0
chr16	20740000	20740999	5
chr16	20741000	20741999	4
chr16	20742000	20742999	1
chr16	20743000	20743999	9
chr16	20744000	20744999	6
chr16	20745000	20745999	35
chr16	20746000	20746999	81
chr16	20747000	20747999	21
chr16	20748000	20748999	22
chr16	20749000	20749999	43
chr16	20750000	20750999	0
chr16	20751000	20751999	0
chr16	20752000	20752999	2
chr16	20753000	20753999	9
chr16	20754000	20754999	0
chr16	20755000	20755999	0
chr16	20756000	20756999	26
chr16	20757000	20757999	3
chr16	20758000	20758999	0
chr16	20759000	20759999	4
chr16	20760000	20760999	1
chr16	20761000	20761999	0
chr16	20762000	20762999	9
chr16	20763000	20763999	26
chr16	20764000	20764999	18
chr16	20765000	20765999	14
chr16	20766000	20766999	9
chr16	20767000	20767999	6
chr16	20768000	20768999	3
chr16	20769000	20769999	26
chr16	20770000	20770999	9
chr16	20771000	20771999	12
chr16	20772000	20772999	2
chr16	20773000	20773999	0
chr16	20774000	20774999	16
chr16	20775000	20775999	0
chr16	20776000	20776999	6
chr16	20777000	20777999	6
chr16	20778000	20778999	4
chr16	20779000	20779999	0
chr16	20780000	20780999	0
chr16	20781000	20781999	5
chr16	20782000	20782999	9
chr16	20783000	20783999	16
chr16	20784000	20784999	80
chr16	20785000	20785999	42
chr16	20786000	20786999	0
chr16	20787000	20787999	15
chr16	20788000	20788999	15
chr16	20789000	20789999	7
chr16	20790000	20790999	5
chr16	20791000	20791999	0
chr16	20792000	20792999	8
chr16	20793000	20793999	2
chr16	20794000	20794999	0
chr16	20795000	20795999	15
chr16	20796000	20796999	0
chr16	20797000	20797999	1
chr16	20798000	20798999	29
chr16	20799000	20799999	11
chr16	20800000	20800999	22
chr16	20801000	20801999	4
chr16	20802000	20802999	20
chr16	20803000	20803999	16
chr16	20804000	20804999	19
chr16	20805000	20805999	25
chr16	20806000	20806999	20
chr16	20807000	20807999	7
chr16	20808000	20808999	7
chr16	20809000	20809999	22
chr16	20810000	20810999	6
chr16	20811000	20811999	15
chr16	20812000	20812999	0
chr16	20813000	20813999	10
chr16	20814000	20814999	14
chr16	20815000	20815999	0
chr16	20816000	20816999	0
chr16	20817000	20817999	26
chr16	20818000	20818999	0
chr16	20819000	20819999	23
chr16	20820000	20820999	3
chr16	20821000	20821999	1
chr16	20822000	20822999	0
chr16	20823000	20823999	7
chr16	20824000	20824999	0
chr16	20825000	20825999	14
chr16	20826000	20826999	7
chr16	20827000	20827999	2
chr16	20828000	20828999	0
chr16	20829000	20829999	4
chr16	20830000	20830999	14
chr16	20831000	20831999	34
chr16	20832000	20832999	10
chr16	20833000	20833999	3
chr16	20834000	20834999	11
chr16	20835000	20835999	1
chr16	20836000	20836999	11
chr16	20837000	20837999	18
chr16	20838000	20838999	27
chr16	20839000	20839999	0
chr16	20840000	20840999	19
chr16	20841000	20841999	4
chr16	20842000	20842999	20
chr16	20843000	20843999	17
chr16	20844000	20844999	4
chr16	20845000	20845999	12
chr16	20846000	20846999	11
chr16	20847000	20847999	10
chr16	20848000	20848999	0
chr16	20849000	20849999	3
chr16	20850000	20850999	0
chr16	20851000	20851999	0
chr16	20852000	20852999	21
chr16	20853000	20853999	5
chr16	20854000	20854999	9
chr16	20855000	20855999	14
chr16	20856000	20856999	0
chr16	20857000	20857999	4
chr16	20858000	20858999	10
chr16	20859000	20859999	21
chr16	20860000	20860999	1
chr16	20861000	20861999	8
chr16	20862000	20862999	5
chr16	20863000	20863999	13
chr16	20864000	20864999	10
chr16	20865000	20865999	1
chr16	20866000	20866999	11
chr16	20867000	20867999	5
chr16	20868000	20868999	0
chr16	20869000	20869999	29
chr16	20870000	20870999	0
chr16	20871000	20871999	10
chr16	20872000	20872999	4
chr16	20873000	20873999	0
chr16	20874000	20874999	0
chr16	20875000	20875999	1
chr16	20876000	20876999	7
chr16	20877000	20877999	12
chr16	20878000	20878999	0
chr16	20879000	20879999	10
chr16	20880000	20880999	0
chr16	20881000	20881999	34
chr16	20882000	20882999	9
chr16	20883000	20883999	9
chr16	20884000	20884999	9
chr16	20885000	20885999	0
chr16	20886000	20886999	18
chr16	20887000	20887999	0
chr16	20888000	20888999	0
chr16	20889000	20889999	17
chr16	20890000	20890999	0
chr16	20891000	20891999	4
chr16	20892000	20892999	8
chr16	20893000	20893999	11
chr16	20894000	20894999	6
chr16	20895000	20895999	3
chr16	20896000	20896999	6
chr16	20897000	20897999	8
chr16	20898000	20898999	4
chr16	20899000	20899999	2
chr16	20900000	20900999	6
chr16	20901000	20901999	6
chr16	20902000	20902999	0
chr16	20903000	20903999	0
chr16	20904000	20904999	0
chr16	20905000	20905999	0
chr16	20906000	20906999	5
chr16	20907000	20907999	5
chr16	20908000	20908999	18
chr16	20909000	20909999	8
chr16	20910000	20910999	17
chr16	20911000	20911999	6
chr16	20912000	20912999	15
chr16	20913000	20913999	8
chr16	20914000	20914999	1
chr16	20915000	20915999	0
chr16	20916000	20916999	0
chr16	20917000	20917999	0
chr16	20918000	20918999	0
chr16	20919000	20919999	0
chr16	20920000	20920999	0
chr16	20921000	20921999	0
chr16	20922000	20922999	6
chr16	20923000	20923999	1
chr16	20924000	20924999	21
chr16	20925000	20925999	1
chr16	20926000	20926999	13
chr16	20927000	20927999	0
chr16	20928000	20928999	6
chr16	20929000	20929999	0
chr16	20930000	20930999	2
chr16	20931000	20931999	9
chr16	20932000	20932999	0
chr16	20933000	20933999	9
chr16	20934000	20934999	0
chr16	20935000	20935999	2
chr16	20936000	20936999	0
chr16	20937000	20937999	0
chr16	20938000	20938999	9
chr16	20939000	20939999	0
chr16	20940000	20940999	0
chr16	20941000	20941999	23
chr16	20942000	20942999	14
chr16	20943000	20943999	13
chr16	20944000	20944999	6
chr16	20945000	20945999	0
chr16	20946000	20946999	0
chr16	20947000	20947999	14
chr16	20948000	20948999	1
chr16	20949000	20949999	0
chr16	20950000	20950999	0
chr16	20951000	20951999	3
chr16	20952000	20952999	3
chr16	20953000	20953999	0
chr16	20954000	20954999	0
chr16	20955000	20955999	6
chr16	20956000	20956999	17
chr16	20957000	20957999	12
chr16	20958000	20958999	0
chr16	20959000	20959999	8
chr16	20960000	20960999	5
chr16	20961000	20961999	8
chr16	20962000	20962999	4
chr16	20963000	20963999	2
chr16	20964000	20964999	1
chr16	20965000	20965999	16
chr16	20966000	20966999	5
chr16	20967000	20967999	4
chr16	20968000	20968999	19
chr16	20969000	20969999	0
chr16	20970000	20970999	0
chr16	20971000	20971999	4
chr16	20972000	20972999	3
chr16	20973000	20973999	0
chr16	20974000	20974999	0
chr16	20975000	20975999	12
chr16	20976000	20976999	0
chr16	20977000	20977999	25
chr16	20978000	20978999	23
chr16	20979000	20979999	0
chr16	20980000	20980999	11
chr16	20981000	20981999	8
chr16	20982000	20982999	2
chr16	20983000	20983999	0
chr16	20984000	20984999	4
chr16	20985000	20985999	0
chr16	20986000	20986999	0
chr16	20987000	20987999	0
chr16	20988000	20988999	0
chr16	20989000	20989999	14
chr16	20990000	20990999	3
chr16	20991000	20991999	1
chr16	20992000	20992999	2
chr16	20993000	20993999	1
chr16	20994000	20994999	3
chr16	20995000	20995999	19
chr16	20996000	20996999	1
chr16	20997000	20997999	10
chr16	20998000	20998999	18
chr16	20999000	20999999	0
chr16	21000000	21000999	1
chr16	21001000	21001999	6
chr16	21002000	21002999	10
chr16	21003000	21003999	0
chr16	21004000	21004999	3
chr16	21005000	21005999	11
chr16	21006000	21006999	0
chr16	21007000	21007999	0
chr16	21008000	21008999	0
chr16	21009000	21009999	0
chr16	21010000	21010999	22
chr16	21011000	21011999	10
chr16	21012000	21012999	16
chr16	21013000	21013999	7
chr16	21014000	21014999	10
chr16	21015000	21015999	19
chr16	21016000	21016999	12
chr16	21017000	21017999	29
chr16	21018000	21018999	17
chr16	21019000	21019999	28
chr16	21020000	21020999	8
chr16	21021000	21021999	3
chr16	21022000	21022999	9
chr16	21023000	21023999	2
chr16	21024000	21024999	0
chr16	21025000	21025999	0
chr16	21026000	21026999	13
chr16	21027000	21027999	18
chr16	21028000	21028999	47
chr16	21029000	21029999	9
chr16	21030000	21030999	11
chr16	21031000	21031999	0
chr16	21032000	21032999	6
chr16	21033000	21033999	18
chr16	21034000	21034999	19
chr16	21035000	21035999	1
chr16	21036000	21036999	0
chr16	21037000	21037999	1
chr16	21038000	21038999	0
chr16	21039000	21039999	24
chr16	21040000	21040999	5
chr16	21041000	21041999	0
chr16	21042000	21042999	3
chr16	21043000	21043999	8
chr16	21044000	21044999	11
chr16	21045000	21045999	6
chr16	21046000	21046999	4
chr16	21047000	21047999	33
chr16	21048000	21048999	12
chr16	21049000	21049999	12
chr16	21050000	21050999	0
chr16	21051000	21051999	9
chr16	21052000	21052999	17
chr16	21053000	21053999	0
chr16	21054000	21054999	0
chr16	21055000	21055999	8
chr16	21056000	21056999	10
chr16	21057000	21057999	19
chr16	21058000	21058999	5
chr16	21059000	21059999	4
chr16	21060000	21060999	1
chr16	21061000	21061999	12
chr16	21062000	21062999	9
chr16	21063000	21063999	2
chr16	21064000	21064999	0
chr16	21065000	21065999	13
chr16	21066000	21066999	0
chr16	21067000	21067999	0
chr16	21068000	21068999	1
chr16	21069000	21069999	14
chr16	21070000	21070999	0
chr16	21071000	21071999	18
chr16	21072000	21072999	2
chr16	21073000	21073999	0
chr16	21074000	21074999	7
chr16	21075000	21075999	5
chr16	21076000	21076999	4
chr16	21077000	21077999	8
chr16	21078000	21078999	0
chr16	21079000	21079999	7
chr16	21080000	21080999	10
chr16	21081000	21081999	14
chr16	21082000	21082999	16
chr16	21083000	21083999	0
chr16	21084000	21084999	2
chr16	21085000	21085999	3
chr16	21086000	21086999	8
chr16	21087000	21087999	5
chr16	21088000	21088999	16
chr16	21089000	21089999	0
chr16	21090000	21090999	14
chr16	21091000	21091999	7
chr16	21092000	21092999	2
chr16	21093000	21093999	17
chr16	21094000	21094999	0
chr16	21095000	21095999	6
chr16	21096000	21096999	4
chr16	21097000	21097999	3
chr16	21098000	21098999	6
chr16	21099000	21099999	0
chr16	21100000	21100999	0
chr16	21101000	21101999	0
chr16	21102000	21102999	15
chr16	21103000	21103999	11
chr16	21104000	21104999	5
chr16	21105000	21105999	3
chr16	21106000	21106999	0
chr16	21107000	21107999	0
chr16	21108000	21108999	0
chr16	21109000	21109999	9
chr16	21110000	21110999	1
chr16	21111000	21111999	3
chr16	21112000	21112999	5
chr16	21113000	21113999	10
chr16	21114000	21114999	14
chr16	21115000	21115999	18
chr16	21116000	21116999	1
chr16	21117000	21117999	29
chr16	21118000	21118999	0
chr16	21119000	21119999	1
chr16	21120000	21120999	4
chr16	21121000	21121999	3
chr16	21122000	21122999	11
chr16	21123000	21123999	6
chr16	21124000	21124999	8
chr16	21125000	21125999	4
chr16	21126000	21126999	17
chr16	21127000	21127999	2
chr16	21128000	21128999	0
chr16	21129000	21129999	0
chr16	21130000	21130999	2
chr16	21131000	21131999	0
chr16	21132000	21132999	5
chr16	21133000	21133999	5
chr16	21134000	21134999	11
chr16	21135000	21135999	8
chr16	21136000	21136999	30
chr16	21137000	21137999	0
chr16	21138000	21138999	0
chr16	21139000	21139999	4
chr16	21140000	21140999	8
chr16	21141000	21141999	6
chr16	21142000	21142999	17
chr16	21143000	21143999	0
chr16	21144000	21144999	4
chr16	21145000	21145999	2
chr16	21146000	21146999	13
chr16	21147000	21147999	6
chr16	21148000	21148999	6
chr16	21149000	21149999	18
chr16	21150000	21150999	0
chr16	21151000	21151999	3
chr16	21152000	21152999	0
chr16	21153000	21153999	3
chr16	21154000	21154999	0
chr16	21155000	21155999	0
chr16	21156000	21156999	8
chr16	21157000	21157999	9
chr16	21158000	21158999	2
chr16	21159000	21159999	1
chr16	21160000	21160999	10
chr16	21161000	21161999	0
chr16	21162000	21162999	3
chr16	21163000	21163999	0
chr16	21164000	21164999	14
chr16	21165000	21165999	0
chr16	21166000	21166999	9
chr16	21167000	21167999	12
chr16	21168000	21168999	0
chr16	21169000	21169999	14
chr16	21170000	21170999	5
chr16	21171000	21171999	24
chr16	21172000	21172999	0
chr16	21173000	21173999	1
chr16	21174000	21174999	11
chr16	21175000	21175999	3
chr16	21176000	21176999	7
chr16	21177000	21177999	0
chr16	21178000	21178999	21
chr16	21179000	21179999	0
chr16	21180000	21180999	7
chr16	21181000	21181999	13
chr16	21182000	21182999	9
chr16	21183000	21183999	0
chr16	21184000	21184999	13
chr16	21185000	21185999	15
chr16	21186000	21186999	28
chr16	21187000	21187999	0
chr16	21188000	21188999	13
chr16	21189000	21189999	0
chr16	21190000	21190999	21
chr16	21191000	21191999	6
chr16	21192000	21192999	11
chr16	21193000	21193999	5
chr16	21194000	21194999	8
chr16	21195000	21195999	11
chr16	21196000	21196999	44
chr16	21197000	21197999	29
chr16	21198000	21198999	8
chr16	21199000	21199999	5
chr16	21200000	21200999	13
chr16	21201000	21201999	5
chr16	21202000	21202999	4
chr16	21203000	21203999	35
chr16	21204000	21204999	160
chr16	21205000	21205999	9
chr16	21206000	21206999	24
chr16	21207000	21207999	7
chr16	21208000	21208999	5
chr16	21209000	21209999	4
chr16	21210000	21210999	21
chr16	21211000	21211999	10
chr16	21212000	21212999	11
chr16	21213000	21213999	6
chr16	21214000	21214999	15
chr16	21215000	21215999	1
chr16	21216000	21216999	0
chr16	21217000	21217999	6
chr16	21218000	21218999	5
chr16	21219000	21219999	47
chr16	21220000	21220999	13
chr16	21221000	21221999	12
chr16	21222000	21222999	21
chr16	21223000	21223999	6
chr16	21224000	21224999	11
chr16	21225000	21225999	1
chr16	21226000	21226999	52
chr16	21227000	21227999	10
chr16	21228000	21228999	23
chr16	21229000	21229999	0
chr16	21230000	21230999	12
chr16	21231000	21231999	2
chr16	21232000	21232999	3
chr16	21233000	21233999	5
chr16	21234000	21234999	4
chr16	21235000	21235999	16
chr16	21236000	21236999	2
chr16	21237000	21237999	0
chr16	21238000	21238999	24
chr16	21239000	21239999	5
chr16	21240000	21240999	0
chr16	21241000	21241999	0
chr16	21242000	21242999	5
chr16	21243000	21243999	13
chr16	21244000	21244999	0
chr16	21245000	21245999	22
chr16	21246000	21246999	18
chr16	21247000	21247999	7
chr16	21248000	21248999	16
chr16	21249000	21249999	2
chr16	21250000	21250999	3
chr16	21251000	21251999	17
chr16	21252000	21252999	14
chr16	21253000	21253999	56
chr16	21254000	21254999	1
chr16	21255000	21255999	13
chr16	21256000	21256999	3
chr16	21257000	21257999	0
chr16	21258000	21258999	15
chr16	21259000	21259999	3
chr16	21260000	21260999	2
chr16	21261000	21261999	22
chr16	21262000	21262999	17
chr16	21263000	21263999	0
chr16	21264000	21264999	25
chr16	21265000	21265999	1
chr16	21266000	21266999	7
chr16	21267000	21267999	4
chr16	21268000	21268999	13
chr16	21269000	21269999	31
chr16	21270000	21270999	12
chr16	21271000	21271999	3
chr16	21272000	21272999	15
chr16	21273000	21273999	6
chr16	21274000	21274999	5
chr16	21275000	21275999	3
chr16	21276000	21276999	11
chr16	21277000	21277999	8
chr16	21278000	21278999	23
chr16	21279000	21279999	1
chr16	21280000	21280999	12
chr16	21281000	21281999	0
chr16	21282000	21282999	11
chr16	21283000	21283999	23
chr16	21284000	21284999	18
chr16	21285000	21285999	6
chr16	21286000	21286999	38
chr16	21287000	21287999	13
chr16	21288000	21288999	6
chr16	21289000	21289999	30
chr16	21290000	21290999	30
chr16	21291000	21291999	4
chr16	21292000	21292999	14
chr16	21293000	21293999	13
chr16	21294000	21294999	21
chr16	21295000	21295999	20
chr16	21296000	21296999	31
chr16	21297000	21297999	5
chr16	21298000	21298999	2
chr16	21299000	21299999	0
chr16	21300000	21300999	2
chr16	21301000	21301999	7
chr16	21302000	21302999	1
chr16	21303000	21303999	7
chr16	21304000	21304999	8
chr16	21305000	21305999	5
chr16	21306000	21306999	3
chr16	21307000	21307999	0
chr16	21308000	21308999	0
chr16	21309000	21309999	23
chr16	21310000	21310999	30
chr16	21311000	21311999	18
chr16	21312000	21312999	20
chr16	21313000	21313999	3
chr16	21314000	21314999	4
chr16	21315000	21315999	11
chr16	21316000	21316999	3
chr16	21317000	21317999	11
chr16	21318000	21318999	29
chr16	21319000	21319999	27
chr16	21320000	21320999	5
chr16	21321000	21321999	22
chr16	21322000	21322999	52
chr16	21323000	21323999	19
chr16	21324000	21324999	13
chr16	21325000	21325999	11
chr16	21326000	21326999	7
chr16	21327000	21327999	9
chr16	21328000	21328999	22
chr16	21329000	21329999	11
chr16	21330000	21330999	0
chr16	21331000	21331999	24
chr16	21332000	21332999	11
chr16	21333000	21333999	57
chr16	21334000	21334999	18
chr16	21335000	21335999	0
chr16	21336000	21336999	3
chr16	21337000	21337999	12
chr16	21338000	21338999	18
chr16	21339000	21339999	19
chr16	21340000	21340999	4
chr16	21341000	21341999	12
chr16	21342000	21342999	17
chr16	21343000	21343999	9
chr16	21344000	21344999	13
chr16	21345000	21345999	15
chr16	21346000	21346999	6
chr16	21347000	21347999	14
chr16	21348000	21348999	5
chr16	21349000	21349999	10
chr16	21350000	21350999	10
chr16	21351000	21351999	0
chr16	21352000	21352999	9
chr16	21353000	21353999	6
chr16	21354000	21354999	3
chr16	21355000	21355999	0
chr16	21356000	21356999	10
chr16	21357000	21357999	4
chr16	21358000	21358999	22
chr16	21359000	21359999	0
chr16	21360000	21360999	13
chr16	21361000	21361999	43
chr16	21362000	21362999	16
chr16	21363000	21363999	0
chr16	21364000	21364999	1
chr16	21365000	21365999	0
chr16	21366000	21366999	6
chr16	21367000	21367999	8
chr16	21368000	21368999	19
chr16	21369000	21369999	3
chr16	21370000	21370999	13
chr16	21371000	21371999	13
chr16	21372000	21372999	0
chr16	21373000	21373999	19
chr16	21374000	21374999	18
chr16	21375000	21375999	1
chr16	21376000	21376999	12
chr16	21377000	21377999	24
chr16	21378000	21378999	12
chr16	21379000	21379999	10
chr16	21380000	21380999	9
chr16	21381000	21381999	2
chr16	21382000	21382999	14
chr16	21383000	21383999	20
chr16	21384000	21384999	5
chr16	21385000	21385999	3
chr16	21386000	21386999	8
chr16	21387000	21387999	23
chr16	21388000	21388999	7
chr16	21389000	21389999	41
chr16	21390000	21390999	16
chr16	21391000	21391999	1
chr16	21392000	21392999	19
chr16	21393000	21393999	32
chr16	21394000	21394999	15
chr16	21395000	21395999	4
chr16	21396000	21396999	6
chr16	21397000	21397999	6
chr16	21398000	21398999	9
chr16	21399000	21399999	7
chr16	21400000	21400999	3
chr16	21401000	21401999	9
chr16	21402000	21402999	10
chr16	21403000	21403999	5
chr16	21404000	21404999	16
chr16	21405000	21405999	12
chr16	21406000	21406999	5
chr16	21407000	21407999	11
chr16	21408000	21408999	14
chr16	21409000	21409999	7
chr16	21410000	21410999	0
chr16	21411000	21411999	18
chr16	21412000	21412999	25
chr16	21413000	21413999	9
chr16	21414000	21414999	0
chr16	21415000	21415999	11
chr16	21416000	21416999	7
chr16	21417000	21417999	11
chr16	21418000	21418999	7
chr16	21419000	21419999	2
chr16	21420000	21420999	22
chr16	21421000	21421999	15
chr16	21422000	21422999	19
chr16	21423000	21423999	89
chr16	21424000	21424999	44
chr16	21425000	21425999	44
chr16	21426000	21426999	15
chr16	21427000	21427999	13
chr16	21428000	21428999	13
chr16	21429000	21429999	41
chr16	21430000	21430999	51
chr16	21431000	21431999	18
chr16	21432000	21432999	8
chr16	21433000	21433999	8
chr16	21434000	21434999	18
chr16	21435000	21435999	13
chr16	21436000	21436999	7
chr16	21437000	21437999	7
chr16	21438000	21438999	16
chr16	21439000	21439999	7
chr16	21440000	21440999	29
chr16	21441000	21441999	7
chr16	21442000	21442999	8
chr16	21443000	21443999	0
chr16	21444000	21444999	17
chr16	21445000	21445999	19
chr16	21446000	21446999	27
chr16	21447000	21447999	22
chr16	21448000	21448999	0
chr16	21449000	21449999	5
chr16	21450000	21450999	9
chr16	21451000	21451999	6
chr16	21452000	21452999	0
chr16	21453000	21453999	0
chr16	21454000	21454999	0
chr16	21455000	21455999	3
chr16	21456000	21456999	3
chr16	21457000	21457999	28
chr16	21458000	21458999	0
chr16	21459000	21459999	19
chr16	21460000	21460999	8
chr16	21461000	21461999	0
chr16	21462000	21462999	24
chr16	21463000	21463999	5
chr16	21464000	21464999	8
chr16	21465000	21465999	0
chr16	21466000	21466999	19
chr16	21467000	21467999	0
chr16	21468000	21468999	0
chr16	21469000	21469999	0
chr16	21470000	21470999	12
chr16	21471000	21471999	10
chr16	21472000	21472999	19
chr16	21473000	21473999	27
chr16	21474000	21474999	11
chr16	21475000	21475999	8
chr16	21476000	21476999	7
chr16	21477000	21477999	4
chr16	21478000	21478999	9
chr16	21479000	21479999	7
chr16	21480000	21480999	8
chr16	21481000	21481999	9
chr16	21482000	21482999	0
chr16	21483000	21483999	0
chr16	21484000	21484999	5
chr16	21485000	21485999	12
chr16	21486000	21486999	11
chr16	21487000	21487999	7
chr16	21488000	21488999	39
chr16	21489000	21489999	41
chr16	21490000	21490999	8
chr16	21491000	21491999	14
chr16	21492000	21492999	2
chr16	21493000	21493999	1
chr16	21494000	21494999	3
chr16	21495000	21495999	3
chr16	21496000	21496999	2
chr16	21497000	21497999	20
chr16	21498000	21498999	19
chr16	21499000	21499999	43
chr16	21500000	21500999	8
chr16	21501000	21501999	1
chr16	21502000	21502999	12
chr16	21503000	21503999	2
chr16	21504000	21504999	14
chr16	21505000	21505999	0
chr16	21506000	21506999	4
chr16	21507000	21507999	3
chr16	21508000	21508999	14
chr16	21509000	21509999	3
chr16	21510000	21510999	0
chr16	21511000	21511999	0
chr16	21512000	21512999	0
chr16	21513000	21513999	7
chr16	21514000	21514999	5
chr16	21515000	21515999	10
chr16	21516000	21516999	9
chr16	21517000	21517999	10
chr16	21518000	21518999	15
chr16	21519000	21519999	7
chr16	21520000	21520999	4
chr16	21521000	21521999	2
chr16	21522000	21522999	7
chr16	21523000	21523999	6
chr16	21524000	21524999	14
chr16	21525000	21525999	9
chr16	21526000	21526999	23
chr16	21527000	21527999	7
chr16	21528000	21528999	0
chr16	21529000	21529999	0
chr16	21530000	21530999	5
chr16	21531000	21531999	4
chr16	21532000	21532999	15
chr16	21533000	21533999	14
chr16	21534000	21534999	9
chr16	21535000	21535999	6
chr16	21536000	21536999	48
chr16	21537000	21537999	0
chr16	21538000	21538999	4
chr16	21539000	21539999	0
chr16	21540000	21540999	8
chr16	21541000	21541999	16
chr16	21542000	21542999	13
chr16	21543000	21543999	0
chr16	21544000	21544999	2
chr16	21545000	21545999	10
chr16	21546000	21546999	0
chr16	21547000	21547999	2
chr16	21548000	21548999	0
chr16	21549000	21549999	2
chr16	21550000	21550999	3
chr16	21551000	21551999	11
chr16	21552000	21552999	21
chr16	21553000	21553999	6
chr16	21554000	21554999	13
chr16	21555000	21555999	3
chr16	21556000	21556999	14
chr16	21557000	21557999	5
chr16	21558000	21558999	21
chr16	21559000	21559999	5
chr16	21560000	21560999	14
chr16	21561000	21561999	39
chr16	21562000	21562999	10
chr16	21563000	21563999	17
chr16	21564000	21564999	5
chr16	21565000	21565999	22
chr16	21566000	21566999	8
chr16	21567000	21567999	5
chr16	21568000	21568999	9
chr16	21569000	21569999	10
chr16	21570000	21570999	1
chr16	21571000	21571999	2
chr16	21572000	21572999	0
chr16	21573000	21573999	10
chr16	21574000	21574999	7
chr16	21575000	21575999	10
chr16	21576000	21576999	11
chr16	21577000	21577999	8
chr16	21578000	21578999	11
chr16	21579000	21579999	1
chr16	21580000	21580999	5
chr16	21581000	21581999	4
chr16	21582000	21582999	11
chr16	21583000	21583999	1
chr16	21584000	21584999	0
chr16	21585000	21585999	7
chr16	21586000	21586999	2
chr16	21587000	21587999	4
chr16	21588000	21588999	7
chr16	21589000	21589999	14
chr16	21590000	21590999	7
chr16	21591000	21591999	9
chr16	21592000	21592999	3
chr16	21593000	21593999	19
chr16	21594000	21594999	12
chr16	21595000	21595999	5
chr16	21596000	21596999	5
chr16	21597000	21597999	10
chr16	21598000	21598999	0
chr16	21599000	21599999	0
chr16	21600000	21600999	0
chr16	21601000	21601999	0
chr16	21602000	21602999	0
chr16	21603000	21603999	0
chr16	21604000	21604999	1
chr16	21605000	21605999	0
chr16	21606000	21606999	6
chr16	21607000	21607999	27
chr16	21608000	21608999	2
chr16	21609000	21609999	12
chr16	21610000	21610999	20
chr16	21611000	21611999	9
chr16	21612000	21612999	14
chr16	21613000	21613999	6
chr16	21614000	21614999	6
chr16	21615000	21615999	10
chr16	21616000	21616999	22
chr16	21617000	21617999	12
chr16	21618000	21618999	9
chr16	21619000	21619999	11
chr16	21620000	21620999	0
chr16	21621000	21621999	22
chr16	21622000	21622999	15
chr16	21623000	21623999	26
chr16	21624000	21624999	3
chr16	21625000	21625999	9
chr16	21626000	21626999	17
chr16	21627000	21627999	30
chr16	21628000	21628999	0
chr16	21629000	21629999	0
chr16	21630000	21630999	4
chr16	21631000	21631999	25
chr16	21632000	21632999	9
chr16	21633000	21633999	1
chr16	21634000	21634999	3
chr16	21635000	21635999	8
chr16	21636000	21636999	22
chr16	21637000	21637999	19
chr16	21638000	21638999	25
chr16	21639000	21639999	13
chr16	21640000	21640999	22
chr16	21641000	21641999	14
chr16	21642000	21642999	44
chr16	21643000	21643999	22
chr16	21644000	21644999	13
chr16	21645000	21645999	0
chr16	21646000	21646999	6
chr16	21647000	21647999	21
chr16	21648000	21648999	0
chr16	21649000	21649999	5
chr16	21650000	21650999	7
chr16	21651000	21651999	1
chr16	21652000	21652999	4
chr16	21653000	21653999	25
chr16	21654000	21654999	8
chr16	21655000	21655999	25
chr16	21656000	21656999	19
chr16	21657000	21657999	11
chr16	21658000	21658999	4
chr16	21659000	21659999	5
chr16	21660000	21660999	2
chr16	21661000	21661999	10
chr16	21662000	21662999	9
chr16	21663000	21663999	16
chr16	21664000	21664999	0
chr16	21665000	21665999	25
chr16	21666000	21666999	31
chr16	21667000	21667999	6
chr16	21668000	21668999	0
chr16	21669000	21669999	2
chr16	21670000	21670999	4
chr16	21671000	21671999	0
chr16	21672000	21672999	10
chr16	21673000	21673999	11
chr16	21674000	21674999	6
chr16	21675000	21675999	14
chr16	21676000	21676999	9
chr16	21677000	21677999	14
chr16	21678000	21678999	13
chr16	21679000	21679999	12
chr16	21680000	21680999	0
chr16	21681000	21681999	23
chr16	21682000	21682999	6
chr16	21683000	21683999	6
chr16	21684000	21684999	26
chr16	21685000	21685999	0
chr16	21686000	21686999	0
chr16	21687000	21687999	0
chr16	21688000	21688999	6
chr16	21689000	21689999	21
chr16	21690000	21690999	17
chr16	21691000	21691999	4
chr16	21692000	21692999	0
chr16	21693000	21693999	17
chr16	21694000	21694999	37
chr16	21695000	21695999	45
chr16	21696000	21696999	4
chr16	21697000	21697999	11
chr16	21698000	21698999	30
chr16	21699000	21699999	23
chr16	21700000	21700999	5
chr16	21701000	21701999	6
chr16	21702000	21702999	11
chr16	21703000	21703999	29
chr16	21704000	21704999	1
chr16	21705000	21705999	2
chr16	21706000	21706999	30
chr16	21707000	21707999	19
chr16	21708000	21708999	18
chr16	21709000	21709999	17
chr16	21710000	21710999	18
chr16	21711000	21711999	9
chr16	21712000	21712999	6
chr16	21713000	21713999	0
chr16	21714000	21714999	0
chr16	21715000	21715999	11
chr16	21716000	21716999	10
chr16	21717000	21717999	4
chr16	21718000	21718999	10
chr16	21719000	21719999	24
chr16	21720000	21720999	5
chr16	21721000	21721999	27
chr16	21722000	21722999	1
chr16	21723000	21723999	9
chr16	21724000	21724999	10
chr16	21725000	21725999	31
chr16	21726000	21726999	0
chr16	21727000	21727999	6
chr16	21728000	21728999	3
chr16	21729000	21729999	16
chr16	21730000	21730999	8
chr16	21731000	21731999	20
chr16	21732000	21732999	10
chr16	21733000	21733999	7
chr16	21734000	21734999	0
chr16	21735000	21735999	4
chr16	21736000	21736999	22
chr16	21737000	21737999	2
chr16	21738000	21738999	0
chr16	21739000	21739999	18
chr16	21740000	21740999	0
chr16	21741000	21741999	30
chr16	21742000	21742999	26
chr16	21743000	21743999	8
chr16	21744000	21744999	0
chr16	21745000	21745999	0
chr16	21746000	21746999	1
chr16	21747000	21747999	4
chr16	21748000	21748999	0
chr16	21749000	21749999	5
chr16	21750000	21750999	14
chr16	21751000	21751999	1
chr16	21752000	21752999	6
chr16	21753000	21753999	4
chr16	21754000	21754999	8
chr16	21755000	21755999	7
chr16	21756000	21756999	16
chr16	21757000	21757999	0
chr16	21758000	21758999	15
chr16	21759000	21759999	6
chr16	21760000	21760999	4
chr16	21761000	21761999	15
chr16	21762000	21762999	7
chr16	21763000	21763999	37
chr16	21764000	21764999	6
chr16	21765000	21765999	11
chr16	21766000	21766999	8
chr16	21767000	21767999	37
chr16	21768000	21768999	7
chr16	21769000	21769999	16
chr16	21770000	21770999	29
chr16	21771000	21771999	17
chr16	21772000	21772999	17
chr16	21773000	21773999	37
chr16	21774000	21774999	15
chr16	21775000	21775999	33
chr16	21776000	21776999	16
chr16	21777000	21777999	15
chr16	21778000	21778999	28
chr16	21779000	21779999	68
chr16	21780000	21780999	13
chr16	21781000	21781999	49
chr16	21782000	21782999	5
chr16	21783000	21783999	0
chr16	21784000	21784999	28
chr16	21785000	21785999	27
chr16	21786000	21786999	2
chr16	21787000	21787999	75
chr16	21788000	21788999	59
chr16	21789000	21789999	6
chr16	21790000	21790999	24
chr16	21791000	21791999	8
chr16	21792000	21792999	7
chr16	21793000	21793999	80
chr16	21794000	21794999	91
chr16	21795000	21795999	17
chr16	21796000	21796999	28
chr16	21797000	21797999	4
chr16	21798000	21798999	2
chr16	21799000	21799999	13
chr16	21800000	21800999	8
chr16	21801000	21801999	3
chr16	21802000	21802999	10
chr16	21803000	21803999	3
chr16	21804000	21804999	4
chr16	21805000	21805999	20
chr16	21806000	21806999	12
chr16	21807000	21807999	0
chr16	21808000	21808999	43
chr16	21809000	21809999	2
chr16	21810000	21810999	1
chr16	21811000	21811999	0
chr16	21812000	21812999	24
chr16	21813000	21813999	2
chr16	21814000	21814999	38
chr16	21815000	21815999	25
chr16	21816000	21816999	24
chr16	21817000	21817999	14
chr16	21818000	21818999	36
chr16	21819000	21819999	30
chr16	21820000	21820999	28
chr16	21821000	21821999	16
chr16	21822000	21822999	13
chr16	21823000	21823999	23
chr16	21824000	21824999	25
chr16	21825000	21825999	11
chr16	21826000	21826999	28
chr16	21827000	21827999	71
chr16	21828000	21828999	18
chr16	21829000	21829999	8
chr16	21830000	21830999	1
chr16	21831000	21831999	0
chr16	21832000	21832999	20
chr16	21833000	21833999	15
chr16	21834000	21834999	11
chr16	21835000	21835999	30
chr16	21836000	21836999	63
chr16	21837000	21837999	16
chr16	21838000	21838999	10
chr16	21839000	21839999	10
chr16	21840000	21840999	31
chr16	21841000	21841999	12
chr16	21842000	21842999	5
chr16	21843000	21843999	11
chr16	21844000	21844999	6
chr16	21845000	21845999	14
chr16	21846000	21846999	35
chr16	21847000	21847999	14
chr16	21848000	21848999	3
chr16	21849000	21849999	10
chr16	21850000	21850999	15
chr16	21851000	21851999	11
chr16	21852000	21852999	7
chr16	21853000	21853999	11
chr16	21854000	21854999	21
chr16	21855000	21855999	25
chr16	21856000	21856999	27
chr16	21857000	21857999	12
chr16	21858000	21858999	5
chr16	21859000	21859999	2
chr16	21860000	21860999	3
chr16	21861000	21861999	2
chr16	21862000	21862999	9
chr16	21863000	21863999	0
chr16	21864000	21864999	15
chr16	21865000	21865999	3
chr16	21866000	21866999	10
chr16	21867000	21867999	19
chr16	21868000	21868999	6
chr16	21869000	21869999	0
chr16	21870000	21870999	24
chr16	21871000	21871999	27
chr16	21872000	21872999	23
chr16	21873000	21873999	9
chr16	21874000	21874999	6
chr16	21875000	21875999	38
chr16	21876000	21876999	3
chr16	21877000	21877999	23
chr16	21878000	21878999	27
chr16	21879000	21879999	5
chr16	21880000	21880999	20
chr16	21881000	21881999	7
chr16	21882000	21882999	22
chr16	21883000	21883999	7
chr16	21884000	21884999	4
chr16	21885000	21885999	32
chr16	21886000	21886999	19
chr16	21887000	21887999	5
chr16	21888000	21888999	0
chr16	21889000	21889999	3
chr16	21890000	21890999	5
chr16	21891000	21891999	12
chr16	21892000	21892999	13
chr16	21893000	21893999	0
chr16	21894000	21894999	16
chr16	21895000	21895999	0
chr16	21896000	21896999	2
chr16	21897000	21897999	3
chr16	21898000	21898999	19
chr16	21899000	21899999	3
chr16	21900000	21900999	5
chr16	21901000	21901999	4
chr16	21902000	21902999	4
chr16	21903000	21903999	0
chr16	21904000	21904999	20
chr16	21905000	21905999	5
chr16	21906000	21906999	23
chr16	21907000	21907999	16
chr16	21908000	21908999	13
chr16	21909000	21909999	7
chr16	21910000	21910999	17
chr16	21911000	21911999	17
chr16	21912000	21912999	35
chr16	21913000	21913999	6
chr16	21914000	21914999	9
chr16	21915000	21915999	13
chr16	21916000	21916999	32
chr16	21917000	21917999	13
chr16	21918000	21918999	23
chr16	21919000	21919999	12
chr16	21920000	21920999	17
chr16	21921000	21921999	0
chr16	21922000	21922999	9
chr16	21923000	21923999	14
chr16	21924000	21924999	22
chr16	21925000	21925999	19
chr16	21926000	21926999	6
chr16	21927000	21927999	15
chr16	21928000	21928999	0
chr16	21929000	21929999	6
chr16	21930000	21930999	19
chr16	21931000	21931999	7
chr16	21932000	21932999	8
chr16	21933000	21933999	6
chr16	21934000	21934999	5
chr16	21935000	21935999	6
chr16	21936000	21936999	4
chr16	21937000	21937999	9
chr16	21938000	21938999	0
chr16	21939000	21939999	0
chr16	21940000	21940999	0
chr16	21941000	21941999	0
chr16	21942000	21942999	0
chr16	21943000	21943999	0
chr16	21944000	21944999	0
chr16	21945000	21945999	10
chr16	21946000	21946999	32
chr16	21947000	21947999	100
chr16	21948000	21948999	26
chr16	21949000	21949999	14
chr16	21950000	21950999	11
chr16	21951000	21951999	13
chr16	21952000	21952999	30
chr16	21953000	21953999	29
chr16	21954000	21954999	21
chr16	21955000	21955999	4
chr16	21956000	21956999	36
chr16	21957000	21957999	10
chr16	21958000	21958999	6
chr16	21959000	21959999	7
chr16	21960000	21960999	11
chr16	21961000	21961999	11
chr16	21962000	21962999	5
chr16	21963000	21963999	7
chr16	21964000	21964999	16
chr16	21965000	21965999	20
chr16	21966000	21966999	0
chr16	21967000	21967999	10
chr16	21968000	21968999	12
chr16	21969000	21969999	3
chr16	21970000	21970999	0
chr16	21971000	21971999	0
chr16	21972000	21972999	0
chr16	21973000	21973999	0
chr16	21974000	21974999	5
chr16	21975000	21975999	19
chr16	21976000	21976999	22
chr16	21977000	21977999	9
chr16	21978000	21978999	9
chr16	21979000	21979999	4
chr16	21980000	21980999	6
chr16	21981000	21981999	6
chr16	21982000	21982999	34
chr16	21983000	21983999	9
chr16	21984000	21984999	0
chr16	21985000	21985999	4
chr16	21986000	21986999	0
chr16	21987000	21987999	2
chr16	21988000	21988999	4
chr16	21989000	21989999	9
chr16	21990000	21990999	1
chr16	21991000	21991999	2
chr16	21992000	21992999	10
chr16	21993000	21993999	14
chr16	21994000	21994999	15
chr16	21995000	21995999	63
chr16	21996000	21996999	24
chr16	21997000	21997999	21
chr16	21998000	21998999	40
chr16	21999000	21999999	15
chr16	22000000	22000999	29
chr16	22001000	22001999	26
chr16	22002000	22002999	13
chr16	22003000	22003999	1
chr16	22004000	22004999	34
chr16	22005000	22005999	8
chr16	22006000	22006999	18
chr16	22007000	22007999	9
chr16	22008000	22008999	20
chr16	22009000	22009999	197
chr16	22010000	22010999	26
chr16	22011000	22011999	25
chr16	22012000	22012999	17
chr16	22013000	22013999	1
chr16	22014000	22014999	10
chr16	22015000	22015999	19
chr16	22016000	22016999	5
chr16	22017000	22017999	3
chr16	22018000	22018999	11
chr16	22019000	22019999	0
chr16	22020000	22020999	10
chr16	22021000	22021999	5
chr16	22022000	22022999	22
chr16	22023000	22023999	11
chr16	22024000	22024999	0
chr16	22025000	22025999	9
chr16	22026000	22026999	3
chr16	22027000	22027999	23
chr16	22028000	22028999	1
chr16	22029000	22029999	3
chr16	22030000	22030999	15
chr16	22031000	22031999	6
chr16	22032000	22032999	9
chr16	22033000	22033999	2
chr16	22034000	22034999	0
chr16	22035000	22035999	1
chr16	22036000	22036999	14
chr16	22037000	22037999	13
chr16	22038000	22038999	3
chr16	22039000	22039999	6
chr16	22040000	22040999	16
chr16	22041000	22041999	25
chr16	22042000	22042999	5
chr16	22043000	22043999	2
chr16	22044000	22044999	22
chr16	22045000	22045999	18
chr16	22046000	22046999	1
chr16	22047000	22047999	2
chr16	22048000	22048999	2
chr16	22049000	22049999	0
chr16	22050000	22050999	22
chr16	22051000	22051999	10
chr16	22052000	22052999	1
chr16	22053000	22053999	30
chr16	22054000	22054999	3
chr16	22055000	22055999	14
chr16	22056000	22056999	16
chr16	22057000	22057999	8
chr16	22058000	22058999	14
chr16	22059000	22059999	3
chr16	22060000	22060999	31
chr16	22061000	22061999	24
chr16	22062000	22062999	10
chr16	22063000	22063999	2
chr16	22064000	22064999	9
chr16	22065000	22065999	21
chr16	22066000	22066999	17
chr16	22067000	22067999	14
chr16	22068000	22068999	12
chr16	22069000	22069999	13
chr16	22070000	22070999	19
chr16	22071000	22071999	9
chr16	22072000	22072999	0
chr16	22073000	22073999	8
chr16	22074000	22074999	20
chr16	22075000	22075999	3
chr16	22076000	22076999	11
chr16	22077000	22077999	6
chr16	22078000	22078999	1
chr16	22079000	22079999	4
chr16	22080000	22080999	26
chr16	22081000	22081999	28
chr16	22082000	22082999	7
chr16	22083000	22083999	10
chr16	22084000	22084999	10
chr16	22085000	22085999	29
chr16	22086000	22086999	3
chr16	22087000	22087999	6
chr16	22088000	22088999	3
chr16	22089000	22089999	0
chr16	22090000	22090999	3
chr16	22091000	22091999	4
chr16	22092000	22092999	0
chr16	22093000	22093999	4
chr16	22094000	22094999	5
chr16	22095000	22095999	13
chr16	22096000	22096999	14
chr16	22097000	22097999	7
chr16	22098000	22098999	21
chr16	22099000	22099999	19
chr16	22100000	22100999	5
chr16	22101000	22101999	14
chr16	22102000	22102999	2
chr16	22103000	22103999	14
chr16	22104000	22104999	21
chr16	22105000	22105999	44
chr16	22106000	22106999	15
chr16	22107000	22107999	14
chr16	22108000	22108999	11
chr16	22109000	22109999	31
chr16	22110000	22110999	11
chr16	22111000	22111999	12
chr16	22112000	22112999	38
chr16	22113000	22113999	0
chr16	22114000	22114999	0
chr16	22115000	22115999	15
chr16	22116000	22116999	1
chr16	22117000	22117999	7
chr16	22118000	22118999	15
chr16	22119000	22119999	3
chr16	22120000	22120999	0
chr16	22121000	22121999	0
chr16	22122000	22122999	11
chr16	22123000	22123999	6
chr16	22124000	22124999	22
chr16	22125000	22125999	29
chr16	22126000	22126999	0
chr16	22127000	22127999	7
chr16	22128000	22128999	2
chr16	22129000	22129999	5
chr16	22130000	22130999	30
chr16	22131000	22131999	31
chr16	22132000	22132999	19
chr16	22133000	22133999	3
chr16	22134000	22134999	14
chr16	22135000	22135999	1
chr16	22136000	22136999	4
chr16	22137000	22137999	6
chr16	22138000	22138999	2
chr16	22139000	22139999	6
chr16	22140000	22140999	0
chr16	22141000	22141999	0
chr16	22142000	22142999	8
chr16	22143000	22143999	5
chr16	22144000	22144999	12
chr16	22145000	22145999	8
chr16	22146000	22146999	17
chr16	22147000	22147999	32
chr16	22148000	22148999	18
chr16	22149000	22149999	2
chr16	22150000	22150999	18
chr16	22151000	22151999	2
chr16	22152000	22152999	10
chr16	22153000	22153999	23
chr16	22154000	22154999	13
chr16	22155000	22155999	5
chr16	22156000	22156999	8
chr16	22157000	22157999	0
chr16	22158000	22158999	6
chr16	22159000	22159999	0
chr16	22160000	22160999	8
chr16	22161000	22161999	6
chr16	22162000	22162999	29
chr16	22163000	22163999	37
chr16	22164000	22164999	0
chr16	22165000	22165999	4
chr16	22166000	22166999	12
chr16	22167000	22167999	5
chr16	22168000	22168999	7
chr16	22169000	22169999	3
chr16	22170000	22170999	1
chr16	22171000	22171999	3
chr16	22172000	22172999	7
chr16	22173000	22173999	0
chr16	22174000	22174999	17
chr16	22175000	22175999	2
chr16	22176000	22176999	0
chr16	22177000	22177999	11
chr16	22178000	22178999	0
chr16	22179000	22179999	5
chr16	22180000	22180999	9
chr16	22181000	22181999	15
chr16	22182000	22182999	3
chr16	22183000	22183999	0
chr16	22184000	22184999	25
chr16	22185000	22185999	14
chr16	22186000	22186999	7
chr16	22187000	22187999	2
chr16	22188000	22188999	3
chr16	22189000	22189999	6
chr16	22190000	22190999	4
chr16	22191000	22191999	0
chr16	22192000	22192999	8
chr16	22193000	22193999	4
chr16	22194000	22194999	0
chr16	22195000	22195999	16
chr16	22196000	22196999	6
chr16	22197000	22197999	18
chr16	22198000	22198999	12
chr16	22199000	22199999	1
chr16	22200000	22200999	34
chr16	22201000	22201999	20
chr16	22202000	22202999	15
chr16	22203000	22203999	12
chr16	22204000	22204999	43
chr16	22205000	22205999	4
chr16	22206000	22206999	12
chr16	22207000	22207999	3
chr16	22208000	22208999	13
chr16	22209000	22209999	4
chr16	22210000	22210999	21
chr16	22211000	22211999	4
chr16	22212000	22212999	0
chr16	22213000	22213999	2
chr16	22214000	22214999	3
chr16	22215000	22215999	3
chr16	22216000	22216999	2
chr16	22217000	22217999	0
chr16	22218000	22218999	17
chr16	22219000	22219999	6
chr16	22220000	22220999	0
chr16	22221000	22221999	6
chr16	22222000	22222999	2
chr16	22223000	22223999	13
chr16	22224000	22224999	0
chr16	22225000	22225999	0
chr16	22226000	22226999	0
chr16	22227000	22227999	2
chr16	22228000	22228999	0
chr16	22229000	22229999	1
chr16	22230000	22230999	8
chr16	22231000	22231999	3
chr16	22232000	22232999	16
chr16	22233000	22233999	19
chr16	22234000	22234999	13
chr16	22235000	22235999	15
chr16	22236000	22236999	9
chr16	22237000	22237999	9
chr16	22238000	22238999	11
chr16	22239000	22239999	16
chr16	22240000	22240999	20
chr16	22241000	22241999	21
chr16	22242000	22242999	15
chr16	22243000	22243999	10
chr16	22244000	22244999	2
chr16	22245000	22245999	13
chr16	22246000	22246999	0
chr16	22247000	22247999	12
chr16	22248000	22248999	0
chr16	22249000	22249999	16
chr16	22250000	22250999	20
chr16	22251000	22251999	10
chr16	22252000	22252999	4
chr16	22253000	22253999	16
chr16	22254000	22254999	2
chr16	22255000	22255999	28
chr16	22256000	22256999	15
chr16	22257000	22257999	6
chr16	22258000	22258999	0
chr16	22259000	22259999	0
chr16	22260000	22260999	7
chr16	22261000	22261999	38
chr16	22262000	22262999	21
chr16	22263000	22263999	40
chr16	22264000	22264999	8
chr16	22265000	22265999	163
chr16	22266000	22266999	42
chr16	22267000	22267999	1
chr16	22268000	22268999	0
chr16	22269000	22269999	0
chr16	22270000	22270999	5
chr16	22271000	22271999	12
chr16	22272000	22272999	1
chr16	22273000	22273999	45
chr16	22274000	22274999	0
chr16	22275000	22275999	2
chr16	22276000	22276999	6
chr16	22277000	22277999	8
chr16	22278000	22278999	0
chr16	22279000	22279999	0
chr16	22280000	22280999	0
chr16	22281000	22281999	1
chr16	22282000	22282999	7
chr16	22283000	22283999	10
chr16	22284000	22284999	5
chr16	22285000	22285999	15
chr16	22286000	22286999	0
chr16	22287000	22287999	9
chr16	22288000	22288999	0
chr16	22289000	22289999	4
chr16	22290000	22290999	0
chr16	22291000	22291999	3
chr16	22292000	22292999	29
chr16	22293000	22293999	11
chr16	22294000	22294999	0
chr16	22295000	22295999	5
chr16	22296000	22296999	21
chr16	22297000	22297999	8
chr16	22298000	22298999	2
chr16	22299000	22299999	9
chr16	22300000	22300999	5
chr16	22301000	22301999	14
chr16	22302000	22302999	8
chr16	22303000	22303999	0
chr16	22304000	22304999	0
chr16	22305000	22305999	11
chr16	22306000	22306999	8
chr16	22307000	22307999	5
chr16	22308000	22308999	18
chr16	22309000	22309999	1
chr16	22310000	22310999	9
chr16	22311000	22311999	6
chr16	22312000	22312999	6
chr16	22313000	22313999	8
chr16	22314000	22314999	8
chr16	22315000	22315999	34
chr16	22316000	22316999	0
chr16	22317000	22317999	5
chr16	22318000	22318999	6
chr16	22319000	22319999	10
chr16	22320000	22320999	3
chr16	22321000	22321999	8
chr16	22322000	22322999	4
chr16	22323000	22323999	0
chr16	22324000	22324999	12
chr16	22325000	22325999	0
chr16	22326000	22326999	14
chr16	22327000	22327999	2
chr16	22328000	22328999	1
chr16	22329000	22329999	11
chr16	22330000	22330999	15
chr16	22331000	22331999	12
chr16	22332000	22332999	23
chr16	22333000	22333999	0
chr16	22334000	22334999	1
chr16	22335000	22335999	0
chr16	22336000	22336999	2
chr16	22337000	22337999	9
chr16	22338000	22338999	5
chr16	22339000	22339999	26
chr16	22340000	22340999	6
chr16	22341000	22341999	26
chr16	22342000	22342999	36
chr16	22343000	22343999	4
chr16	22344000	22344999	7
chr16	22345000	22345999	5
chr16	22346000	22346999	16
chr16	22347000	22347999	7
chr16	22348000	22348999	1
chr16	22349000	22349999	15
chr16	22350000	22350999	0
chr16	22351000	22351999	3
chr16	22352000	22352999	6
chr16	22353000	22353999	12
chr16	22354000	22354999	9
chr16	22355000	22355999	9
chr16	22356000	22356999	17
chr16	22357000	22357999	7
chr16	22358000	22358999	102
chr16	22359000	22359999	0
chr16	22360000	22360999	2
chr16	22361000	22361999	4
chr16	22362000	22362999	16
chr16	22363000	22363999	8
chr16	22364000	22364999	0
chr16	22365000	22365999	7
chr16	22366000	22366999	8
chr16	22367000	22367999	0
chr16	22368000	22368999	12
chr16	22369000	22369999	8
chr16	22370000	22370999	0
chr16	22371000	22371999	4
chr16	22372000	22372999	7
chr16	22373000	22373999	0
chr16	22374000	22374999	4
chr16	22375000	22375999	6
chr16	22376000	22376999	8
chr16	22377000	22377999	0
chr16	22378000	22378999	30
chr16	22379000	22379999	8
chr16	22380000	22380999	3
chr16	22381000	22381999	2
chr16	22382000	22382999	1
chr16	22383000	22383999	6
chr16	22384000	22384999	1
chr16	22385000	22385999	11
chr16	22386000	22386999	6
chr16	22387000	22387999	23
chr16	22388000	22388999	23
chr16	22389000	22389999	12
chr16	22390000	22390999	1
chr16	22391000	22391999	16
chr16	22392000	22392999	18
chr16	22393000	22393999	0
chr16	22394000	22394999	14
chr16	22395000	22395999	14
chr16	22396000	22396999	3
chr16	22397000	22397999	9
chr16	22398000	22398999	7
chr16	22399000	22399999	27
chr16	22400000	22400999	7
chr16	22401000	22401999	9
chr16	22402000	22402999	13
chr16	22403000	22403999	33
chr16	22404000	22404999	36
chr16	22405000	22405999	58
chr16	22406000	22406999	50
chr16	22407000	22407999	23
chr16	22408000	22408999	48
chr16	22409000	22409999	25
chr16	22410000	22410999	9
chr16	22411000	22411999	23
chr16	22412000	22412999	11
chr16	22413000	22413999	0
chr16	22414000	22414999	21
chr16	22415000	22415999	7
chr16	22416000	22416999	5
chr16	22417000	22417999	19
chr16	22418000	22418999	2
chr16	22419000	22419999	1
chr16	22420000	22420999	0
chr16	22421000	22421999	7
chr16	22422000	22422999	14
chr16	22423000	22423999	9
chr16	22424000	22424999	0
chr16	22425000	22425999	0
chr16	22426000	22426999	13
chr16	22427000	22427999	7
chr16	22428000	22428999	38
chr16	22429000	22429999	88
chr16	22430000	22430999	12
chr16	22431000	22431999	39
chr16	22432000	22432999	11
chr16	22433000	22433999	0
chr16	22434000	22434999	23
chr16	22435000	22435999	11
chr16	22436000	22436999	32
chr16	22437000	22437999	5
chr16	22438000	22438999	40
chr16	22439000	22439999	204
chr16	22440000	22440999	104
chr16	22441000	22441999	21
chr16	22442000	22442999	22
chr16	22443000	22443999	6
chr16	22444000	22444999	5
chr16	22445000	22445999	12
chr16	22446000	22446999	0
chr16	22447000	22447999	6
chr16	22448000	22448999	9
chr16	22449000	22449999	16
chr16	22450000	22450999	4
chr16	22451000	22451999	7
chr16	22452000	22452999	3
chr16	22453000	22453999	0
chr16	22454000	22454999	10
chr16	22455000	22455999	16
chr16	22456000	22456999	40
chr16	22457000	22457999	15
chr16	22458000	22458999	3
chr16	22459000	22459999	16
chr16	22460000	22460999	17
chr16	22461000	22461999	20
chr16	22462000	22462999	9
chr16	22463000	22463999	4
chr16	22464000	22464999	1
chr16	22465000	22465999	28
chr16	22466000	22466999	10
chr16	22467000	22467999	12
chr16	22468000	22468999	21
chr16	22469000	22469999	35
chr16	22470000	22470999	21
chr16	22471000	22471999	0
chr16	22472000	22472999	6
chr16	22473000	22473999	16
chr16	22474000	22474999	6
chr16	22475000	22475999	10
chr16	22476000	22476999	8
chr16	22477000	22477999	0
chr16	22478000	22478999	4
chr16	22479000	22479999	5
chr16	22480000	22480999	7
chr16	22481000	22481999	0
chr16	22482000	22482999	8
chr16	22483000	22483999	4
chr16	22484000	22484999	0
chr16	22485000	22485999	7
chr16	22486000	22486999	3
chr16	22487000	22487999	0
chr16	22488000	22488999	16
chr16	22489000	22489999	19
chr16	22490000	22490999	1
chr16	22491000	22491999	10
chr16	22492000	22492999	6
chr16	22493000	22493999	25
chr16	22494000	22494999	12
chr16	22495000	22495999	0
chr16	22496000	22496999	7
chr16	22497000	22497999	0
chr16	22498000	22498999	13
chr16	22499000	22499999	12
chr16	22500000	22500999	0
chr16	22501000	22501999	3
chr16	22502000	22502999	19
chr16	22503000	22503999	6
chr16	22504000	22504999	27
chr16	22505000	22505999	24
chr16	22506000	22506999	15
chr16	22507000	22507999	19
chr16	22508000	22508999	19
chr16	22509000	22509999	59
chr16	22510000	22510999	20
chr16	22511000	22511999	18
chr16	22512000	22512999	25
chr16	22513000	22513999	8
chr16	22514000	22514999	16
chr16	22515000	22515999	11
chr16	22516000	22516999	0
chr16	22517000	22517999	33
chr16	22518000	22518999	5
chr16	22519000	22519999	11
chr16	22520000	22520999	18
chr16	22521000	22521999	15
chr16	22522000	22522999	8
chr16	22523000	22523999	11
chr16	22524000	22524999	1
chr16	22525000	22525999	23
chr16	22526000	22526999	4
chr16	22527000	22527999	36
chr16	22528000	22528999	5
chr16	22529000	22529999	17
chr16	22530000	22530999	23
chr16	22531000	22531999	106
chr16	22532000	22532999	22
chr16	22533000	22533999	3
chr16	22534000	22534999	0
chr16	22535000	22535999	19
chr16	22536000	22536999	0
chr16	22537000	22537999	11
chr16	22538000	22538999	9
chr16	22539000	22539999	4
chr16	22540000	22540999	5
chr16	22541000	22541999	13
chr16	22542000	22542999	0
chr16	22543000	22543999	12
chr16	22544000	22544999	24
chr16	22545000	22545999	8
chr16	22546000	22546999	20
chr16	22547000	22547999	12
chr16	22548000	22548999	76
chr16	22549000	22549999	33
chr16	22550000	22550999	15
chr16	22551000	22551999	31
chr16	22552000	22552999	42
chr16	22553000	22553999	9
chr16	22554000	22554999	15
chr16	22555000	22555999	26
chr16	22556000	22556999	10
chr16	22557000	22557999	1
chr16	22558000	22558999	16
chr16	22559000	22559999	15
chr16	22560000	22560999	10
chr16	22561000	22561999	30
chr16	22562000	22562999	15
chr16	22563000	22563999	9
chr16	22564000	22564999	8
chr16	22565000	22565999	11
chr16	22566000	22566999	13
chr16	22567000	22567999	2
chr16	22568000	22568999	0
chr16	22569000	22569999	1
chr16	22570000	22570999	17
chr16	22571000	22571999	2
chr16	22572000	22572999	31
chr16	22573000	22573999	19
chr16	22574000	22574999	0
chr16	22575000	22575999	7
chr16	22576000	22576999	4
chr16	22577000	22577999	7
chr16	22578000	22578999	18
chr16	22579000	22579999	4
chr16	22580000	22580999	0
chr16	22581000	22581999	24
chr16	22582000	22582999	9
chr16	22583000	22583999	11
chr16	22584000	22584999	10
chr16	22585000	22585999	11
chr16	22586000	22586999	0
chr16	22587000	22587999	10
chr16	22588000	22588999	6
chr16	22589000	22589999	25
chr16	22590000	22590999	1
chr16	22591000	22591999	0
chr16	22592000	22592999	9
chr16	22593000	22593999	39
chr16	22594000	22594999	16
chr16	22595000	22595999	1
chr16	22596000	22596999	0
chr16	22597000	22597999	15
chr16	22598000	22598999	19
chr16	22599000	22599999	0
chr16	22600000	22600999	10
chr16	22601000	22601999	6
chr16	22602000	22602999	24
chr16	22603000	22603999	3
chr16	22604000	22604999	17
chr16	22605000	22605999	15
chr16	22606000	22606999	5
chr16	22607000	22607999	35
chr16	22608000	22608999	25
chr16	22609000	22609999	19
chr16	22610000	22610999	15
chr16	22611000	22611999	24
chr16	22612000	22612999	1
chr16	22613000	22613999	0
chr16	22614000	22614999	0
chr16	22615000	22615999	10
chr16	22616000	22616999	16
chr16	22617000	22617999	16
chr16	22618000	22618999	4
chr16	22619000	22619999	19
chr16	22620000	22620999	8
chr16	22621000	22621999	6
chr16	22622000	22622999	0
chr16	22623000	22623999	0
chr16	22624000	22624999	18
chr16	22625000	22625999	23
chr16	22626000	22626999	11
chr16	22627000	22627999	21
chr16	22628000	22628999	15
chr16	22629000	22629999	1
chr16	22630000	22630999	38
chr16	22631000	22631999	3
chr16	22632000	22632999	31
chr16	22633000	22633999	5
chr16	22634000	22634999	16
chr16	22635000	22635999	2
chr16	22636000	22636999	8
chr16	22637000	22637999	11
chr16	22638000	22638999	4
chr16	22639000	22639999	0
chr16	22640000	22640999	9
chr16	22641000	22641999	0
chr16	22642000	22642999	6
chr16	22643000	22643999	4
chr16	22644000	22644999	1
chr16	22645000	22645999	4
chr16	22646000	22646999	6
chr16	22647000	22647999	22
chr16	22648000	22648999	7
chr16	22649000	22649999	0
chr16	22650000	22650999	8
chr16	22651000	22651999	15
chr16	22652000	22652999	0
chr16	22653000	22653999	4
chr16	22654000	22654999	4
chr16	22655000	22655999	8
chr16	22656000	22656999	26
chr16	22657000	22657999	9
chr16	22658000	22658999	11
chr16	22659000	22659999	0
chr16	22660000	22660999	10
chr16	22661000	22661999	30
chr16	22662000	22662999	5
chr16	22663000	22663999	6
chr16	22664000	22664999	9
chr16	22665000	22665999	18
chr16	22666000	22666999	11
chr16	22667000	22667999	25
chr16	22668000	22668999	6
chr16	22669000	22669999	10
chr16	22670000	22670999	18
chr16	22671000	22671999	22
chr16	22672000	22672999	0
chr16	22673000	22673999	24
chr16	22674000	22674999	44
chr16	22675000	22675999	23
chr16	22676000	22676999	7
chr16	22677000	22677999	18
chr16	22678000	22678999	12
chr16	22679000	22679999	11
chr16	22680000	22680999	4
chr16	22681000	22681999	0
chr16	22682000	22682999	0
chr16	22683000	22683999	4
chr16	22684000	22684999	21
chr16	22685000	22685999	2
chr16	22686000	22686999	1
chr16	22687000	22687999	0
chr16	22688000	22688999	4
chr16	22689000	22689999	0
chr16	22690000	22690999	11
chr16	22691000	22691999	4
chr16	22692000	22692999	6
chr16	22693000	22693999	19
chr16	22694000	22694999	9
chr16	22695000	22695999	22
chr16	22696000	22696999	6
chr16	22697000	22697999	7
chr16	22698000	22698999	24
chr16	22699000	22699999	16
chr16	22700000	22700999	22
chr16	22701000	22701999	28
chr16	22702000	22702999	3
chr16	22703000	22703999	4
chr16	22704000	22704999	6
chr16	22705000	22705999	1
chr16	22706000	22706999	3
chr16	22707000	22707999	7
chr16	22708000	22708999	0
chr16	22709000	22709999	0
chr16	22710000	22710999	7
chr16	22711000	22711999	6
chr16	22712000	22712999	1
chr16	22713000	22713999	0
chr16	22714000	22714999	0
chr16	22715000	22715999	21
chr16	22716000	22716999	17
chr16	22717000	22717999	33
chr16	22718000	22718999	1
chr16	22719000	22719999	21
chr16	22720000	22720999	83
chr16	22721000	22721999	9
chr16	22722000	22722999	2
chr16	22723000	22723999	16
chr16	22724000	22724999	7
chr16	22725000	22725999	11
chr16	22726000	22726999	11
chr16	22727000	22727999	3
chr16	22728000	22728999	3
chr16	22729000	22729999	15
chr16	22730000	22730999	3
chr16	22731000	22731999	13
chr16	22732000	22732999	5
chr16	22733000	22733999	1
chr16	22734000	22734999	18
chr16	22735000	22735999	1
chr16	22736000	22736999	6
chr16	22737000	22737999	0
chr16	22738000	22738999	14
chr16	22739000	22739999	15
chr16	22740000	22740999	21
chr16	22741000	22741999	1
chr16	22742000	22742999	0
chr16	22743000	22743999	19
chr16	22744000	22744999	2
chr16	22745000	22745999	2
chr16	22746000	22746999	0
chr16	22747000	22747999	8
chr16	22748000	22748999	20
chr16	22749000	22749999	1
chr16	22750000	22750999	0
chr16	22751000	22751999	9
chr16	22752000	22752999	4
chr16	22753000	22753999	0
chr16	22754000	22754999	7
chr16	22755000	22755999	0
chr16	22756000	22756999	1
chr16	22757000	22757999	10
chr16	22758000	22758999	14
chr16	22759000	22759999	5
chr16	22760000	22760999	14
chr16	22761000	22761999	6
chr16	22762000	22762999	5
chr16	22763000	22763999	21
chr16	22764000	22764999	10
chr16	22765000	22765999	22
chr16	22766000	22766999	18
chr16	22767000	22767999	3
chr16	22768000	22768999	0
chr16	22769000	22769999	13
chr16	22770000	22770999	0
chr16	22771000	22771999	2
chr16	22772000	22772999	8
chr16	22773000	22773999	9
chr16	22774000	22774999	2
chr16	22775000	22775999	2
chr16	22776000	22776999	13
chr16	22777000	22777999	12
chr16	22778000	22778999	12
chr16	22779000	22779999	23
chr16	22780000	22780999	5
chr16	22781000	22781999	10
chr16	22782000	22782999	7
chr16	22783000	22783999	3
chr16	22784000	22784999	6
chr16	22785000	22785999	5
chr16	22786000	22786999	13
chr16	22787000	22787999	2
chr16	22788000	22788999	0
chr16	22789000	22789999	1
chr16	22790000	22790999	7
chr16	22791000	22791999	0
chr16	22792000	22792999	5
chr16	22793000	22793999	22
chr16	22794000	22794999	11
chr16	22795000	22795999	23
chr16	22796000	22796999	19
chr16	22797000	22797999	14
chr16	22798000	22798999	5
chr16	22799000	22799999	1
chr16	22800000	22800999	8
chr16	22801000	22801999	22
chr16	22802000	22802999	17
chr16	22803000	22803999	0
chr16	22804000	22804999	8
chr16	22805000	22805999	7
chr16	22806000	22806999	0
chr16	22807000	22807999	9
chr16	22808000	22808999	36
chr16	22809000	22809999	15
chr16	22810000	22810999	2
chr16	22811000	22811999	9
chr16	22812000	22812999	4
chr16	22813000	22813999	6
chr16	22814000	22814999	4
chr16	22815000	22815999	27
chr16	22816000	22816999	9
chr16	22817000	22817999	3
chr16	22818000	22818999	6
chr16	22819000	22819999	10
chr16	22820000	22820999	22
chr16	22821000	22821999	0
chr16	22822000	22822999	23
chr16	22823000	22823999	0
chr16	22824000	22824999	22
chr16	22825000	22825999	18
chr16	22826000	22826999	7
chr16	22827000	22827999	18
chr16	22828000	22828999	9
chr16	22829000	22829999	3
chr16	22830000	22830999	2
chr16	22831000	22831999	0
chr16	22832000	22832999	0
chr16	22833000	22833999	12
chr16	22834000	22834999	3
chr16	22835000	22835999	10
chr16	22836000	22836999	8
chr16	22837000	22837999	0
chr16	22838000	22838999	7
chr16	22839000	22839999	0
chr16	22840000	22840999	15
chr16	22841000	22841999	3
chr16	22842000	22842999	3
chr16	22843000	22843999	2
chr16	22844000	22844999	11
chr16	22845000	22845999	4
chr16	22846000	22846999	17
chr16	22847000	22847999	15
chr16	22848000	22848999	9
chr16	22849000	22849999	0
chr16	22850000	22850999	0
chr16	22851000	22851999	24
chr16	22852000	22852999	0
chr16	22853000	22853999	16
chr16	22854000	22854999	16
chr16	22855000	22855999	29
chr16	22856000	22856999	5
chr16	22857000	22857999	230
chr16	22858000	22858999	50
chr16	22859000	22859999	11
chr16	22860000	22860999	0
chr16	22861000	22861999	5
chr16	22862000	22862999	6
chr16	22863000	22863999	0
chr16	22864000	22864999	2
chr16	22865000	22865999	10
chr16	22866000	22866999	17
chr16	22867000	22867999	19
chr16	22868000	22868999	15
chr16	22869000	22869999	39
chr16	22870000	22870999	0
chr16	22871000	22871999	42
chr16	22872000	22872999	3
chr16	22873000	22873999	11
chr16	22874000	22874999	27
chr16	22875000	22875999	4
chr16	22876000	22876999	14
chr16	22877000	22877999	43
chr16	22878000	22878999	24
chr16	22879000	22879999	1
chr16	22880000	22880999	4
chr16	22881000	22881999	6
chr16	22882000	22882999	0
chr16	22883000	22883999	2
chr16	22884000	22884999	2
chr16	22885000	22885999	4
chr16	22886000	22886999	11
chr16	22887000	22887999	1
chr16	22888000	22888999	23
chr16	22889000	22889999	8
chr16	22890000	22890999	5
chr16	22891000	22891999	0
chr16	22892000	22892999	40
chr16	22893000	22893999	6
chr16	22894000	22894999	31
chr16	22895000	22895999	6
chr16	22896000	22896999	12
chr16	22897000	22897999	6
chr16	22898000	22898999	3
chr16	22899000	22899999	9
chr16	22900000	22900999	3
chr16	22901000	22901999	2
chr16	22902000	22902999	28
chr16	22903000	22903999	0
chr16	22904000	22904999	0
chr16	22905000	22905999	16
chr16	22906000	22906999	1
chr16	22907000	22907999	12
chr16	22908000	22908999	21
chr16	22909000	22909999	20
chr16	22910000	22910999	0
chr16	22911000	22911999	0
chr16	22912000	22912999	2
chr16	22913000	22913999	5
chr16	22914000	22914999	8
chr16	22915000	22915999	36
chr16	22916000	22916999	11
chr16	22917000	22917999	4
chr16	22918000	22918999	0
chr16	22919000	22919999	18
chr16	22920000	22920999	5
chr16	22921000	22921999	9
chr16	22922000	22922999	0
chr16	22923000	22923999	0
chr16	22924000	22924999	0
chr16	22925000	22925999	0
chr16	22926000	22926999	0
chr16	22927000	22927999	0
chr16	22928000	22928999	0
chr16	22929000	22929999	1
chr16	22930000	22930999	2
chr16	22931000	22931999	7
chr16	22932000	22932999	11
chr16	22933000	22933999	20
chr16	22934000	22934999	0
chr16	22935000	22935999	9
chr16	22936000	22936999	13
chr16	22937000	22937999	6
chr16	22938000	22938999	8
chr16	22939000	22939999	18
chr16	22940000	22940999	3
chr16	22941000	22941999	6
chr16	22942000	22942999	0
chr16	22943000	22943999	8
chr16	22944000	22944999	16
chr16	22945000	22945999	8
chr16	22946000	22946999	0
chr16	22947000	22947999	15
chr16	22948000	22948999	13
chr16	22949000	22949999	0
chr16	22950000	22950999	8
chr16	22951000	22951999	22
chr16	22952000	22952999	11
chr16	22953000	22953999	12
chr16	22954000	22954999	30
chr16	22955000	22955999	0
chr16	22956000	22956999	1
chr16	22957000	22957999	3
chr16	22958000	22958999	39
chr16	22959000	22959999	2
chr16	22960000	22960999	0
chr16	22961000	22961999	6
chr16	22962000	22962999	26
chr16	22963000	22963999	3
chr16	22964000	22964999	8
chr16	22965000	22965999	8
chr16	22966000	22966999	17
chr16	22967000	22967999	2
chr16	22968000	22968999	22
chr16	22969000	22969999	0
chr16	22970000	22970999	18
chr16	22971000	22971999	0
chr16	22972000	22972999	1
chr16	22973000	22973999	0
chr16	22974000	22974999	9
chr16	22975000	22975999	12
chr16	22976000	22976999	0
chr16	22977000	22977999	0
chr16	22978000	22978999	0
chr16	22979000	22979999	0
chr16	22980000	22980999	0
chr16	22981000	22981999	0
chr16	22982000	22982999	0
chr16	22983000	22983999	8
chr16	22984000	22984999	0
chr16	22985000	22985999	10
chr16	22986000	22986999	7
chr16	22987000	22987999	0
chr16	22988000	22988999	17
chr16	22989000	22989999	9
chr16	22990000	22990999	5
chr16	22991000	22991999	0
chr16	22992000	22992999	5
chr16	22993000	22993999	0
chr16	22994000	22994999	0
chr16	22995000	22995999	0
chr16	22996000	22996999	22
chr16	22997000	22997999	0
chr16	22998000	22998999	3
chr16	22999000	22999999	8
chr16	23000000	23000999	2
chr16	23001000	23001999	1
chr16	23002000	23002999	3
chr16	23003000	23003999	4
chr16	23004000	23004999	9
chr16	23005000	23005999	0
chr16	23006000	23006999	20
chr16	23007000	23007999	0
chr16	23008000	23008999	0
chr16	23009000	23009999	0
chr16	23010000	23010999	3
chr16	23011000	23011999	0
chr16	23012000	23012999	14
chr16	23013000	23013999	0
chr16	23014000	23014999	0
chr16	23015000	23015999	0
chr16	23016000	23016999	3
chr16	23017000	23017999	0
chr16	23018000	23018999	3
chr16	23019000	23019999	0
chr16	23020000	23020999	4
chr16	23021000	23021999	1
chr16	23022000	23022999	8
chr16	23023000	23023999	1
chr16	23024000	23024999	9
chr16	23025000	23025999	7
chr16	23026000	23026999	3
chr16	23027000	23027999	5
chr16	23028000	23028999	12
chr16	23029000	23029999	15
chr16	23030000	23030999	7
chr16	23031000	23031999	7
chr16	23032000	23032999	2
chr16	23033000	23033999	2
chr16	23034000	23034999	7
chr16	23035000	23035999	7
chr16	23036000	23036999	0
chr16	23037000	23037999	14
chr16	23038000	23038999	1
chr16	23039000	23039999	25
chr16	23040000	23040999	5
chr16	23041000	23041999	8
chr16	23042000	23042999	0
chr16	23043000	23043999	2
chr16	23044000	23044999	19
chr16	23045000	23045999	8
chr16	23046000	23046999	29
chr16	23047000	23047999	8
chr16	23048000	23048999	0
chr16	23049000	23049999	7
chr16	23050000	23050999	13
chr16	23051000	23051999	12
chr16	23052000	23052999	3
chr16	23053000	23053999	13
chr16	23054000	23054999	16
chr16	23055000	23055999	0
chr16	23056000	23056999	10
chr16	23057000	23057999	0
chr16	23058000	23058999	1
chr16	23059000	23059999	1
chr16	23060000	23060999	5
chr16	23061000	23061999	3
chr16	23062000	23062999	5
chr16	23063000	23063999	7
chr16	23064000	23064999	11
chr16	23065000	23065999	15
chr16	23066000	23066999	0
chr16	23067000	23067999	27
chr16	23068000	23068999	0
chr16	23069000	23069999	3
chr16	23070000	23070999	22
chr16	23071000	23071999	17
chr16	23072000	23072999	3
chr16	23073000	23073999	25
chr16	23074000	23074999	9
chr16	23075000	23075999	6
chr16	23076000	23076999	13
chr16	23077000	23077999	1
chr16	23078000	23078999	10
chr16	23079000	23079999	10
chr16	23080000	23080999	1
chr16	23081000	23081999	6
chr16	23082000	23082999	5
chr16	23083000	23083999	0
chr16	23084000	23084999	11
chr16	23085000	23085999	0
chr16	23086000	23086999	17
chr16	23087000	23087999	1
chr16	23088000	23088999	20
chr16	23089000	23089999	23
chr16	23090000	23090999	15
chr16	23091000	23091999	4
chr16	23092000	23092999	3
chr16	23093000	23093999	27
chr16	23094000	23094999	1
chr16	23095000	23095999	1
chr16	23096000	23096999	3
chr16	23097000	23097999	0
chr16	23098000	23098999	6
chr16	23099000	23099999	0
chr16	23100000	23100999	23
chr16	23101000	23101999	18
chr16	23102000	23102999	22
chr16	23103000	23103999	11
chr16	23104000	23104999	2
chr16	23105000	23105999	12
chr16	23106000	23106999	21
chr16	23107000	23107999	128
chr16	23108000	23108999	41
chr16	23109000	23109999	3
chr16	23110000	23110999	1
chr16	23111000	23111999	13
chr16	23112000	23112999	8
chr16	23113000	23113999	11
chr16	23114000	23114999	13
chr16	23115000	23115999	33
chr16	23116000	23116999	5
chr16	23117000	23117999	0
chr16	23118000	23118999	19
chr16	23119000	23119999	1
chr16	23120000	23120999	6
chr16	23121000	23121999	3
chr16	23122000	23122999	0
chr16	23123000	23123999	1
chr16	23124000	23124999	14
chr16	23125000	23125999	2
chr16	23126000	23126999	16
chr16	23127000	23127999	38
chr16	23128000	23128999	11
chr16	23129000	23129999	14
chr16	23130000	23130999	32
chr16	23131000	23131999	7
chr16	23132000	23132999	2
chr16	23133000	23133999	0
chr16	23134000	23134999	8
chr16	23135000	23135999	21
chr16	23136000	23136999	12
chr16	23137000	23137999	6
chr16	23138000	23138999	10
chr16	23139000	23139999	21
chr16	23140000	23140999	6
chr16	23141000	23141999	0
chr16	23142000	23142999	2
chr16	23143000	23143999	4
chr16	23144000	23144999	14
chr16	23145000	23145999	13
chr16	23146000	23146999	21
chr16	23147000	23147999	6
chr16	23148000	23148999	18
chr16	23149000	23149999	22
chr16	23150000	23150999	11
chr16	23151000	23151999	54
chr16	23152000	23152999	15
chr16	23153000	23153999	0
chr16	23154000	23154999	21
chr16	23155000	23155999	11
chr16	23156000	23156999	14
chr16	23157000	23157999	3
chr16	23158000	23158999	9
chr16	23159000	23159999	20
chr16	23160000	23160999	15
chr16	23161000	23161999	9
chr16	23162000	23162999	4
chr16	23163000	23163999	0
chr16	23164000	23164999	17
chr16	23165000	23165999	24
chr16	23166000	23166999	26
chr16	23167000	23167999	12
chr16	23168000	23168999	13
chr16	23169000	23169999	7
chr16	23170000	23170999	35
chr16	23171000	23171999	2
chr16	23172000	23172999	6
chr16	23173000	23173999	0
chr16	23174000	23174999	10
chr16	23175000	23175999	9
chr16	23176000	23176999	12
chr16	23177000	23177999	13
chr16	23178000	23178999	2
chr16	23179000	23179999	3
chr16	23180000	23180999	20
chr16	23181000	23181999	11
chr16	23182000	23182999	16
chr16	23183000	23183999	1
chr16	23184000	23184999	14
chr16	23185000	23185999	27
chr16	23186000	23186999	2
chr16	23187000	23187999	9
chr16	23188000	23188999	8
chr16	23189000	23189999	12
chr16	23190000	23190999	2
chr16	23191000	23191999	19
chr16	23192000	23192999	3
chr16	23193000	23193999	0
chr16	23194000	23194999	0
chr16	23195000	23195999	20
chr16	23196000	23196999	5
chr16	23197000	23197999	10
chr16	23198000	23198999	11
chr16	23199000	23199999	23
chr16	23200000	23200999	0
chr16	23201000	23201999	6
chr16	23202000	23202999	35
chr16	23203000	23203999	2
chr16	23204000	23204999	38
chr16	23205000	23205999	7
chr16	23206000	23206999	0
chr16	23207000	23207999	0
chr16	23208000	23208999	2
chr16	23209000	23209999	18
chr16	23210000	23210999	35
chr16	23211000	23211999	5
chr16	23212000	23212999	4
chr16	23213000	23213999	2
chr16	23214000	23214999	26
chr16	23215000	23215999	1
chr16	23216000	23216999	2
chr16	23217000	23217999	0
chr16	23218000	23218999	21
chr16	23219000	23219999	4
chr16	23220000	23220999	6
chr16	23221000	23221999	13
chr16	23222000	23222999	0
chr16	23223000	23223999	28
chr16	23224000	23224999	43
chr16	23225000	23225999	78
chr16	23226000	23226999	45
chr16	23227000	23227999	22
chr16	23228000	23228999	14
chr16	23229000	23229999	0
chr16	23230000	23230999	30
chr16	23231000	23231999	27
chr16	23232000	23232999	1
chr16	23233000	23233999	3
chr16	23234000	23234999	29
chr16	23235000	23235999	0
chr16	23236000	23236999	20
chr16	23237000	23237999	16
chr16	23238000	23238999	0
chr16	23239000	23239999	14
chr16	23240000	23240999	28
chr16	23241000	23241999	21
chr16	23242000	23242999	7
chr16	23243000	23243999	0
chr16	23244000	23244999	0
chr16	23245000	23245999	8
chr16	23246000	23246999	6
chr16	23247000	23247999	9
chr16	23248000	23248999	11
chr16	23249000	23249999	17
chr16	23250000	23250999	9
chr16	23251000	23251999	6
chr16	23252000	23252999	42
chr16	23253000	23253999	40
chr16	23254000	23254999	21
chr16	23255000	23255999	0
chr16	23256000	23256999	2
chr16	23257000	23257999	0
chr16	23258000	23258999	4
chr16	23259000	23259999	25
chr16	23260000	23260999	82
chr16	23261000	23261999	29
chr16	23262000	23262999	17
chr16	23263000	23263999	19
chr16	23264000	23264999	74
chr16	23265000	23265999	70
chr16	23266000	23266999	56
chr16	23267000	23267999	11
chr16	23268000	23268999	122
chr16	23269000	23269999	86
chr16	23270000	23270999	32
chr16	23271000	23271999	25
chr16	23272000	23272999	60
chr16	23273000	23273999	30
chr16	23274000	23274999	35
chr16	23275000	23275999	39
chr16	23276000	23276999	14
chr16	23277000	23277999	24
chr16	23278000	23278999	3
chr16	23279000	23279999	18
chr16	23280000	23280999	24
chr16	23281000	23281999	23
chr16	23282000	23282999	17
chr16	23283000	23283999	16
chr16	23284000	23284999	9
chr16	23285000	23285999	5
chr16	23286000	23286999	50
chr16	23287000	23287999	15
chr16	23288000	23288999	8
chr16	23289000	23289999	28
chr16	23290000	23290999	41
chr16	23291000	23291999	17
chr16	23292000	23292999	7
chr16	23293000	23293999	4
chr16	23294000	23294999	0
chr16	23295000	23295999	49
chr16	23296000	23296999	20
chr16	23297000	23297999	0
chr16	23298000	23298999	24
chr16	23299000	23299999	16
chr16	23300000	23300999	6
chr16	23301000	23301999	8
chr16	23302000	23302999	16
chr16	23303000	23303999	20
chr16	23304000	23304999	16
chr16	23305000	23305999	27
chr16	23306000	23306999	35
chr16	23307000	23307999	18
chr16	23308000	23308999	5
chr16	23309000	23309999	27
chr16	23310000	23310999	29
chr16	23311000	23311999	4
chr16	23312000	23312999	0
chr16	23313000	23313999	25
chr16	23314000	23314999	6
chr16	23315000	23315999	18
chr16	23316000	23316999	24
chr16	23317000	23317999	36
chr16	23318000	23318999	74
chr16	23319000	23319999	29
chr16	23320000	23320999	22
chr16	23321000	23321999	23
chr16	23322000	23322999	7
chr16	23323000	23323999	21
chr16	23324000	23324999	0
chr16	23325000	23325999	34
chr16	23326000	23326999	92
chr16	23327000	23327999	45
chr16	23328000	23328999	33
chr16	23329000	23329999	39
chr16	23330000	23330999	20
chr16	23331000	23331999	5
chr16	23332000	23332999	12
chr16	23333000	23333999	8
chr16	23334000	23334999	17
chr16	23335000	23335999	18
chr16	23336000	23336999	30
chr16	23337000	23337999	9
chr16	23338000	23338999	25
chr16	23339000	23339999	5
chr16	23340000	23340999	4
chr16	23341000	23341999	5
chr16	23342000	23342999	20
chr16	23343000	23343999	13
chr16	23344000	23344999	18
chr16	23345000	23345999	0
chr16	23346000	23346999	14
chr16	23347000	23347999	16
chr16	23348000	23348999	17
chr16	23349000	23349999	35
chr16	23350000	23350999	6
chr16	23351000	23351999	13
chr16	23352000	23352999	5
chr16	23353000	23353999	7
chr16	23354000	23354999	19
chr16	23355000	23355999	13
chr16	23356000	23356999	1
chr16	23357000	23357999	15
chr16	23358000	23358999	4
chr16	23359000	23359999	2
chr16	23360000	23360999	5
chr16	23361000	23361999	30
chr16	23362000	23362999	5
chr16	23363000	23363999	5
chr16	23364000	23364999	9
chr16	23365000	23365999	6
chr16	23366000	23366999	4
chr16	23367000	23367999	13
chr16	23368000	23368999	3
chr16	23369000	23369999	24
chr16	23370000	23370999	2
chr16	23371000	23371999	7
chr16	23372000	23372999	0
chr16	23373000	23373999	0
chr16	23374000	23374999	55
chr16	23375000	23375999	0
chr16	23376000	23376999	24
chr16	23377000	23377999	0
chr16	23378000	23378999	17
chr16	23379000	23379999	13
chr16	23380000	23380999	6
chr16	23381000	23381999	1
chr16	23382000	23382999	9
chr16	23383000	23383999	6
chr16	23384000	23384999	21
chr16	23385000	23385999	5
chr16	23386000	23386999	12
chr16	23387000	23387999	13
chr16	23388000	23388999	0
chr16	23389000	23389999	0
chr16	23390000	23390999	11
chr16	23391000	23391999	18
chr16	23392000	23392999	11
chr16	23393000	23393999	4
chr16	23394000	23394999	3
chr16	23395000	23395999	9
chr16	23396000	23396999	5
chr16	23397000	23397999	4
chr16	23398000	23398999	3
chr16	23399000	23399999	0
chr16	23400000	23400999	33
chr16	23401000	23401999	20
chr16	23402000	23402999	20
chr16	23403000	23403999	48
chr16	23404000	23404999	12
chr16	23405000	23405999	3
chr16	23406000	23406999	7
chr16	23407000	23407999	9
chr16	23408000	23408999	3
chr16	23409000	23409999	0
chr16	23410000	23410999	0
chr16	23411000	23411999	0
chr16	23412000	23412999	5
chr16	23413000	23413999	18
chr16	23414000	23414999	2
chr16	23415000	23415999	8
chr16	23416000	23416999	22
chr16	23417000	23417999	15
chr16	23418000	23418999	6
chr16	23419000	23419999	5
chr16	23420000	23420999	14
chr16	23421000	23421999	18
chr16	23422000	23422999	16
chr16	23423000	23423999	15
chr16	23424000	23424999	20
chr16	23425000	23425999	9
chr16	23426000	23426999	2
chr16	23427000	23427999	0
chr16	23428000	23428999	0
chr16	23429000	23429999	28
chr16	23430000	23430999	10
chr16	23431000	23431999	6
chr16	23432000	23432999	11
chr16	23433000	23433999	0
chr16	23434000	23434999	6
chr16	23435000	23435999	16
chr16	23436000	23436999	2
chr16	23437000	23437999	3
chr16	23438000	23438999	2
chr16	23439000	23439999	2
chr16	23440000	23440999	10
chr16	23441000	23441999	4
chr16	23442000	23442999	0
chr16	23443000	23443999	9
chr16	23444000	23444999	8
chr16	23445000	23445999	7
chr16	23446000	23446999	6
chr16	23447000	23447999	5
chr16	23448000	23448999	8
chr16	23449000	23449999	9
chr16	23450000	23450999	11
chr16	23451000	23451999	30
chr16	23452000	23452999	18
chr16	23453000	23453999	0
chr16	23454000	23454999	8
chr16	23455000	23455999	1
chr16	23456000	23456999	2
chr16	23457000	23457999	11
chr16	23458000	23458999	3
chr16	23459000	23459999	12
chr16	23460000	23460999	22
chr16	23461000	23461999	0
chr16	23462000	23462999	8
chr16	23463000	23463999	8
chr16	23464000	23464999	29
chr16	23465000	23465999	12
chr16	23466000	23466999	15
chr16	23467000	23467999	6
chr16	23468000	23468999	10
chr16	23469000	23469999	9
chr16	23470000	23470999	11
chr16	23471000	23471999	27
chr16	23472000	23472999	27
chr16	23473000	23473999	0
chr16	23474000	23474999	4
chr16	23475000	23475999	1
chr16	23476000	23476999	0
chr16	23477000	23477999	31
chr16	23478000	23478999	25
chr16	23479000	23479999	4
chr16	23480000	23480999	17
chr16	23481000	23481999	4
chr16	23482000	23482999	28
chr16	23483000	23483999	4
chr16	23484000	23484999	5
chr16	23485000	23485999	12
chr16	23486000	23486999	11
chr16	23487000	23487999	13
chr16	23488000	23488999	19
chr16	23489000	23489999	0
chr16	23490000	23490999	7
chr16	23491000	23491999	9
chr16	23492000	23492999	12
chr16	23493000	23493999	7
chr16	23494000	23494999	10
chr16	23495000	23495999	6
chr16	23496000	23496999	3
chr16	23497000	23497999	0
chr16	23498000	23498999	0
chr16	23499000	23499999	0
chr16	23500000	23500999	2
chr16	23501000	23501999	12
chr16	23502000	23502999	0
chr16	23503000	23503999	3
chr16	23504000	23504999	9
chr16	23505000	23505999	10
chr16	23506000	23506999	19
chr16	23507000	23507999	13
chr16	23508000	23508999	2
chr16	23509000	23509999	8
chr16	23510000	23510999	21
chr16	23511000	23511999	5
chr16	23512000	23512999	4
chr16	23513000	23513999	25
chr16	23514000	23514999	8
chr16	23515000	23515999	13
chr16	23516000	23516999	3
chr16	23517000	23517999	10
chr16	23518000	23518999	4
chr16	23519000	23519999	15
chr16	23520000	23520999	4
chr16	23521000	23521999	8
chr16	23522000	23522999	2
chr16	23523000	23523999	10
chr16	23524000	23524999	11
chr16	23525000	23525999	6
chr16	23526000	23526999	3
chr16	23527000	23527999	7
chr16	23528000	23528999	17
chr16	23529000	23529999	1
chr16	23530000	23530999	19
chr16	23531000	23531999	8
chr16	23532000	23532999	9
chr16	23533000	23533999	10
chr16	23534000	23534999	9
chr16	23535000	23535999	21
chr16	23536000	23536999	0
chr16	23537000	23537999	0
chr16	23538000	23538999	8
chr16	23539000	23539999	22
chr16	23540000	23540999	13
chr16	23541000	23541999	7
chr16	23542000	23542999	0
chr16	23543000	23543999	24
chr16	23544000	23544999	7
chr16	23545000	23545999	4
chr16	23546000	23546999	12
chr16	23547000	23547999	0
chr16	23548000	23548999	11
chr16	23549000	23549999	6
chr16	23550000	23550999	3
chr16	23551000	23551999	30
chr16	23552000	23552999	17
chr16	23553000	23553999	21
chr16	23554000	23554999	0
chr16	23555000	23555999	12
chr16	23556000	23556999	16
chr16	23557000	23557999	25
chr16	23558000	23558999	8
chr16	23559000	23559999	26
chr16	23560000	23560999	11
chr16	23561000	23561999	10
chr16	23562000	23562999	22
chr16	23563000	23563999	43
chr16	23564000	23564999	7
chr16	23565000	23565999	0
chr16	23566000	23566999	11
chr16	23567000	23567999	0
chr16	23568000	23568999	17
chr16	23569000	23569999	9
chr16	23570000	23570999	8
chr16	23571000	23571999	3
chr16	23572000	23572999	3
chr16	23573000	23573999	1
chr16	23574000	23574999	0
chr16	23575000	23575999	41
chr16	23576000	23576999	31
chr16	23577000	23577999	17
chr16	23578000	23578999	14
chr16	23579000	23579999	14
chr16	23580000	23580999	0
chr16	23581000	23581999	7
chr16	23582000	23582999	19
chr16	23583000	23583999	2
chr16	23584000	23584999	3
chr16	23585000	23585999	12
chr16	23586000	23586999	16
chr16	23587000	23587999	4
chr16	23588000	23588999	6
chr16	23589000	23589999	11
chr16	23590000	23590999	10
chr16	23591000	23591999	15
chr16	23592000	23592999	37
chr16	23593000	23593999	7
chr16	23594000	23594999	0
chr16	23595000	23595999	4
chr16	23596000	23596999	6
chr16	23597000	23597999	10
chr16	23598000	23598999	18
chr16	23599000	23599999	27
chr16	23600000	23600999	0
chr16	23601000	23601999	60
chr16	23602000	23602999	15
chr16	23603000	23603999	2
chr16	23604000	23604999	22
chr16	23605000	23605999	25
chr16	23606000	23606999	29
chr16	23607000	23607999	7
chr16	23608000	23608999	12
chr16	23609000	23609999	39
chr16	23610000	23610999	17
chr16	23611000	23611999	13
chr16	23612000	23612999	0
chr16	23613000	23613999	5
chr16	23614000	23614999	4
chr16	23615000	23615999	9
chr16	23616000	23616999	6
chr16	23617000	23617999	15
chr16	23618000	23618999	10
chr16	23619000	23619999	9
chr16	23620000	23620999	15
chr16	23621000	23621999	2
chr16	23622000	23622999	0
chr16	23623000	23623999	10
chr16	23624000	23624999	23
chr16	23625000	23625999	7
chr16	23626000	23626999	15
chr16	23627000	23627999	16
chr16	23628000	23628999	7
chr16	23629000	23629999	12
chr16	23630000	23630999	19
chr16	23631000	23631999	5
chr16	23632000	23632999	10
chr16	23633000	23633999	0
chr16	23634000	23634999	13
chr16	23635000	23635999	0
chr16	23636000	23636999	37
chr16	23637000	23637999	8
chr16	23638000	23638999	2
chr16	23639000	23639999	3
chr16	23640000	23640999	6
chr16	23641000	23641999	8
chr16	23642000	23642999	8
chr16	23643000	23643999	0
chr16	23644000	23644999	3
chr16	23645000	23645999	6
chr16	23646000	23646999	9
chr16	23647000	23647999	26
chr16	23648000	23648999	12
chr16	23649000	23649999	6
chr16	23650000	23650999	3
chr16	23651000	23651999	9
chr16	23652000	23652999	4
chr16	23653000	23653999	7
chr16	23654000	23654999	6
chr16	23655000	23655999	14
chr16	23656000	23656999	19
chr16	23657000	23657999	3
chr16	23658000	23658999	6
chr16	23659000	23659999	3
chr16	23660000	23660999	7
chr16	23661000	23661999	5
chr16	23662000	23662999	19
chr16	23663000	23663999	21
chr16	23664000	23664999	12
chr16	23665000	23665999	11
chr16	23666000	23666999	1
chr16	23667000	23667999	32
chr16	23668000	23668999	30
chr16	23669000	23669999	6
chr16	23670000	23670999	7
chr16	23671000	23671999	0
chr16	23672000	23672999	7
chr16	23673000	23673999	14
chr16	23674000	23674999	3
chr16	23675000	23675999	25
chr16	23676000	23676999	7
chr16	23677000	23677999	37
chr16	23678000	23678999	19
chr16	23679000	23679999	39
chr16	23680000	23680999	66
chr16	23681000	23681999	15
chr16	23682000	23682999	1
chr16	23683000	23683999	13
chr16	23684000	23684999	13
chr16	23685000	23685999	25
chr16	23686000	23686999	11
chr16	23687000	23687999	0
chr16	23688000	23688999	5
chr16	23689000	23689999	9
chr16	23690000	23690999	28
chr16	23691000	23691999	11
chr16	23692000	23692999	0
chr16	23693000	23693999	0
chr16	23694000	23694999	0
chr16	23695000	23695999	21
chr16	23696000	23696999	13
chr16	23697000	23697999	1
chr16	23698000	23698999	0
chr16	23699000	23699999	7
chr16	23700000	23700999	2
chr16	23701000	23701999	0
chr16	23702000	23702999	2
chr16	23703000	23703999	13
chr16	23704000	23704999	5
chr16	23705000	23705999	10
chr16	23706000	23706999	9
chr16	23707000	23707999	4
chr16	23708000	23708999	5
chr16	23709000	23709999	12
chr16	23710000	23710999	11
chr16	23711000	23711999	10
chr16	23712000	23712999	7
chr16	23713000	23713999	7
chr16	23714000	23714999	0
chr16	23715000	23715999	0
chr16	23716000	23716999	0
chr16	23717000	23717999	21
chr16	23718000	23718999	24
chr16	23719000	23719999	0
chr16	23720000	23720999	0
chr16	23721000	23721999	16
chr16	23722000	23722999	17
chr16	23723000	23723999	11
chr16	23724000	23724999	18
chr16	23725000	23725999	14
chr16	23726000	23726999	40
chr16	23727000	23727999	0
chr16	23728000	23728999	9
chr16	23729000	23729999	4
chr16	23730000	23730999	0
chr16	23731000	23731999	7
chr16	23732000	23732999	11
chr16	23733000	23733999	18
chr16	23734000	23734999	1
chr16	23735000	23735999	2
chr16	23736000	23736999	2
chr16	23737000	23737999	9
chr16	23738000	23738999	8
chr16	23739000	23739999	5
chr16	23740000	23740999	12
chr16	23741000	23741999	0
chr16	23742000	23742999	13
chr16	23743000	23743999	12
chr16	23744000	23744999	11
chr16	23745000	23745999	27
chr16	23746000	23746999	7
chr16	23747000	23747999	11
chr16	23748000	23748999	18
chr16	23749000	23749999	6
chr16	23750000	23750999	0
chr16	23751000	23751999	0
chr16	23752000	23752999	0
chr16	23753000	23753999	0
chr16	23754000	23754999	0
chr16	23755000	23755999	4
chr16	23756000	23756999	17
chr16	23757000	23757999	1
chr16	23758000	23758999	0
chr16	23759000	23759999	15
chr16	23760000	23760999	22
chr16	23761000	23761999	4
chr16	23762000	23762999	8
chr16	23763000	23763999	2
chr16	23764000	23764999	11
chr16	23765000	23765999	0
chr16	23766000	23766999	29
chr16	23767000	23767999	14
chr16	23768000	23768999	0
chr16	23769000	23769999	31
chr16	23770000	23770999	4
chr16	23771000	23771999	8
chr16	23772000	23772999	45
chr16	23773000	23773999	1
chr16	23774000	23774999	33
chr16	23775000	23775999	28
chr16	23776000	23776999	2
chr16	23777000	23777999	0
chr16	23778000	23778999	14
chr16	23779000	23779999	3
chr16	23780000	23780999	1
chr16	23781000	23781999	4
chr16	23782000	23782999	5
chr16	23783000	23783999	23
chr16	23784000	23784999	16
chr16	23785000	23785999	5
chr16	23786000	23786999	0
chr16	23787000	23787999	28
chr16	23788000	23788999	3
chr16	23789000	23789999	17
chr16	23790000	23790999	10
chr16	23791000	23791999	2
chr16	23792000	23792999	1
chr16	23793000	23793999	13
chr16	23794000	23794999	8
chr16	23795000	23795999	1
chr16	23796000	23796999	0
chr16	23797000	23797999	40
chr16	23798000	23798999	0
chr16	23799000	23799999	10
chr16	23800000	23800999	17
chr16	23801000	23801999	3
chr16	23802000	23802999	0
chr16	23803000	23803999	3
chr16	23804000	23804999	20
chr16	23805000	23805999	19
chr16	23806000	23806999	21
chr16	23807000	23807999	16
chr16	23808000	23808999	20
chr16	23809000	23809999	7
chr16	23810000	23810999	12
chr16	23811000	23811999	24
chr16	23812000	23812999	13
chr16	23813000	23813999	7
chr16	23814000	23814999	6
chr16	23815000	23815999	13
chr16	23816000	23816999	25
chr16	23817000	23817999	15
chr16	23818000	23818999	3
chr16	23819000	23819999	1
chr16	23820000	23820999	0
chr16	23821000	23821999	0
chr16	23822000	23822999	9
chr16	23823000	23823999	11
chr16	23824000	23824999	6
chr16	23825000	23825999	9
chr16	23826000	23826999	5
chr16	23827000	23827999	20
chr16	23828000	23828999	2
chr16	23829000	23829999	13
chr16	23830000	23830999	15
chr16	23831000	23831999	8
chr16	23832000	23832999	2
chr16	23833000	23833999	8
chr16	23834000	23834999	6
chr16	23835000	23835999	8
chr16	23836000	23836999	18
chr16	23837000	23837999	0
chr16	23838000	23838999	7
chr16	23839000	23839999	33
chr16	23840000	23840999	0
chr16	23841000	23841999	32
chr16	23842000	23842999	12
chr16	23843000	23843999	12
chr16	23844000	23844999	3
chr16	23845000	23845999	27
chr16	23846000	23846999	21
chr16	23847000	23847999	19
chr16	23848000	23848999	6
chr16	23849000	23849999	9
chr16	23850000	23850999	0
chr16	23851000	23851999	20
chr16	23852000	23852999	21
chr16	23853000	23853999	18
chr16	23854000	23854999	6
chr16	23855000	23855999	20
chr16	23856000	23856999	11
chr16	23857000	23857999	0
chr16	23858000	23858999	0
chr16	23859000	23859999	6
chr16	23860000	23860999	0
chr16	23861000	23861999	4
chr16	23862000	23862999	8
chr16	23863000	23863999	9
chr16	23864000	23864999	0
chr16	23865000	23865999	10
chr16	23866000	23866999	0
chr16	23867000	23867999	10
chr16	23868000	23868999	15
chr16	23869000	23869999	21
chr16	23870000	23870999	10
chr16	23871000	23871999	16
chr16	23872000	23872999	7
chr16	23873000	23873999	1
chr16	23874000	23874999	4
chr16	23875000	23875999	16
chr16	23876000	23876999	2
chr16	23877000	23877999	7
chr16	23878000	23878999	0
chr16	23879000	23879999	32
chr16	23880000	23880999	2
chr16	23881000	23881999	0
chr16	23882000	23882999	11
chr16	23883000	23883999	4
chr16	23884000	23884999	25
chr16	23885000	23885999	5
chr16	23886000	23886999	0
chr16	23887000	23887999	14
chr16	23888000	23888999	29
chr16	23889000	23889999	13
chr16	23890000	23890999	23
chr16	23891000	23891999	4
chr16	23892000	23892999	0
chr16	23893000	23893999	1
chr16	23894000	23894999	5
chr16	23895000	23895999	3
chr16	23896000	23896999	0
chr16	23897000	23897999	2
chr16	23898000	23898999	18
chr16	23899000	23899999	6
chr16	23900000	23900999	4
chr16	23901000	23901999	6
chr16	23902000	23902999	3
chr16	23903000	23903999	0
chr16	23904000	23904999	6
chr16	23905000	23905999	9
chr16	23906000	23906999	4
chr16	23907000	23907999	4
chr16	23908000	23908999	11
chr16	23909000	23909999	12
chr16	23910000	23910999	15
chr16	23911000	23911999	15
chr16	23912000	23912999	16
chr16	23913000	23913999	12
chr16	23914000	23914999	9
chr16	23915000	23915999	25
chr16	23916000	23916999	9
chr16	23917000	23917999	24
chr16	23918000	23918999	7
chr16	23919000	23919999	24
chr16	23920000	23920999	0
chr16	23921000	23921999	9
chr16	23922000	23922999	1
chr16	23923000	23923999	0
chr16	23924000	23924999	2
chr16	23925000	23925999	18
chr16	23926000	23926999	7
chr16	23927000	23927999	8
chr16	23928000	23928999	0
chr16	23929000	23929999	5
chr16	23930000	23930999	5
chr16	23931000	23931999	15
chr16	23932000	23932999	19
chr16	23933000	23933999	0
chr16	23934000	23934999	22
chr16	23935000	23935999	29
chr16	23936000	23936999	0
chr16	23937000	23937999	0
chr16	23938000	23938999	0
chr16	23939000	23939999	0
chr16	23940000	23940999	2
chr16	23941000	23941999	0
chr16	23942000	23942999	0
chr16	23943000	23943999	0
chr16	23944000	23944999	5
chr16	23945000	23945999	18
chr16	23946000	23946999	2
chr16	23947000	23947999	1
chr16	23948000	23948999	0
chr16	23949000	23949999	12
chr16	23950000	23950999	16
chr16	23951000	23951999	6
chr16	23952000	23952999	0
chr16	23953000	23953999	28
chr16	23954000	23954999	6
chr16	23955000	23955999	3
chr16	23956000	23956999	19
chr16	23957000	23957999	21
chr16	23958000	23958999	0
chr16	23959000	23959999	3
chr16	23960000	23960999	12
chr16	23961000	23961999	11
chr16	23962000	23962999	18
chr16	23963000	23963999	20
chr16	23964000	23964999	23
chr16	23965000	23965999	5
chr16	23966000	23966999	7
chr16	23967000	23967999	6
chr16	23968000	23968999	34
chr16	23969000	23969999	38
chr16	23970000	23970999	20
chr16	23971000	23971999	37
chr16	23972000	23972999	17
chr16	23973000	23973999	2
chr16	23974000	23974999	6
chr16	23975000	23975999	7
chr16	23976000	23976999	0
chr16	23977000	23977999	26
chr16	23978000	23978999	17
chr16	23979000	23979999	63
chr16	23980000	23980999	72
chr16	23981000	23981999	63
chr16	23982000	23982999	79
chr16	23983000	23983999	59
chr16	23984000	23984999	106
chr16	23985000	23985999	19
chr16	23986000	23986999	44
chr16	23987000	23987999	10
chr16	23988000	23988999	72
chr16	23989000	23989999	31
chr16	23990000	23990999	36
chr16	23991000	23991999	59
chr16	23992000	23992999	37
chr16	23993000	23993999	103
chr16	23994000	23994999	43
chr16	23995000	23995999	6
chr16	23996000	23996999	0
chr16	23997000	23997999	0
chr16	23998000	23998999	14
chr16	23999000	23999999	29
chr16	24000000	24000999	3
chr16	24001000	24001999	6
chr16	24002000	24002999	3
chr16	24003000	24003999	1
chr16	24004000	24004999	1
chr16	24005000	24005999	6
chr16	24006000	24006999	8
chr16	24007000	24007999	11
chr16	24008000	24008999	0
chr16	24009000	24009999	5
chr16	24010000	24010999	5
chr16	24011000	24011999	3
chr16	24012000	24012999	14
chr16	24013000	24013999	14
chr16	24014000	24014999	0
chr16	24015000	24015999	11
chr16	24016000	24016999	1
chr16	24017000	24017999	12
chr16	24018000	24018999	12
chr16	24019000	24019999	11
chr16	24020000	24020999	7
chr16	24021000	24021999	5
chr16	24022000	24022999	9
chr16	24023000	24023999	23
chr16	24024000	24024999	14
chr16	24025000	24025999	22
chr16	24026000	24026999	5
chr16	24027000	24027999	0
chr16	24028000	24028999	5
chr16	24029000	24029999	2
chr16	24030000	24030999	20
chr16	24031000	24031999	9
chr16	24032000	24032999	17
chr16	24033000	24033999	15
chr16	24034000	24034999	17
chr16	24035000	24035999	2
chr16	24036000	24036999	7
chr16	24037000	24037999	19
chr16	24038000	24038999	22
chr16	24039000	24039999	32
chr16	24040000	24040999	21
chr16	24041000	24041999	11
chr16	24042000	24042999	12
chr16	24043000	24043999	4
chr16	24044000	24044999	2
chr16	24045000	24045999	23
chr16	24046000	24046999	41
chr16	24047000	24047999	2
chr16	24048000	24048999	14
chr16	24049000	24049999	17
chr16	24050000	24050999	15
chr16	24051000	24051999	32
chr16	24052000	24052999	21
chr16	24053000	24053999	23
chr16	24054000	24054999	26
chr16	24055000	24055999	17
chr16	24056000	24056999	41
chr16	24057000	24057999	66
chr16	24058000	24058999	20
chr16	24059000	24059999	14
chr16	24060000	24060999	28
chr16	24061000	24061999	7
chr16	24062000	24062999	14
chr16	24063000	24063999	12
chr16	24064000	24064999	20
chr16	24065000	24065999	5
chr16	24066000	24066999	0
chr16	24067000	24067999	23
chr16	24068000	24068999	20
chr16	24069000	24069999	3
chr16	24070000	24070999	20
chr16	24071000	24071999	17
chr16	24072000	24072999	8
chr16	24073000	24073999	19
chr16	24074000	24074999	8
chr16	24075000	24075999	14
chr16	24076000	24076999	17
chr16	24077000	24077999	3
chr16	24078000	24078999	11
chr16	24079000	24079999	13
chr16	24080000	24080999	30
chr16	24081000	24081999	38
chr16	24082000	24082999	34
chr16	24083000	24083999	28
chr16	24084000	24084999	12
chr16	24085000	24085999	10
chr16	24086000	24086999	0
chr16	24087000	24087999	2
chr16	24088000	24088999	13
chr16	24089000	24089999	34
chr16	24090000	24090999	20
chr16	24091000	24091999	12
chr16	24092000	24092999	12
chr16	24093000	24093999	2
chr16	24094000	24094999	1
chr16	24095000	24095999	26
chr16	24096000	24096999	8
chr16	24097000	24097999	11
chr16	24098000	24098999	4
chr16	24099000	24099999	13
chr16	24100000	24100999	0
chr16	24101000	24101999	0
chr16	24102000	24102999	1
chr16	24103000	24103999	17
chr16	24104000	24104999	0
chr16	24105000	24105999	2
chr16	24106000	24106999	4
chr16	24107000	24107999	29
chr16	24108000	24108999	0
chr16	24109000	24109999	14
chr16	24110000	24110999	14
chr16	24111000	24111999	0
chr16	24112000	24112999	8
chr16	24113000	24113999	9
chr16	24114000	24114999	3
chr16	24115000	24115999	2
chr16	24116000	24116999	0
chr16	24117000	24117999	11
chr16	24118000	24118999	28
chr16	24119000	24119999	5
chr16	24120000	24120999	6
chr16	24121000	24121999	0
chr16	24122000	24122999	6
chr16	24123000	24123999	0
chr16	24124000	24124999	29
chr16	24125000	24125999	5
chr16	24126000	24126999	4
chr16	24127000	24127999	0
chr16	24128000	24128999	9
chr16	24129000	24129999	1
chr16	24130000	24130999	3
chr16	24131000	24131999	12
chr16	24132000	24132999	10
chr16	24133000	24133999	1
chr16	24134000	24134999	30
chr16	24135000	24135999	13
chr16	24136000	24136999	31
chr16	24137000	24137999	16
chr16	24138000	24138999	22
chr16	24139000	24139999	12
chr16	24140000	24140999	30
chr16	24141000	24141999	0
chr16	24142000	24142999	0
chr16	24143000	24143999	33
chr16	24144000	24144999	26
chr16	24145000	24145999	10
chr16	24146000	24146999	33
chr16	24147000	24147999	128
chr16	24148000	24148999	34
chr16	24149000	24149999	61
chr16	24150000	24150999	24
chr16	24151000	24151999	39
chr16	24152000	24152999	10
chr16	24153000	24153999	6
chr16	24154000	24154999	11
chr16	24155000	24155999	2
chr16	24156000	24156999	36
chr16	24157000	24157999	22
chr16	24158000	24158999	5
chr16	24159000	24159999	8
chr16	24160000	24160999	8
chr16	24161000	24161999	45
chr16	24162000	24162999	18
chr16	24163000	24163999	20
chr16	24164000	24164999	0
chr16	24165000	24165999	23
chr16	24166000	24166999	0
chr16	24167000	24167999	0
chr16	24168000	24168999	25
chr16	24169000	24169999	9
chr16	24170000	24170999	7
chr16	24171000	24171999	2
chr16	24172000	24172999	15
chr16	24173000	24173999	40
chr16	24174000	24174999	10
chr16	24175000	24175999	19
chr16	24176000	24176999	8
chr16	24177000	24177999	18
chr16	24178000	24178999	5
chr16	24179000	24179999	12
chr16	24180000	24180999	7
chr16	24181000	24181999	12
chr16	24182000	24182999	17
chr16	24183000	24183999	32
chr16	24184000	24184999	9
chr16	24185000	24185999	11
chr16	24186000	24186999	18
chr16	24187000	24187999	5
chr16	24188000	24188999	14
chr16	24189000	24189999	12
chr16	24190000	24190999	20
chr16	24191000	24191999	19
chr16	24192000	24192999	21
chr16	24193000	24193999	17
chr16	24194000	24194999	0
chr16	24195000	24195999	15
chr16	24196000	24196999	10
chr16	24197000	24197999	9
chr16	24198000	24198999	2
chr16	24199000	24199999	1
chr16	24200000	24200999	16
chr16	24201000	24201999	17
chr16	24202000	24202999	10
chr16	24203000	24203999	9
chr16	24204000	24204999	22
chr16	24205000	24205999	21
chr16	24206000	24206999	11
chr16	24207000	24207999	25
chr16	24208000	24208999	16
chr16	24209000	24209999	31
chr16	24210000	24210999	6
chr16	24211000	24211999	3
chr16	24212000	24212999	0
chr16	24213000	24213999	17
chr16	24214000	24214999	17
chr16	24215000	24215999	13
chr16	24216000	24216999	7
chr16	24217000	24217999	0
chr16	24218000	24218999	12
chr16	24219000	24219999	5
chr16	24220000	24220999	0
chr16	24221000	24221999	14
chr16	24222000	24222999	6
chr16	24223000	24223999	19
chr16	24224000	24224999	0
chr16	24225000	24225999	33
chr16	24226000	24226999	7
chr16	24227000	24227999	11
chr16	24228000	24228999	4
chr16	24229000	24229999	4
chr16	24230000	24230999	23
chr16	24231000	24231999	1
chr16	24232000	24232999	24
chr16	24233000	24233999	8
chr16	24234000	24234999	22
chr16	24235000	24235999	11
chr16	24236000	24236999	2
chr16	24237000	24237999	23
chr16	24238000	24238999	76
chr16	24239000	24239999	20
chr16	24240000	24240999	8
chr16	24241000	24241999	10
chr16	24242000	24242999	6
chr16	24243000	24243999	29
chr16	24244000	24244999	6
chr16	24245000	24245999	11
chr16	24246000	24246999	25
chr16	24247000	24247999	6
chr16	24248000	24248999	5
chr16	24249000	24249999	10
chr16	24250000	24250999	8
chr16	24251000	24251999	10
chr16	24252000	24252999	5
chr16	24253000	24253999	32
chr16	24254000	24254999	18
chr16	24255000	24255999	0
chr16	24256000	24256999	1
chr16	24257000	24257999	0
chr16	24258000	24258999	0
chr16	24259000	24259999	0
chr16	24260000	24260999	9
chr16	24261000	24261999	29
chr16	24262000	24262999	18
chr16	24263000	24263999	0
chr16	24264000	24264999	5
chr16	24265000	24265999	16
chr16	24266000	24266999	0
chr16	24267000	24267999	6
chr16	24268000	24268999	2
chr16	24269000	24269999	2
chr16	24270000	24270999	7
chr16	24271000	24271999	14
chr16	24272000	24272999	20
chr16	24273000	24273999	7
chr16	24274000	24274999	4
chr16	24275000	24275999	15
chr16	24276000	24276999	12
chr16	24277000	24277999	14
chr16	24278000	24278999	10
chr16	24279000	24279999	18
chr16	24280000	24280999	24
chr16	24281000	24281999	27
chr16	24282000	24282999	116
chr16	24283000	24283999	18
chr16	24284000	24284999	5
chr16	24285000	24285999	14
chr16	24286000	24286999	7
chr16	24287000	24287999	35
chr16	24288000	24288999	4
chr16	24289000	24289999	15
chr16	24290000	24290999	17
chr16	24291000	24291999	6
chr16	24292000	24292999	4
chr16	24293000	24293999	10
chr16	24294000	24294999	25
chr16	24295000	24295999	11
chr16	24296000	24296999	5
chr16	24297000	24297999	0
chr16	24298000	24298999	0
chr16	24299000	24299999	0
chr16	24300000	24300999	12
chr16	24301000	24301999	13
chr16	24302000	24302999	20
chr16	24303000	24303999	0
chr16	24304000	24304999	0
chr16	24305000	24305999	16
chr16	24306000	24306999	15
chr16	24307000	24307999	0
chr16	24308000	24308999	4
chr16	24309000	24309999	26
chr16	24310000	24310999	10
chr16	24311000	24311999	17
chr16	24312000	24312999	0
chr16	24313000	24313999	29
chr16	24314000	24314999	26
chr16	24315000	24315999	0
chr16	24316000	24316999	10
chr16	24317000	24317999	0
chr16	24318000	24318999	11
chr16	24319000	24319999	3
chr16	24320000	24320999	6
chr16	24321000	24321999	0
chr16	24322000	24322999	0
chr16	24323000	24323999	0
chr16	24324000	24324999	2
chr16	24325000	24325999	10
chr16	24326000	24326999	7
chr16	24327000	24327999	8
chr16	24328000	24328999	16
chr16	24329000	24329999	11
chr16	24330000	24330999	8
chr16	24331000	24331999	19
chr16	24332000	24332999	6
chr16	24333000	24333999	10
chr16	24334000	24334999	8
chr16	24335000	24335999	27
chr16	24336000	24336999	5
chr16	24337000	24337999	5
chr16	24338000	24338999	17
chr16	24339000	24339999	15
chr16	24340000	24340999	26
chr16	24341000	24341999	4
chr16	24342000	24342999	19
chr16	24343000	24343999	4
chr16	24344000	24344999	3
chr16	24345000	24345999	13
chr16	24346000	24346999	10
chr16	24347000	24347999	5
chr16	24348000	24348999	4
chr16	24349000	24349999	0
chr16	24350000	24350999	2
chr16	24351000	24351999	9
chr16	24352000	24352999	9
chr16	24353000	24353999	6
chr16	24354000	24354999	15
chr16	24355000	24355999	1
chr16	24356000	24356999	28
chr16	24357000	24357999	13
chr16	24358000	24358999	0
chr16	24359000	24359999	2
chr16	24360000	24360999	10
chr16	24361000	24361999	0
chr16	24362000	24362999	17
chr16	24363000	24363999	15
chr16	24364000	24364999	0
chr16	24365000	24365999	5
chr16	24366000	24366999	4
chr16	24367000	24367999	16
chr16	24368000	24368999	18
chr16	24369000	24369999	0
chr16	24370000	24370999	3
chr16	24371000	24371999	0
chr16	24372000	24372999	16
chr16	24373000	24373999	16
chr16	24374000	24374999	8
chr16	24375000	24375999	0
chr16	24376000	24376999	11
chr16	24377000	24377999	31
chr16	24378000	24378999	13
chr16	24379000	24379999	0
chr16	24380000	24380999	4
chr16	24381000	24381999	4
chr16	24382000	24382999	13
chr16	24383000	24383999	1
chr16	24384000	24384999	4
chr16	24385000	24385999	0
chr16	24386000	24386999	13
chr16	24387000	24387999	10
chr16	24388000	24388999	7
chr16	24389000	24389999	9
chr16	24390000	24390999	6
chr16	24391000	24391999	13
chr16	24392000	24392999	77
chr16	24393000	24393999	86
chr16	24394000	24394999	64
chr16	24395000	24395999	25
chr16	24396000	24396999	37
chr16	24397000	24397999	0
chr16	24398000	24398999	23
chr16	24399000	24399999	4
chr16	24400000	24400999	25
chr16	24401000	24401999	26
chr16	24402000	24402999	6
chr16	24403000	24403999	81
chr16	24404000	24404999	17
chr16	24405000	24405999	3
chr16	24406000	24406999	0
chr16	24407000	24407999	0
chr16	24408000	24408999	25
chr16	24409000	24409999	0
chr16	24410000	24410999	0
chr16	24411000	24411999	16
chr16	24412000	24412999	24
chr16	24413000	24413999	14
chr16	24414000	24414999	0
chr16	24415000	24415999	8
chr16	24416000	24416999	12
chr16	24417000	24417999	6
chr16	24418000	24418999	11
chr16	24419000	24419999	0
chr16	24420000	24420999	17
chr16	24421000	24421999	29
chr16	24422000	24422999	33
chr16	24423000	24423999	2
chr16	24424000	24424999	35
chr16	24425000	24425999	26
chr16	24426000	24426999	20
chr16	24427000	24427999	3
chr16	24428000	24428999	7
chr16	24429000	24429999	36
chr16	24430000	24430999	29
chr16	24431000	24431999	16
chr16	24432000	24432999	11
chr16	24433000	24433999	33
chr16	24434000	24434999	47
chr16	24435000	24435999	18
chr16	24436000	24436999	3
chr16	24437000	24437999	7
chr16	24438000	24438999	18
chr16	24439000	24439999	19
chr16	24440000	24440999	17
chr16	24441000	24441999	13
chr16	24442000	24442999	25
chr16	24443000	24443999	7
chr16	24444000	24444999	1
chr16	24445000	24445999	9
chr16	24446000	24446999	4
chr16	24447000	24447999	9
chr16	24448000	24448999	0
chr16	24449000	24449999	9
chr16	24450000	24450999	0
chr16	24451000	24451999	1
chr16	24452000	24452999	9
chr16	24453000	24453999	5
chr16	24454000	24454999	11
chr16	24455000	24455999	7
chr16	24456000	24456999	9
chr16	24457000	24457999	2
chr16	24458000	24458999	0
chr16	24459000	24459999	37
chr16	24460000	24460999	12
chr16	24461000	24461999	16
chr16	24462000	24462999	12
chr16	24463000	24463999	7
chr16	24464000	24464999	6
chr16	24465000	24465999	29
chr16	24466000	24466999	24
chr16	24467000	24467999	9
chr16	24468000	24468999	25
chr16	24469000	24469999	0
chr16	24470000	24470999	0
chr16	24471000	24471999	7
chr16	24472000	24472999	5
chr16	24473000	24473999	25
chr16	24474000	24474999	21
chr16	24475000	24475999	19
chr16	24476000	24476999	19
chr16	24477000	24477999	7
chr16	24478000	24478999	5
chr16	24479000	24479999	31
chr16	24480000	24480999	16
chr16	24481000	24481999	14
chr16	24482000	24482999	18
chr16	24483000	24483999	30
chr16	24484000	24484999	12
chr16	24485000	24485999	14
chr16	24486000	24486999	6
chr16	24487000	24487999	24
chr16	24488000	24488999	49
chr16	24489000	24489999	84
chr16	24490000	24490999	86
chr16	24491000	24491999	32
chr16	24492000	24492999	19
chr16	24493000	24493999	0
chr16	24494000	24494999	26
chr16	24495000	24495999	25
chr16	24496000	24496999	9
chr16	24497000	24497999	10
chr16	24498000	24498999	34
chr16	24499000	24499999	8
chr16	24500000	24500999	5
chr16	24501000	24501999	10
chr16	24502000	24502999	13
chr16	24503000	24503999	1
chr16	24504000	24504999	25
chr16	24505000	24505999	14
chr16	24506000	24506999	15
chr16	24507000	24507999	12
chr16	24508000	24508999	15
chr16	24509000	24509999	12
chr16	24510000	24510999	0
chr16	24511000	24511999	15
chr16	24512000	24512999	6
chr16	24513000	24513999	0
chr16	24514000	24514999	4
chr16	24515000	24515999	17
chr16	24516000	24516999	12
chr16	24517000	24517999	21
chr16	24518000	24518999	12
chr16	24519000	24519999	36
chr16	24520000	24520999	4
chr16	24521000	24521999	28
chr16	24522000	24522999	0
chr16	24523000	24523999	8
chr16	24524000	24524999	32
chr16	24525000	24525999	15
chr16	24526000	24526999	0
chr16	24527000	24527999	26
chr16	24528000	24528999	4
chr16	24529000	24529999	5
chr16	24530000	24530999	0
chr16	24531000	24531999	11
chr16	24532000	24532999	33
chr16	24533000	24533999	0
chr16	24534000	24534999	0
chr16	24535000	24535999	35
chr16	24536000	24536999	20
chr16	24537000	24537999	0
chr16	24538000	24538999	9
chr16	24539000	24539999	9
chr16	24540000	24540999	11
chr16	24541000	24541999	8
chr16	24542000	24542999	0
chr16	24543000	24543999	9
chr16	24544000	24544999	13
chr16	24545000	24545999	34
chr16	24546000	24546999	17
chr16	24547000	24547999	25
chr16	24548000	24548999	12
chr16	24549000	24549999	22
chr16	24550000	24550999	0
chr16	24551000	24551999	0
chr16	24552000	24552999	0
chr16	24553000	24553999	6
chr16	24554000	24554999	0
chr16	24555000	24555999	11
chr16	24556000	24556999	0
chr16	24557000	24557999	3
chr16	24558000	24558999	26
chr16	24559000	24559999	61
chr16	24560000	24560999	30
chr16	24561000	24561999	19
chr16	24562000	24562999	15
chr16	24563000	24563999	37
chr16	24564000	24564999	13
chr16	24565000	24565999	14
chr16	24566000	24566999	3
chr16	24567000	24567999	0
chr16	24568000	24568999	22
chr16	24569000	24569999	9
chr16	24570000	24570999	7
chr16	24571000	24571999	8
chr16	24572000	24572999	5
chr16	24573000	24573999	14
chr16	24574000	24574999	8
chr16	24575000	24575999	15
chr16	24576000	24576999	17
chr16	24577000	24577999	22
chr16	24578000	24578999	32
chr16	24579000	24579999	18
chr16	24580000	24580999	8
chr16	24581000	24581999	0
chr16	24582000	24582999	2
chr16	24583000	24583999	10
chr16	24584000	24584999	24
chr16	24585000	24585999	5
chr16	24586000	24586999	14
chr16	24587000	24587999	10
chr16	24588000	24588999	13
chr16	24589000	24589999	11
chr16	24590000	24590999	20
chr16	24591000	24591999	0
chr16	24592000	24592999	0
chr16	24593000	24593999	6
chr16	24594000	24594999	3
chr16	24595000	24595999	5
chr16	24596000	24596999	12
chr16	24597000	24597999	0
chr16	24598000	24598999	20
chr16	24599000	24599999	3
chr16	24600000	24600999	0
chr16	24601000	24601999	38
chr16	24602000	24602999	23
chr16	24603000	24603999	8
chr16	24604000	24604999	11
chr16	24605000	24605999	11
chr16	24606000	24606999	4
chr16	24607000	24607999	13
chr16	24608000	24608999	9
chr16	24609000	24609999	25
chr16	24610000	24610999	13
chr16	24611000	24611999	0
chr16	24612000	24612999	27
chr16	24613000	24613999	5
chr16	24614000	24614999	18
chr16	24615000	24615999	0
chr16	24616000	24616999	9
chr16	24617000	24617999	0
chr16	24618000	24618999	12
chr16	24619000	24619999	22
chr16	24620000	24620999	18
chr16	24621000	24621999	14
chr16	24622000	24622999	16
chr16	24623000	24623999	21
chr16	24624000	24624999	20
chr16	24625000	24625999	19
chr16	24626000	24626999	0
chr16	24627000	24627999	8
chr16	24628000	24628999	9
chr16	24629000	24629999	5
chr16	24630000	24630999	11
chr16	24631000	24631999	4
chr16	24632000	24632999	3
chr16	24633000	24633999	25
chr16	24634000	24634999	9
chr16	24635000	24635999	1
chr16	24636000	24636999	0
chr16	24637000	24637999	0
chr16	24638000	24638999	3
chr16	24639000	24639999	5
chr16	24640000	24640999	25
chr16	24641000	24641999	0
chr16	24642000	24642999	0
chr16	24643000	24643999	19
chr16	24644000	24644999	24
chr16	24645000	24645999	30
chr16	24646000	24646999	27
chr16	24647000	24647999	3
chr16	24648000	24648999	25
chr16	24649000	24649999	13
chr16	24650000	24650999	21
chr16	24651000	24651999	3
chr16	24652000	24652999	28
chr16	24653000	24653999	18
chr16	24654000	24654999	2
chr16	24655000	24655999	4
chr16	24656000	24656999	0
chr16	24657000	24657999	1
chr16	24658000	24658999	14
chr16	24659000	24659999	16
chr16	24660000	24660999	4
chr16	24661000	24661999	16
chr16	24662000	24662999	13
chr16	24663000	24663999	19
chr16	24664000	24664999	2
chr16	24665000	24665999	17
chr16	24666000	24666999	13
chr16	24667000	24667999	6
chr16	24668000	24668999	18
chr16	24669000	24669999	19
chr16	24670000	24670999	35
chr16	24671000	24671999	23
chr16	24672000	24672999	9
chr16	24673000	24673999	5
chr16	24674000	24674999	5
chr16	24675000	24675999	5
chr16	24676000	24676999	11
chr16	24677000	24677999	0
chr16	24678000	24678999	0
chr16	24679000	24679999	14
chr16	24680000	24680999	11
chr16	24681000	24681999	7
chr16	24682000	24682999	4
chr16	24683000	24683999	14
chr16	24684000	24684999	20
chr16	24685000	24685999	9
chr16	24686000	24686999	4
chr16	24687000	24687999	16
chr16	24688000	24688999	10
chr16	24689000	24689999	10
chr16	24690000	24690999	3
chr16	24691000	24691999	25
chr16	24692000	24692999	0
chr16	24693000	24693999	64
chr16	24694000	24694999	2
chr16	24695000	24695999	0
chr16	24696000	24696999	37
chr16	24697000	24697999	3
chr16	24698000	24698999	23
chr16	24699000	24699999	4
chr16	24700000	24700999	11
chr16	24701000	24701999	9
chr16	24702000	24702999	0
chr16	24703000	24703999	9
chr16	24704000	24704999	11
chr16	24705000	24705999	3
chr16	24706000	24706999	0
chr16	24707000	24707999	6
chr16	24708000	24708999	2
chr16	24709000	24709999	9
chr16	24710000	24710999	0
chr16	24711000	24711999	17
chr16	24712000	24712999	25
chr16	24713000	24713999	9
chr16	24714000	24714999	20
chr16	24715000	24715999	34
chr16	24716000	24716999	20
chr16	24717000	24717999	2
chr16	24718000	24718999	13
chr16	24719000	24719999	14
chr16	24720000	24720999	5
chr16	24721000	24721999	52
chr16	24722000	24722999	16
chr16	24723000	24723999	19
chr16	24724000	24724999	21
chr16	24725000	24725999	5
chr16	24726000	24726999	19
chr16	24727000	24727999	0
chr16	24728000	24728999	8
chr16	24729000	24729999	5
chr16	24730000	24730999	8
chr16	24731000	24731999	8
chr16	24732000	24732999	3
chr16	24733000	24733999	0
chr16	24734000	24734999	8
chr16	24735000	24735999	26
chr16	24736000	24736999	8
chr16	24737000	24737999	33
chr16	24738000	24738999	1
chr16	24739000	24739999	7
chr16	24740000	24740999	3
chr16	24741000	24741999	2
chr16	24742000	24742999	6
chr16	24743000	24743999	2
chr16	24744000	24744999	10
chr16	24745000	24745999	7
chr16	24746000	24746999	0
chr16	24747000	24747999	2
chr16	24748000	24748999	0
chr16	24749000	24749999	25
chr16	24750000	24750999	2
chr16	24751000	24751999	18
chr16	24752000	24752999	0
chr16	24753000	24753999	16
chr16	24754000	24754999	5
chr16	24755000	24755999	28
chr16	24756000	24756999	6
chr16	24757000	24757999	14
chr16	24758000	24758999	2
chr16	24759000	24759999	6
chr16	24760000	24760999	17
chr16	24761000	24761999	6
chr16	24762000	24762999	5
chr16	24763000	24763999	12
chr16	24764000	24764999	17
chr16	24765000	24765999	17
chr16	24766000	24766999	27
chr16	24767000	24767999	0
chr16	24768000	24768999	0
chr16	24769000	24769999	0
chr16	24770000	24770999	0
chr16	24771000	24771999	12
chr16	24772000	24772999	0
chr16	24773000	24773999	19
chr16	24774000	24774999	43
chr16	24775000	24775999	10
chr16	24776000	24776999	6
chr16	24777000	24777999	35
chr16	24778000	24778999	15
chr16	24779000	24779999	12
chr16	24780000	24780999	1
chr16	24781000	24781999	0
chr16	24782000	24782999	0
chr16	24783000	24783999	11
chr16	24784000	24784999	16
chr16	24785000	24785999	0
chr16	24786000	24786999	3
chr16	24787000	24787999	7
chr16	24788000	24788999	8
chr16	24789000	24789999	0
chr16	24790000	24790999	1
chr16	24791000	24791999	21
chr16	24792000	24792999	29
chr16	24793000	24793999	12
chr16	24794000	24794999	0
chr16	24795000	24795999	10
chr16	24796000	24796999	1
chr16	24797000	24797999	9
chr16	24798000	24798999	25
chr16	24799000	24799999	4
chr16	24800000	24800999	25
chr16	24801000	24801999	15
chr16	24802000	24802999	9
chr16	24803000	24803999	0
chr16	24804000	24804999	0
chr16	24805000	24805999	0
chr16	24806000	24806999	0
chr16	24807000	24807999	12
chr16	24808000	24808999	0
chr16	24809000	24809999	2
chr16	24810000	24810999	11
chr16	24811000	24811999	15
chr16	24812000	24812999	11
chr16	24813000	24813999	0
chr16	24814000	24814999	0
chr16	24815000	24815999	0
chr16	24816000	24816999	0
chr16	24817000	24817999	18
chr16	24818000	24818999	14
chr16	24819000	24819999	56
chr16	24820000	24820999	11
chr16	24821000	24821999	20
chr16	24822000	24822999	9
chr16	24823000	24823999	36
chr16	24824000	24824999	3
chr16	24825000	24825999	8
chr16	24826000	24826999	21
chr16	24827000	24827999	0
chr16	24828000	24828999	22
chr16	24829000	24829999	22
chr16	24830000	24830999	8
chr16	24831000	24831999	19
chr16	24832000	24832999	11
chr16	24833000	24833999	0
chr16	24834000	24834999	0
chr16	24835000	24835999	14
chr16	24836000	24836999	18
chr16	24837000	24837999	16
chr16	24838000	24838999	19
chr16	24839000	24839999	13
chr16	24840000	24840999	3
chr16	24841000	24841999	27
chr16	24842000	24842999	21
chr16	24843000	24843999	0
chr16	24844000	24844999	14
chr16	24845000	24845999	7
chr16	24846000	24846999	0
chr16	24847000	24847999	0
chr16	24848000	24848999	2
chr16	24849000	24849999	6
chr16	24850000	24850999	14
chr16	24851000	24851999	4
chr16	24852000	24852999	3
chr16	24853000	24853999	18
chr16	24854000	24854999	22
chr16	24855000	24855999	2
chr16	24856000	24856999	24
chr16	24857000	24857999	1
chr16	24858000	24858999	7
chr16	24859000	24859999	30
chr16	24860000	24860999	42
chr16	24861000	24861999	10
chr16	24862000	24862999	2
chr16	24863000	24863999	6
chr16	24864000	24864999	0
chr16	24865000	24865999	13
chr16	24866000	24866999	3
chr16	24867000	24867999	27
chr16	24868000	24868999	9
chr16	24869000	24869999	33
chr16	24870000	24870999	24
chr16	24871000	24871999	9
chr16	24872000	24872999	1
chr16	24873000	24873999	5
chr16	24874000	24874999	27
chr16	24875000	24875999	10
chr16	24876000	24876999	5
chr16	24877000	24877999	21
chr16	24878000	24878999	7
chr16	24879000	24879999	6
chr16	24880000	24880999	15
chr16	24881000	24881999	9
chr16	24882000	24882999	11
chr16	24883000	24883999	3
chr16	24884000	24884999	8
chr16	24885000	24885999	11
chr16	24886000	24886999	39
chr16	24887000	24887999	0
chr16	24888000	24888999	5
chr16	24889000	24889999	9
chr16	24890000	24890999	15
chr16	24891000	24891999	23
chr16	24892000	24892999	5
chr16	24893000	24893999	15
chr16	24894000	24894999	0
chr16	24895000	24895999	7
chr16	24896000	24896999	1
chr16	24897000	24897999	15
chr16	24898000	24898999	0
chr16	24899000	24899999	8
chr16	24900000	24900999	7
chr16	24901000	24901999	11
chr16	24902000	24902999	4
chr16	24903000	24903999	0
chr16	24904000	24904999	10
chr16	24905000	24905999	13
chr16	24906000	24906999	2
chr16	24907000	24907999	0
chr16	24908000	24908999	12
chr16	24909000	24909999	27
chr16	24910000	24910999	24
chr16	24911000	24911999	41
chr16	24912000	24912999	8
chr16	24913000	24913999	11
chr16	24914000	24914999	40
chr16	24915000	24915999	17
chr16	24916000	24916999	15
chr16	24917000	24917999	10
chr16	24918000	24918999	13
chr16	24919000	24919999	22
chr16	24920000	24920999	11
chr16	24921000	24921999	32
chr16	24922000	24922999	1
chr16	24923000	24923999	0
chr16	24924000	24924999	14
chr16	24925000	24925999	33
chr16	24926000	24926999	23
chr16	24927000	24927999	14
chr16	24928000	24928999	15
chr16	24929000	24929999	0
chr16	24930000	24930999	53
chr16	24931000	24931999	17
chr16	24932000	24932999	20
chr16	24933000	24933999	29
chr16	24934000	24934999	21
chr16	24935000	24935999	12
chr16	24936000	24936999	0
chr16	24937000	24937999	9
chr16	24938000	24938999	14
chr16	24939000	24939999	26
chr16	24940000	24940999	15
chr16	24941000	24941999	10
chr16	24942000	24942999	0
chr16	24943000	24943999	10
chr16	24944000	24944999	11
chr16	24945000	24945999	20
chr16	24946000	24946999	30
chr16	24947000	24947999	58
chr16	24948000	24948999	16
chr16	24949000	24949999	31
chr16	24950000	24950999	18
chr16	24951000	24951999	7
chr16	24952000	24952999	26
chr16	24953000	24953999	0
chr16	24954000	24954999	0
chr16	24955000	24955999	13
chr16	24956000	24956999	14
chr16	24957000	24957999	14
chr16	24958000	24958999	19
chr16	24959000	24959999	15
chr16	24960000	24960999	26
chr16	24961000	24961999	13
chr16	24962000	24962999	18
chr16	24963000	24963999	25
chr16	24964000	24964999	1
chr16	24965000	24965999	10
chr16	24966000	24966999	12
chr16	24967000	24967999	14
chr16	24968000	24968999	0
chr16	24969000	24969999	25
chr16	24970000	24970999	17
chr16	24971000	24971999	6
chr16	24972000	24972999	19
chr16	24973000	24973999	31
chr16	24974000	24974999	2
chr16	24975000	24975999	7
chr16	24976000	24976999	10
chr16	24977000	24977999	32
chr16	24978000	24978999	6
chr16	24979000	24979999	12
chr16	24980000	24980999	4
chr16	24981000	24981999	0
chr16	24982000	24982999	14
chr16	24983000	24983999	5
chr16	24984000	24984999	0
chr16	24985000	24985999	21
chr16	24986000	24986999	15
chr16	24987000	24987999	6
chr16	24988000	24988999	31
chr16	24989000	24989999	5
chr16	24990000	24990999	2
chr16	24991000	24991999	26
chr16	24992000	24992999	0
chr16	24993000	24993999	3
chr16	24994000	24994999	2
chr16	24995000	24995999	0
chr16	24996000	24996999	0
chr16	24997000	24997999	16
chr16	24998000	24998999	0
chr16	24999000	24999999	0
chr16	25000000	25000999	0
chr16	25001000	25001999	9
chr16	25002000	25002999	4
chr16	25003000	25003999	15
chr16	25004000	25004999	3
chr16	25005000	25005999	15
chr16	25006000	25006999	0
chr16	25007000	25007999	8
chr16	25008000	25008999	9
chr16	25009000	25009999	5
chr16	25010000	25010999	11
chr16	25011000	25011999	58
chr16	25012000	25012999	1
chr16	25013000	25013999	17
chr16	25014000	25014999	8
chr16	25015000	25015999	5
chr16	25016000	25016999	20
chr16	25017000	25017999	0
chr16	25018000	25018999	0
chr16	25019000	25019999	14
chr16	25020000	25020999	3
chr16	25021000	25021999	1
chr16	25022000	25022999	2
chr16	25023000	25023999	3
chr16	25024000	25024999	24
chr16	25025000	25025999	10
chr16	25026000	25026999	21
chr16	25027000	25027999	12
chr16	25028000	25028999	9
chr16	25029000	25029999	0
chr16	25030000	25030999	23
chr16	25031000	25031999	9
chr16	25032000	25032999	15
chr16	25033000	25033999	5
chr16	25034000	25034999	2
chr16	25035000	25035999	0
chr16	25036000	25036999	6
chr16	25037000	25037999	11
chr16	25038000	25038999	21
chr16	25039000	25039999	19
chr16	25040000	25040999	12
chr16	25041000	25041999	12
chr16	25042000	25042999	32
chr16	25043000	25043999	6
chr16	25044000	25044999	22
chr16	25045000	25045999	24
chr16	25046000	25046999	15
chr16	25047000	25047999	6
chr16	25048000	25048999	3
chr16	25049000	25049999	2
chr16	25050000	25050999	8
chr16	25051000	25051999	0
chr16	25052000	25052999	3
chr16	25053000	25053999	52
chr16	25054000	25054999	9
chr16	25055000	25055999	25
chr16	25056000	25056999	15
chr16	25057000	25057999	5
chr16	25058000	25058999	62
chr16	25059000	25059999	159
chr16	25060000	25060999	41
chr16	25061000	25061999	15
chr16	25062000	25062999	23
chr16	25063000	25063999	14
chr16	25064000	25064999	26
chr16	25065000	25065999	5
chr16	25066000	25066999	18
chr16	25067000	25067999	40
chr16	25068000	25068999	11
chr16	25069000	25069999	5
chr16	25070000	25070999	15
chr16	25071000	25071999	0
chr16	25072000	25072999	7
chr16	25073000	25073999	23
chr16	25074000	25074999	10
chr16	25075000	25075999	0
chr16	25076000	25076999	0
chr16	25077000	25077999	0
chr16	25078000	25078999	14
chr16	25079000	25079999	32
chr16	25080000	25080999	33
chr16	25081000	25081999	11
chr16	25082000	25082999	20
chr16	25083000	25083999	10
chr16	25084000	25084999	1
chr16	25085000	25085999	0
chr16	25086000	25086999	13
chr16	25087000	25087999	9
chr16	25088000	25088999	12
chr16	25089000	25089999	13
chr16	25090000	25090999	23
chr16	25091000	25091999	0
chr16	25092000	25092999	4
chr16	25093000	25093999	3
chr16	25094000	25094999	3
chr16	25095000	25095999	0
chr16	25096000	25096999	21
chr16	25097000	25097999	0
chr16	25098000	25098999	2
chr16	25099000	25099999	1
chr16	25100000	25100999	6
chr16	25101000	25101999	30
chr16	25102000	25102999	6
chr16	25103000	25103999	27
chr16	25104000	25104999	0
chr16	25105000	25105999	0
chr16	25106000	25106999	4
chr16	25107000	25107999	8
chr16	25108000	25108999	0
chr16	25109000	25109999	21
chr16	25110000	25110999	8
chr16	25111000	25111999	23
chr16	25112000	25112999	15
chr16	25113000	25113999	4
chr16	25114000	25114999	21
chr16	25115000	25115999	10
chr16	25116000	25116999	8
chr16	25117000	25117999	11
chr16	25118000	25118999	12
chr16	25119000	25119999	28
chr16	25120000	25120999	17
chr16	25121000	25121999	4
chr16	25122000	25122999	11
chr16	25123000	25123999	9
chr16	25124000	25124999	4
chr16	25125000	25125999	10
chr16	25126000	25126999	0
chr16	25127000	25127999	0
chr16	25128000	25128999	6
chr16	25129000	25129999	0
chr16	25130000	25130999	2
chr16	25131000	25131999	7
chr16	25132000	25132999	13
chr16	25133000	25133999	15
chr16	25134000	25134999	9
chr16	25135000	25135999	2
chr16	25136000	25136999	19
chr16	25137000	25137999	8
chr16	25138000	25138999	10
chr16	25139000	25139999	11
chr16	25140000	25140999	12
chr16	25141000	25141999	28
chr16	25142000	25142999	15
chr16	25143000	25143999	3
chr16	25144000	25144999	5
chr16	25145000	25145999	22
chr16	25146000	25146999	3
chr16	25147000	25147999	1
chr16	25148000	25148999	0
chr16	25149000	25149999	9
chr16	25150000	25150999	12
chr16	25151000	25151999	19
chr16	25152000	25152999	7
chr16	25153000	25153999	6
chr16	25154000	25154999	0
chr16	25155000	25155999	7
chr16	25156000	25156999	0
chr16	25157000	25157999	12
chr16	25158000	25158999	8
chr16	25159000	25159999	0
chr16	25160000	25160999	17
chr16	25161000	25161999	1
chr16	25162000	25162999	0
chr16	25163000	25163999	18
chr16	25164000	25164999	0
chr16	25165000	25165999	0
chr16	25166000	25166999	24
chr16	25167000	25167999	9
chr16	25168000	25168999	0
chr16	25169000	25169999	0
chr16	25170000	25170999	0
chr16	25171000	25171999	3
chr16	25172000	25172999	0
chr16	25173000	25173999	0
chr16	25174000	25174999	0
chr16	25175000	25175999	0
chr16	25176000	25176999	13
chr16	25177000	25177999	5
chr16	25178000	25178999	3
chr16	25179000	25179999	0
chr16	25180000	25180999	17
chr16	25181000	25181999	23
chr16	25182000	25182999	6
chr16	25183000	25183999	6
chr16	25184000	25184999	0
chr16	25185000	25185999	6
chr16	25186000	25186999	0
chr16	25187000	25187999	0
chr16	25188000	25188999	10
chr16	25189000	25189999	0
chr16	25190000	25190999	6
chr16	25191000	25191999	0
chr16	25192000	25192999	0
chr16	25193000	25193999	1
chr16	25194000	25194999	0
chr16	25195000	25195999	0
chr16	25196000	25196999	3
chr16	25197000	25197999	0
chr16	25198000	25198999	0
chr16	25199000	25199999	4
chr16	25200000	25200999	2
chr16	25201000	25201999	23
chr16	25202000	25202999	14
chr16	25203000	25203999	4
chr16	25204000	25204999	0
chr16	25205000	25205999	3
chr16	25206000	25206999	16
chr16	25207000	25207999	0
chr16	25208000	25208999	18
chr16	25209000	25209999	17
chr16	25210000	25210999	7
chr16	25211000	25211999	0
chr16	25212000	25212999	10
chr16	25213000	25213999	3
chr16	25214000	25214999	6
chr16	25215000	25215999	8
chr16	25216000	25216999	4
chr16	25217000	25217999	4
chr16	25218000	25218999	24
chr16	25219000	25219999	2
chr16	25220000	25220999	99
chr16	25221000	25221999	7
chr16	25222000	25222999	43
chr16	25223000	25223999	30
chr16	25224000	25224999	22
chr16	25225000	25225999	44
chr16	25226000	25226999	18
chr16	25227000	25227999	0
chr16	25228000	25228999	8
chr16	25229000	25229999	3
chr16	25230000	25230999	0
chr16	25231000	25231999	10
chr16	25232000	25232999	29
chr16	25233000	25233999	11
chr16	25234000	25234999	8
chr16	25235000	25235999	12
chr16	25236000	25236999	2
chr16	25237000	25237999	13
chr16	25238000	25238999	0
chr16	25239000	25239999	14
chr16	25240000	25240999	3
chr16	25241000	25241999	17
chr16	25242000	25242999	21
chr16	25243000	25243999	19
chr16	25244000	25244999	8
chr16	25245000	25245999	14
chr16	25246000	25246999	23
chr16	25247000	25247999	15
chr16	25248000	25248999	38
chr16	25249000	25249999	25
chr16	25250000	25250999	6
chr16	25251000	25251999	11
chr16	25252000	25252999	11
chr16	25253000	25253999	16
chr16	25254000	25254999	30
chr16	25255000	25255999	4
chr16	25256000	25256999	21
chr16	25257000	25257999	10
chr16	25258000	25258999	1
chr16	25259000	25259999	38
chr16	25260000	25260999	0
chr16	25261000	25261999	14
chr16	25262000	25262999	15
chr16	25263000	25263999	39
chr16	25264000	25264999	50
chr16	25265000	25265999	10
chr16	25266000	25266999	16
chr16	25267000	25267999	12
chr16	25268000	25268999	24
chr16	25269000	25269999	9
chr16	25270000	25270999	5
chr16	25271000	25271999	22
chr16	25272000	25272999	1
chr16	25273000	25273999	19
chr16	25274000	25274999	6
chr16	25275000	25275999	8
chr16	25276000	25276999	12
chr16	25277000	25277999	0
chr16	25278000	25278999	1
chr16	25279000	25279999	33
chr16	25280000	25280999	3
chr16	25281000	25281999	2
chr16	25282000	25282999	31
chr16	25283000	25283999	7
chr16	25284000	25284999	0
chr16	25285000	25285999	3
chr16	25286000	25286999	17
chr16	25287000	25287999	6
chr16	25288000	25288999	0
chr16	25289000	25289999	9
chr16	25290000	25290999	20
chr16	25291000	25291999	11
chr16	25292000	25292999	0
chr16	25293000	25293999	0
chr16	25294000	25294999	7
chr16	25295000	25295999	0
chr16	25296000	25296999	0
chr16	25297000	25297999	14
chr16	25298000	25298999	11
chr16	25299000	25299999	1
chr16	25300000	25300999	4
chr16	25301000	25301999	10
chr16	25302000	25302999	11
chr16	25303000	25303999	10
chr16	25304000	25304999	9
chr16	25305000	25305999	11
chr16	25306000	25306999	0
chr16	25307000	25307999	12
chr16	25308000	25308999	6
chr16	25309000	25309999	9
chr16	25310000	25310999	9
chr16	25311000	25311999	3
chr16	25312000	25312999	5
chr16	25313000	25313999	11
chr16	25314000	25314999	28
chr16	25315000	25315999	6
chr16	25316000	25316999	0
chr16	25317000	25317999	0
chr16	25318000	25318999	0
chr16	25319000	25319999	9
chr16	25320000	25320999	22
chr16	25321000	25321999	12
chr16	25322000	25322999	0
chr16	25323000	25323999	20
chr16	25324000	25324999	8
chr16	25325000	25325999	0
chr16	25326000	25326999	21
chr16	25327000	25327999	0
chr16	25328000	25328999	7
chr16	25329000	25329999	7
chr16	25330000	25330999	4
chr16	25331000	25331999	5
chr16	25332000	25332999	6
chr16	25333000	25333999	0
chr16	25334000	25334999	0
chr16	25335000	25335999	28
chr16	25336000	25336999	4
chr16	25337000	25337999	0
chr16	25338000	25338999	1
chr16	25339000	25339999	4
chr16	25340000	25340999	11
chr16	25341000	25341999	10
chr16	25342000	25342999	3
chr16	25343000	25343999	9
chr16	25344000	25344999	18
chr16	25345000	25345999	9
chr16	25346000	25346999	0
chr16	25347000	25347999	8
chr16	25348000	25348999	24
chr16	25349000	25349999	47
chr16	25350000	25350999	7
chr16	25351000	25351999	40
chr16	25352000	25352999	5
chr16	25353000	25353999	27
chr16	25354000	25354999	15
chr16	25355000	25355999	0
chr16	25356000	25356999	25
chr16	25357000	25357999	6
chr16	25358000	25358999	7
chr16	25359000	25359999	0
chr16	25360000	25360999	9
chr16	25361000	25361999	23
chr16	25362000	25362999	14
chr16	25363000	25363999	0
chr16	25364000	25364999	0
chr16	25365000	25365999	0
chr16	25366000	25366999	8
chr16	25367000	25367999	18
chr16	25368000	25368999	1
chr16	25369000	25369999	5
chr16	25370000	25370999	4
chr16	25371000	25371999	17
chr16	25372000	25372999	7
chr16	25373000	25373999	18
chr16	25374000	25374999	13
chr16	25375000	25375999	40
chr16	25376000	25376999	8
chr16	25377000	25377999	30
chr16	25378000	25378999	11
chr16	25379000	25379999	20
chr16	25380000	25380999	0
chr16	25381000	25381999	12
chr16	25382000	25382999	0
chr16	25383000	25383999	0
chr16	25384000	25384999	16
chr16	25385000	25385999	19
chr16	25386000	25386999	9
chr16	25387000	25387999	2
chr16	25388000	25388999	11
chr16	25389000	25389999	0
chr16	25390000	25390999	19
chr16	25391000	25391999	7
chr16	25392000	25392999	12
chr16	25393000	25393999	4
chr16	25394000	25394999	10
chr16	25395000	25395999	15
chr16	25396000	25396999	10
chr16	25397000	25397999	13
chr16	25398000	25398999	23
chr16	25399000	25399999	23
chr16	25400000	25400999	14
chr16	25401000	25401999	13
chr16	25402000	25402999	3
chr16	25403000	25403999	3
chr16	25404000	25404999	38
chr16	25405000	25405999	1
chr16	25406000	25406999	19
chr16	25407000	25407999	18
chr16	25408000	25408999	0
chr16	25409000	25409999	11
chr16	25410000	25410999	2
chr16	25411000	25411999	5
chr16	25412000	25412999	7
chr16	25413000	25413999	0
chr16	25414000	25414999	1
chr16	25415000	25415999	15
chr16	25416000	25416999	2
chr16	25417000	25417999	40
chr16	25418000	25418999	6
chr16	25419000	25419999	0
chr16	25420000	25420999	0
chr16	25421000	25421999	3
chr16	25422000	25422999	0
chr16	25423000	25423999	17
chr16	25424000	25424999	0
chr16	25425000	25425999	23
chr16	25426000	25426999	9
chr16	25427000	25427999	5
chr16	25428000	25428999	7
chr16	25429000	25429999	6
chr16	25430000	25430999	8
chr16	25431000	25431999	13
chr16	25432000	25432999	6
chr16	25433000	25433999	25
chr16	25434000	25434999	12
chr16	25435000	25435999	0
chr16	25436000	25436999	0
chr16	25437000	25437999	8
chr16	25438000	25438999	10
chr16	25439000	25439999	2
chr16	25440000	25440999	19
chr16	25441000	25441999	15
chr16	25442000	25442999	0
chr16	25443000	25443999	0
chr16	25444000	25444999	13
chr16	25445000	25445999	12
chr16	25446000	25446999	0
chr16	25447000	25447999	0
chr16	25448000	25448999	9
chr16	25449000	25449999	15
chr16	25450000	25450999	15
chr16	25451000	25451999	0
chr16	25452000	25452999	0
chr16	25453000	25453999	6
chr16	25454000	25454999	20
chr16	25455000	25455999	11
chr16	25456000	25456999	12
chr16	25457000	25457999	26
chr16	25458000	25458999	28
chr16	25459000	25459999	13
chr16	25460000	25460999	5
chr16	25461000	25461999	0
chr16	25462000	25462999	4
chr16	25463000	25463999	4
chr16	25464000	25464999	5
chr16	25465000	25465999	2
chr16	25466000	25466999	7
chr16	25467000	25467999	0
chr16	25468000	25468999	20
chr16	25469000	25469999	3
chr16	25470000	25470999	0
chr16	25471000	25471999	3
chr16	25472000	25472999	0
chr16	25473000	25473999	19
chr16	25474000	25474999	6
chr16	25475000	25475999	8
chr16	25476000	25476999	3
chr16	25477000	25477999	23
chr16	25478000	25478999	0
chr16	25479000	25479999	2
chr16	25480000	25480999	26
chr16	25481000	25481999	3
chr16	25482000	25482999	5
chr16	25483000	25483999	17
chr16	25484000	25484999	3
chr16	25485000	25485999	25
chr16	25486000	25486999	2
chr16	25487000	25487999	26
chr16	25488000	25488999	6
chr16	25489000	25489999	0
chr16	25490000	25490999	25
chr16	25491000	25491999	1
chr16	25492000	25492999	0
chr16	25493000	25493999	1
chr16	25494000	25494999	0
chr16	25495000	25495999	19
chr16	25496000	25496999	8
chr16	25497000	25497999	8
chr16	25498000	25498999	1
chr16	25499000	25499999	0
chr16	25500000	25500999	18
chr16	25501000	25501999	20
chr16	25502000	25502999	22
chr16	25503000	25503999	6
chr16	25504000	25504999	12
chr16	25505000	25505999	20
chr16	25506000	25506999	7
chr16	25507000	25507999	7
chr16	25508000	25508999	3
chr16	25509000	25509999	3
chr16	25510000	25510999	4
chr16	25511000	25511999	4
chr16	25512000	25512999	0
chr16	25513000	25513999	3
chr16	25514000	25514999	6
chr16	25515000	25515999	5
chr16	25516000	25516999	8
chr16	25517000	25517999	0
chr16	25518000	25518999	0
chr16	25519000	25519999	0
chr16	25520000	25520999	0
chr16	25521000	25521999	0
chr16	25522000	25522999	0
chr16	25523000	25523999	4
chr16	25524000	25524999	4
chr16	25525000	25525999	10
chr16	25526000	25526999	26
chr16	25527000	25527999	29
chr16	25528000	25528999	30
chr16	25529000	25529999	15
chr16	25530000	25530999	9
chr16	25531000	25531999	24
chr16	25532000	25532999	9
chr16	25533000	25533999	28
chr16	25534000	25534999	0
chr16	25535000	25535999	10
chr16	25536000	25536999	9
chr16	25537000	25537999	0
chr16	25538000	25538999	0
chr16	25539000	25539999	4
chr16	25540000	25540999	2
chr16	25541000	25541999	22
chr16	25542000	25542999	25
chr16	25543000	25543999	8
chr16	25544000	25544999	16
chr16	25545000	25545999	16
chr16	25546000	25546999	3
chr16	25547000	25547999	28
chr16	25548000	25548999	6
chr16	25549000	25549999	21
chr16	25550000	25550999	4
chr16	25551000	25551999	10
chr16	25552000	25552999	8
chr16	25553000	25553999	6
chr16	25554000	25554999	22
chr16	25555000	25555999	5
chr16	25556000	25556999	0
chr16	25557000	25557999	27
chr16	25558000	25558999	15
chr16	25559000	25559999	0
chr16	25560000	25560999	3
chr16	25561000	25561999	17
chr16	25562000	25562999	15
chr16	25563000	25563999	2
chr16	25564000	25564999	14
chr16	25565000	25565999	11
chr16	25566000	25566999	0
chr16	25567000	25567999	0
chr16	25568000	25568999	0
chr16	25569000	25569999	0
chr16	25570000	25570999	0
chr16	25571000	25571999	0
chr16	25572000	25572999	0
chr16	25573000	25573999	0
chr16	25574000	25574999	0
chr16	25575000	25575999	0
chr16	25576000	25576999	7
chr16	25577000	25577999	6
chr16	25578000	25578999	6
chr16	25579000	25579999	28
chr16	25580000	25580999	2
chr16	25581000	25581999	9
chr16	25582000	25582999	7
chr16	25583000	25583999	17
chr16	25584000	25584999	0
chr16	25585000	25585999	5
chr16	25586000	25586999	4
chr16	25587000	25587999	21
chr16	25588000	25588999	0
chr16	25589000	25589999	13
chr16	25590000	25590999	5
chr16	25591000	25591999	0
chr16	25592000	25592999	3
chr16	25593000	25593999	16
chr16	25594000	25594999	0
chr16	25595000	25595999	0
chr16	25596000	25596999	1
chr16	25597000	25597999	1
chr16	25598000	25598999	8
chr16	25599000	25599999	14
chr16	25600000	25600999	35
chr16	25601000	25601999	5
chr16	25602000	25602999	15
chr16	25603000	25603999	20
chr16	25604000	25604999	5
chr16	25605000	25605999	0
chr16	25606000	25606999	4
chr16	25607000	25607999	0
chr16	25608000	25608999	3
chr16	25609000	25609999	0
chr16	25610000	25610999	12
chr16	25611000	25611999	13
chr16	25612000	25612999	2
chr16	25613000	25613999	16
chr16	25614000	25614999	5
chr16	25615000	25615999	5
chr16	25616000	25616999	20
chr16	25617000	25617999	15
chr16	25618000	25618999	12
chr16	25619000	25619999	32
chr16	25620000	25620999	14
chr16	25621000	25621999	23
chr16	25622000	25622999	6
chr16	25623000	25623999	11
chr16	25624000	25624999	17
chr16	25625000	25625999	7
chr16	25626000	25626999	7
chr16	25627000	25627999	1
chr16	25628000	25628999	0
chr16	25629000	25629999	12
chr16	25630000	25630999	1
chr16	25631000	25631999	3
chr16	25632000	25632999	13
chr16	25633000	25633999	0
chr16	25634000	25634999	16
chr16	25635000	25635999	0
chr16	25636000	25636999	8
chr16	25637000	25637999	8
chr16	25638000	25638999	8
chr16	25639000	25639999	33
chr16	25640000	25640999	19
chr16	25641000	25641999	8
chr16	25642000	25642999	4
chr16	25643000	25643999	2
chr16	25644000	25644999	0
chr16	25645000	25645999	0
chr16	25646000	25646999	0
chr16	25647000	25647999	0
chr16	25648000	25648999	30
chr16	25649000	25649999	0
chr16	25650000	25650999	25
chr16	25651000	25651999	19
chr16	25652000	25652999	0
chr16	25653000	25653999	0
chr16	25654000	25654999	7
chr16	25655000	25655999	17
chr16	25656000	25656999	0
chr16	25657000	25657999	18
chr16	25658000	25658999	1
chr16	25659000	25659999	9
chr16	25660000	25660999	2
chr16	25661000	25661999	1
chr16	25662000	25662999	0
chr16	25663000	25663999	5
chr16	25664000	25664999	19
chr16	25665000	25665999	6
chr16	25666000	25666999	17
chr16	25667000	25667999	13
chr16	25668000	25668999	9
chr16	25669000	25669999	9
chr16	25670000	25670999	24
chr16	25671000	25671999	4
chr16	25672000	25672999	0
chr16	25673000	25673999	20
chr16	25674000	25674999	14
chr16	25675000	25675999	15
chr16	25676000	25676999	0
chr16	25677000	25677999	4
chr16	25678000	25678999	8
chr16	25679000	25679999	8
chr16	25680000	25680999	3
chr16	25681000	25681999	6
chr16	25682000	25682999	14
chr16	25683000	25683999	5
chr16	25684000	25684999	27
chr16	25685000	25685999	10
chr16	25686000	25686999	4
chr16	25687000	25687999	8
chr16	25688000	25688999	21
chr16	25689000	25689999	18
chr16	25690000	25690999	0
chr16	25691000	25691999	0
chr16	25692000	25692999	4
chr16	25693000	25693999	12
chr16	25694000	25694999	4
chr16	25695000	25695999	0
chr16	25696000	25696999	27
chr16	25697000	25697999	0
chr16	25698000	25698999	17
chr16	25699000	25699999	13
chr16	25700000	25700999	7
chr16	25701000	25701999	0
chr16	25702000	25702999	12
chr16	25703000	25703999	0
chr16	25704000	25704999	10
chr16	25705000	25705999	16
chr16	25706000	25706999	13
chr16	25707000	25707999	7
chr16	25708000	25708999	11
chr16	25709000	25709999	7
chr16	25710000	25710999	22
chr16	25711000	25711999	0
chr16	25712000	25712999	19
chr16	25713000	25713999	18
chr16	25714000	25714999	0
chr16	25715000	25715999	5
chr16	25716000	25716999	8
chr16	25717000	25717999	5
chr16	25718000	25718999	5
chr16	25719000	25719999	7
chr16	25720000	25720999	0
chr16	25721000	25721999	6
chr16	25722000	25722999	9
chr16	25723000	25723999	10
chr16	25724000	25724999	0
chr16	25725000	25725999	11
chr16	25726000	25726999	7
chr16	25727000	25727999	10
chr16	25728000	25728999	11
chr16	25729000	25729999	0
chr16	25730000	25730999	9
chr16	25731000	25731999	5
chr16	25732000	25732999	0
chr16	25733000	25733999	14
chr16	25734000	25734999	7
chr16	25735000	25735999	15
chr16	25736000	25736999	26
chr16	25737000	25737999	37
chr16	25738000	25738999	11
chr16	25739000	25739999	9
chr16	25740000	25740999	9
chr16	25741000	25741999	8
chr16	25742000	25742999	0
chr16	25743000	25743999	5
chr16	25744000	25744999	4
chr16	25745000	25745999	13
chr16	25746000	25746999	12
chr16	25747000	25747999	9
chr16	25748000	25748999	9
chr16	25749000	25749999	8
chr16	25750000	25750999	8
chr16	25751000	25751999	23
chr16	25752000	25752999	3
chr16	25753000	25753999	4
chr16	25754000	25754999	14
chr16	25755000	25755999	15
chr16	25756000	25756999	6
chr16	25757000	25757999	26
chr16	25758000	25758999	18
chr16	25759000	25759999	7
chr16	25760000	25760999	17
chr16	25761000	25761999	3
chr16	25762000	25762999	9
chr16	25763000	25763999	0
chr16	25764000	25764999	16
chr16	25765000	25765999	15
chr16	25766000	25766999	0
chr16	25767000	25767999	19
chr16	25768000	25768999	4
chr16	25769000	25769999	4
chr16	25770000	25770999	10
chr16	25771000	25771999	14
chr16	25772000	25772999	0
chr16	25773000	25773999	4
chr16	25774000	25774999	27
chr16	25775000	25775999	53
chr16	25776000	25776999	0
chr16	25777000	25777999	29
chr16	25778000	25778999	24
chr16	25779000	25779999	17
chr16	25780000	25780999	15
chr16	25781000	25781999	24
chr16	25782000	25782999	20
chr16	25783000	25783999	0
chr16	25784000	25784999	4
chr16	25785000	25785999	8
chr16	25786000	25786999	16
chr16	25787000	25787999	12
chr16	25788000	25788999	18
chr16	25789000	25789999	0
chr16	25790000	25790999	4
chr16	25791000	25791999	7
chr16	25792000	25792999	35
chr16	25793000	25793999	0
chr16	25794000	25794999	8
chr16	25795000	25795999	9
chr16	25796000	25796999	18
chr16	25797000	25797999	9
chr16	25798000	25798999	0
chr16	25799000	25799999	34
chr16	25800000	25800999	16
chr16	25801000	25801999	15
chr16	25802000	25802999	33
chr16	25803000	25803999	54
chr16	25804000	25804999	44
chr16	25805000	25805999	59
chr16	25806000	25806999	25
chr16	25807000	25807999	2
chr16	25808000	25808999	13
chr16	25809000	25809999	11
chr16	25810000	25810999	17
chr16	25811000	25811999	72
chr16	25812000	25812999	38
chr16	25813000	25813999	0
chr16	25814000	25814999	11
chr16	25815000	25815999	5
chr16	25816000	25816999	9
chr16	25817000	25817999	10
chr16	25818000	25818999	28
chr16	25819000	25819999	12
chr16	25820000	25820999	3
chr16	25821000	25821999	0
chr16	25822000	25822999	12
chr16	25823000	25823999	7
chr16	25824000	25824999	18
chr16	25825000	25825999	5
chr16	25826000	25826999	6
chr16	25827000	25827999	0
chr16	25828000	25828999	4
chr16	25829000	25829999	3
chr16	25830000	25830999	0
chr16	25831000	25831999	7
chr16	25832000	25832999	6
chr16	25833000	25833999	5
chr16	25834000	25834999	10
chr16	25835000	25835999	17
chr16	25836000	25836999	0
chr16	25837000	25837999	3
chr16	25838000	25838999	7
chr16	25839000	25839999	10
chr16	25840000	25840999	20
chr16	25841000	25841999	28
chr16	25842000	25842999	31
chr16	25843000	25843999	39
chr16	25844000	25844999	43
chr16	25845000	25845999	2
chr16	25846000	25846999	16
chr16	25847000	25847999	9
chr16	25848000	25848999	0
chr16	25849000	25849999	9
chr16	25850000	25850999	9
chr16	25851000	25851999	0
chr16	25852000	25852999	10
chr16	25853000	25853999	8
chr16	25854000	25854999	7
chr16	25855000	25855999	3
chr16	25856000	25856999	13
chr16	25857000	25857999	4
chr16	25858000	25858999	0
chr16	25859000	25859999	10
chr16	25860000	25860999	9
chr16	25861000	25861999	35
chr16	25862000	25862999	11
chr16	25863000	25863999	7
chr16	25864000	25864999	4
chr16	25865000	25865999	21
chr16	25866000	25866999	24
chr16	25867000	25867999	0
chr16	25868000	25868999	72
chr16	25869000	25869999	70
chr16	25870000	25870999	2
chr16	25871000	25871999	5
chr16	25872000	25872999	23
chr16	25873000	25873999	16
chr16	25874000	25874999	12
chr16	25875000	25875999	11
chr16	25876000	25876999	24
chr16	25877000	25877999	13
chr16	25878000	25878999	9
chr16	25879000	25879999	3
chr16	25880000	25880999	4
chr16	25881000	25881999	14
chr16	25882000	25882999	11
chr16	25883000	25883999	7
chr16	25884000	25884999	7
chr16	25885000	25885999	3
chr16	25886000	25886999	17
chr16	25887000	25887999	27
chr16	25888000	25888999	0
chr16	25889000	25889999	2
chr16	25890000	25890999	15
chr16	25891000	25891999	10
chr16	25892000	25892999	23
chr16	25893000	25893999	10
chr16	25894000	25894999	9
chr16	25895000	25895999	0
chr16	25896000	25896999	0
chr16	25897000	25897999	5
chr16	25898000	25898999	13
chr16	25899000	25899999	12
chr16	25900000	25900999	9
chr16	25901000	25901999	0
chr16	25902000	25902999	0
chr16	25903000	25903999	4
chr16	25904000	25904999	15
chr16	25905000	25905999	7
chr16	25906000	25906999	0
chr16	25907000	25907999	11
chr16	25908000	25908999	0
chr16	25909000	25909999	28
chr16	25910000	25910999	0
chr16	25911000	25911999	0
chr16	25912000	25912999	5
chr16	25913000	25913999	9
chr16	25914000	25914999	0
chr16	25915000	25915999	0
chr16	25916000	25916999	27
chr16	25917000	25917999	17
chr16	25918000	25918999	14
chr16	25919000	25919999	5
chr16	25920000	25920999	11
chr16	25921000	25921999	6
chr16	25922000	25922999	0
chr16	25923000	25923999	7
chr16	25924000	25924999	5
chr16	25925000	25925999	6
chr16	25926000	25926999	5
chr16	25927000	25927999	7
chr16	25928000	25928999	7
chr16	25929000	25929999	0
chr16	25930000	25930999	5
chr16	25931000	25931999	0
chr16	25932000	25932999	13
chr16	25933000	25933999	41
chr16	25934000	25934999	29
chr16	25935000	25935999	0
chr16	25936000	25936999	3
chr16	25937000	25937999	9
chr16	25938000	25938999	10
chr16	25939000	25939999	11
chr16	25940000	25940999	5
chr16	25941000	25941999	18
chr16	25942000	25942999	28
chr16	25943000	25943999	8
chr16	25944000	25944999	28
chr16	25945000	25945999	78
chr16	25946000	25946999	14
chr16	25947000	25947999	12
chr16	25948000	25948999	72
chr16	25949000	25949999	22
chr16	25950000	25950999	14
chr16	25951000	25951999	22
chr16	25952000	25952999	10
chr16	25953000	25953999	29
chr16	25954000	25954999	25
chr16	25955000	25955999	8
chr16	25956000	25956999	8
chr16	25957000	25957999	4
chr16	25958000	25958999	8
chr16	25959000	25959999	4
chr16	25960000	25960999	21
chr16	25961000	25961999	1
chr16	25962000	25962999	9
chr16	25963000	25963999	13
chr16	25964000	25964999	51
chr16	25965000	25965999	4
chr16	25966000	25966999	42
chr16	25967000	25967999	21
chr16	25968000	25968999	12
chr16	25969000	25969999	12
chr16	25970000	25970999	7
chr16	25971000	25971999	31
chr16	25972000	25972999	15
chr16	25973000	25973999	9
chr16	25974000	25974999	19
chr16	25975000	25975999	6
chr16	25976000	25976999	6
chr16	25977000	25977999	25
chr16	25978000	25978999	11
chr16	25979000	25979999	12
chr16	25980000	25980999	28
chr16	25981000	25981999	5
chr16	25982000	25982999	20
chr16	25983000	25983999	8
chr16	25984000	25984999	4
chr16	25985000	25985999	10
chr16	25986000	25986999	9
chr16	25987000	25987999	2
chr16	25988000	25988999	3
chr16	25989000	25989999	10
chr16	25990000	25990999	19
chr16	25991000	25991999	11
chr16	25992000	25992999	14
chr16	25993000	25993999	10
chr16	25994000	25994999	1
chr16	25995000	25995999	16
chr16	25996000	25996999	14
chr16	25997000	25997999	4
chr16	25998000	25998999	7
chr16	25999000	25999999	0
chr16	26000000	26000999	16
chr16	26001000	26001999	5
chr16	26002000	26002999	8
chr16	26003000	26003999	107
chr16	26004000	26004999	15
chr16	26005000	26005999	16
chr16	26006000	26006999	31
chr16	26007000	26007999	1
chr16	26008000	26008999	0
chr16	26009000	26009999	9
chr16	26010000	26010999	18
chr16	26011000	26011999	10
chr16	26012000	26012999	8
chr16	26013000	26013999	10
chr16	26014000	26014999	0
chr16	26015000	26015999	5
chr16	26016000	26016999	8
chr16	26017000	26017999	10
chr16	26018000	26018999	1
chr16	26019000	26019999	13
chr16	26020000	26020999	17
chr16	26021000	26021999	0
chr16	26022000	26022999	7
chr16	26023000	26023999	5
chr16	26024000	26024999	20
chr16	26025000	26025999	7
chr16	26026000	26026999	0
chr16	26027000	26027999	16
chr16	26028000	26028999	7
chr16	26029000	26029999	5
chr16	26030000	26030999	17
chr16	26031000	26031999	9
chr16	26032000	26032999	0
chr16	26033000	26033999	0
chr16	26034000	26034999	0
chr16	26035000	26035999	19
chr16	26036000	26036999	0
chr16	26037000	26037999	0
chr16	26038000	26038999	3
chr16	26039000	26039999	4
chr16	26040000	26040999	0
chr16	26041000	26041999	30
chr16	26042000	26042999	7
chr16	26043000	26043999	1
chr16	26044000	26044999	5
chr16	26045000	26045999	11
chr16	26046000	26046999	8
chr16	26047000	26047999	8
chr16	26048000	26048999	12
chr16	26049000	26049999	21
chr16	26050000	26050999	23
chr16	26051000	26051999	8
chr16	26052000	26052999	12
chr16	26053000	26053999	15
chr16	26054000	26054999	15
chr16	26055000	26055999	2
chr16	26056000	26056999	6
chr16	26057000	26057999	28
chr16	26058000	26058999	0
chr16	26059000	26059999	22
chr16	26060000	26060999	26
chr16	26061000	26061999	0
chr16	26062000	26062999	6
chr16	26063000	26063999	0
chr16	26064000	26064999	13
chr16	26065000	26065999	20
chr16	26066000	26066999	0
chr16	26067000	26067999	9
chr16	26068000	26068999	0
chr16	26069000	26069999	5
chr16	26070000	26070999	7
chr16	26071000	26071999	0
chr16	26072000	26072999	4
chr16	26073000	26073999	22
chr16	26074000	26074999	0
chr16	26075000	26075999	0
chr16	26076000	26076999	4
chr16	26077000	26077999	12
chr16	26078000	26078999	26
chr16	26079000	26079999	9
chr16	26080000	26080999	1
chr16	26081000	26081999	14
chr16	26082000	26082999	26
chr16	26083000	26083999	8
chr16	26084000	26084999	0
chr16	26085000	26085999	9
chr16	26086000	26086999	0
chr16	26087000	26087999	3
chr16	26088000	26088999	22
chr16	26089000	26089999	11
chr16	26090000	26090999	24
chr16	26091000	26091999	0
chr16	26092000	26092999	5
chr16	26093000	26093999	15
chr16	26094000	26094999	12
chr16	26095000	26095999	10
chr16	26096000	26096999	4
chr16	26097000	26097999	0
chr16	26098000	26098999	12
chr16	26099000	26099999	29
chr16	26100000	26100999	10
chr16	26101000	26101999	8
chr16	26102000	26102999	25
chr16	26103000	26103999	10
chr16	26104000	26104999	42
chr16	26105000	26105999	61
chr16	26106000	26106999	90
chr16	26107000	26107999	32
chr16	26108000	26108999	2
chr16	26109000	26109999	0
chr16	26110000	26110999	0
chr16	26111000	26111999	6
chr16	26112000	26112999	7
chr16	26113000	26113999	0
chr16	26114000	26114999	6
chr16	26115000	26115999	40
chr16	26116000	26116999	0
chr16	26117000	26117999	13
chr16	26118000	26118999	0
chr16	26119000	26119999	0
chr16	26120000	26120999	21
chr16	26121000	26121999	25
chr16	26122000	26122999	0
chr16	26123000	26123999	0
chr16	26124000	26124999	0
chr16	26125000	26125999	0
chr16	26126000	26126999	0
chr16	26127000	26127999	0
chr16	26128000	26128999	0
chr16	26129000	26129999	11
chr16	26130000	26130999	6
chr16	26131000	26131999	9
chr16	26132000	26132999	4
chr16	26133000	26133999	10
chr16	26134000	26134999	22
chr16	26135000	26135999	3
chr16	26136000	26136999	0
chr16	26137000	26137999	0
chr16	26138000	26138999	0
chr16	26139000	26139999	31
chr16	26140000	26140999	13
chr16	26141000	26141999	0
chr16	26142000	26142999	0
chr16	26143000	26143999	20
chr16	26144000	26144999	18
chr16	26145000	26145999	10
chr16	26146000	26146999	14
chr16	26147000	26147999	18
chr16	26148000	26148999	4
chr16	26149000	26149999	0
chr16	26150000	26150999	0
chr16	26151000	26151999	0
chr16	26152000	26152999	43
chr16	26153000	26153999	5
chr16	26154000	26154999	20
chr16	26155000	26155999	0
chr16	26156000	26156999	0
chr16	26157000	26157999	12
chr16	26158000	26158999	14
chr16	26159000	26159999	6
chr16	26160000	26160999	16
chr16	26161000	26161999	0
chr16	26162000	26162999	4
chr16	26163000	26163999	5
chr16	26164000	26164999	16
chr16	26165000	26165999	9
chr16	26166000	26166999	11
chr16	26167000	26167999	25
chr16	26168000	26168999	3
chr16	26169000	26169999	0
chr16	26170000	26170999	2
chr16	26171000	26171999	0
chr16	26172000	26172999	0
chr16	26173000	26173999	16
chr16	26174000	26174999	13
chr16	26175000	26175999	18
chr16	26176000	26176999	7
chr16	26177000	26177999	4
chr16	26178000	26178999	0
chr16	26179000	26179999	10
chr16	26180000	26180999	13
chr16	26181000	26181999	9
chr16	26182000	26182999	4
chr16	26183000	26183999	2
chr16	26184000	26184999	0
chr16	26185000	26185999	0
chr16	26186000	26186999	10
chr16	26187000	26187999	3
chr16	26188000	26188999	3
chr16	26189000	26189999	9
chr16	26190000	26190999	0
chr16	26191000	26191999	11
chr16	26192000	26192999	9
chr16	26193000	26193999	5
chr16	26194000	26194999	4
chr16	26195000	26195999	15
chr16	26196000	26196999	0
chr16	26197000	26197999	15
chr16	26198000	26198999	0
chr16	26199000	26199999	23
chr16	26200000	26200999	20
chr16	26201000	26201999	11
chr16	26202000	26202999	14
chr16	26203000	26203999	11
chr16	26204000	26204999	14
chr16	26205000	26205999	13
chr16	26206000	26206999	2
chr16	26207000	26207999	0
chr16	26208000	26208999	10
chr16	26209000	26209999	7
chr16	26210000	26210999	7
chr16	26211000	26211999	1
chr16	26212000	26212999	10
chr16	26213000	26213999	19
chr16	26214000	26214999	4
chr16	26215000	26215999	11
chr16	26216000	26216999	0
chr16	26217000	26217999	1
chr16	26218000	26218999	0
chr16	26219000	26219999	0
chr16	26220000	26220999	0
chr16	26221000	26221999	0
chr16	26222000	26222999	0
chr16	26223000	26223999	2
chr16	26224000	26224999	0
chr16	26225000	26225999	0
chr16	26226000	26226999	0
chr16	26227000	26227999	0
chr16	26228000	26228999	11
chr16	26229000	26229999	23
chr16	26230000	26230999	22
chr16	26231000	26231999	23
chr16	26232000	26232999	17
chr16	26233000	26233999	3
chr16	26234000	26234999	56
chr16	26235000	26235999	13
chr16	26236000	26236999	21
chr16	26237000	26237999	6
chr16	26238000	26238999	14
chr16	26239000	26239999	2
chr16	26240000	26240999	0
chr16	26241000	26241999	1
chr16	26242000	26242999	0
chr16	26243000	26243999	3
chr16	26244000	26244999	2
chr16	26245000	26245999	15
chr16	26246000	26246999	2
chr16	26247000	26247999	13
chr16	26248000	26248999	6
chr16	26249000	26249999	6
chr16	26250000	26250999	16
chr16	26251000	26251999	15
chr16	26252000	26252999	7
chr16	26253000	26253999	17
chr16	26254000	26254999	0
chr16	26255000	26255999	13
chr16	26256000	26256999	0
chr16	26257000	26257999	0
chr16	26258000	26258999	0
chr16	26259000	26259999	0
chr16	26260000	26260999	0
chr16	26261000	26261999	0
chr16	26262000	26262999	0
chr16	26263000	26263999	4
chr16	26264000	26264999	0
chr16	26265000	26265999	13
chr16	26266000	26266999	0
chr16	26267000	26267999	45
chr16	26268000	26268999	8
chr16	26269000	26269999	0
chr16	26270000	26270999	0
chr16	26271000	26271999	0
chr16	26272000	26272999	0
chr16	26273000	26273999	2
chr16	26274000	26274999	2
chr16	26275000	26275999	11
chr16	26276000	26276999	14
chr16	26277000	26277999	8
chr16	26278000	26278999	3
chr16	26279000	26279999	7
chr16	26280000	26280999	21
chr16	26281000	26281999	11
chr16	26282000	26282999	8
chr16	26283000	26283999	7
chr16	26284000	26284999	9
chr16	26285000	26285999	12
chr16	26286000	26286999	2
chr16	26287000	26287999	22
chr16	26288000	26288999	5
chr16	26289000	26289999	8
chr16	26290000	26290999	19
chr16	26291000	26291999	5
chr16	26292000	26292999	2
chr16	26293000	26293999	0
chr16	26294000	26294999	22
chr16	26295000	26295999	12
chr16	26296000	26296999	3
chr16	26297000	26297999	9
chr16	26298000	26298999	0
chr16	26299000	26299999	13
chr16	26300000	26300999	1
chr16	26301000	26301999	16
chr16	26302000	26302999	3
chr16	26303000	26303999	0
chr16	26304000	26304999	4
chr16	26305000	26305999	9
chr16	26306000	26306999	11
chr16	26307000	26307999	1
chr16	26308000	26308999	19
chr16	26309000	26309999	29
chr16	26310000	26310999	7
chr16	26311000	26311999	15
chr16	26312000	26312999	0
chr16	26313000	26313999	20
chr16	26314000	26314999	6
chr16	26315000	26315999	9
chr16	26316000	26316999	10
chr16	26317000	26317999	15
chr16	26318000	26318999	0
chr16	26319000	26319999	0
chr16	26320000	26320999	0
chr16	26321000	26321999	0
chr16	26322000	26322999	0
chr16	26323000	26323999	1
chr16	26324000	26324999	0
chr16	26325000	26325999	22
chr16	26326000	26326999	16
chr16	26327000	26327999	7
chr16	26328000	26328999	15
chr16	26329000	26329999	0
chr16	26330000	26330999	19
chr16	26331000	26331999	11
chr16	26332000	26332999	11
chr16	26333000	26333999	9
chr16	26334000	26334999	15
chr16	26335000	26335999	28
chr16	26336000	26336999	11
chr16	26337000	26337999	12
chr16	26338000	26338999	0
chr16	26339000	26339999	29
chr16	26340000	26340999	0
chr16	26341000	26341999	12
chr16	26342000	26342999	7
chr16	26343000	26343999	14
chr16	26344000	26344999	7
chr16	26345000	26345999	12
chr16	26346000	26346999	0
chr16	26347000	26347999	0
chr16	26348000	26348999	0
chr16	26349000	26349999	24
chr16	26350000	26350999	25
chr16	26351000	26351999	8
chr16	26352000	26352999	2
chr16	26353000	26353999	6
chr16	26354000	26354999	19
chr16	26355000	26355999	0
chr16	26356000	26356999	9
chr16	26357000	26357999	10
chr16	26358000	26358999	0
chr16	26359000	26359999	12
chr16	26360000	26360999	8
chr16	26361000	26361999	13
chr16	26362000	26362999	12
chr16	26363000	26363999	9
chr16	26364000	26364999	17
chr16	26365000	26365999	7
chr16	26366000	26366999	7
chr16	26367000	26367999	31
chr16	26368000	26368999	1
chr16	26369000	26369999	30
chr16	26370000	26370999	7
chr16	26371000	26371999	33
chr16	26372000	26372999	8
chr16	26373000	26373999	3
chr16	26374000	26374999	8
chr16	26375000	26375999	3
chr16	26376000	26376999	0
chr16	26377000	26377999	0
chr16	26378000	26378999	22
chr16	26379000	26379999	2
chr16	26380000	26380999	8
chr16	26381000	26381999	12
chr16	26382000	26382999	0
chr16	26383000	26383999	7
chr16	26384000	26384999	7
chr16	26385000	26385999	0
chr16	26386000	26386999	0
chr16	26387000	26387999	13
chr16	26388000	26388999	30
chr16	26389000	26389999	12
chr16	26390000	26390999	6
chr16	26391000	26391999	0
chr16	26392000	26392999	22
chr16	26393000	26393999	12
chr16	26394000	26394999	14
chr16	26395000	26395999	9
chr16	26396000	26396999	7
chr16	26397000	26397999	3
chr16	26398000	26398999	10
chr16	26399000	26399999	8
chr16	26400000	26400999	14
chr16	26401000	26401999	10
chr16	26402000	26402999	18
chr16	26403000	26403999	18
chr16	26404000	26404999	8
chr16	26405000	26405999	8
chr16	26406000	26406999	5
chr16	26407000	26407999	9
chr16	26408000	26408999	0
chr16	26409000	26409999	0
chr16	26410000	26410999	0
chr16	26411000	26411999	4
chr16	26412000	26412999	0
chr16	26413000	26413999	0
chr16	26414000	26414999	28
chr16	26415000	26415999	12
chr16	26416000	26416999	15
chr16	26417000	26417999	5
chr16	26418000	26418999	9
chr16	26419000	26419999	0
chr16	26420000	26420999	0
chr16	26421000	26421999	1
chr16	26422000	26422999	8
chr16	26423000	26423999	13
chr16	26424000	26424999	15
chr16	26425000	26425999	0
chr16	26426000	26426999	0
chr16	26427000	26427999	14
chr16	26428000	26428999	0
chr16	26429000	26429999	5
chr16	26430000	26430999	0
chr16	26431000	26431999	9
chr16	26432000	26432999	0
chr16	26433000	26433999	0
chr16	26434000	26434999	0
chr16	26435000	26435999	0
chr16	26436000	26436999	0
chr16	26437000	26437999	0
chr16	26438000	26438999	16
chr16	26439000	26439999	5
chr16	26440000	26440999	18
chr16	26441000	26441999	8
chr16	26442000	26442999	1
chr16	26443000	26443999	19
chr16	26444000	26444999	0
chr16	26445000	26445999	2
chr16	26446000	26446999	5
chr16	26447000	26447999	19
chr16	26448000	26448999	11
chr16	26449000	26449999	0
chr16	26450000	26450999	0
chr16	26451000	26451999	0
chr16	26452000	26452999	1
chr16	26453000	26453999	8
chr16	26454000	26454999	4
chr16	26455000	26455999	0
chr16	26456000	26456999	0
chr16	26457000	26457999	0
chr16	26458000	26458999	8
chr16	26459000	26459999	10
chr16	26460000	26460999	8
chr16	26461000	26461999	3
chr16	26462000	26462999	21
chr16	26463000	26463999	7
chr16	26464000	26464999	5
chr16	26465000	26465999	3
chr16	26466000	26466999	30
chr16	26467000	26467999	11
chr16	26468000	26468999	26
chr16	26469000	26469999	5
chr16	26470000	26470999	5
chr16	26471000	26471999	4
chr16	26472000	26472999	5
chr16	26473000	26473999	12
chr16	26474000	26474999	0
chr16	26475000	26475999	4
chr16	26476000	26476999	10
chr16	26477000	26477999	0
chr16	26478000	26478999	2
chr16	26479000	26479999	2
chr16	26480000	26480999	10
chr16	26481000	26481999	2
chr16	26482000	26482999	9
chr16	26483000	26483999	7
chr16	26484000	26484999	21
chr16	26485000	26485999	3
chr16	26486000	26486999	7
chr16	26487000	26487999	0
chr16	26488000	26488999	0
chr16	26489000	26489999	3
chr16	26490000	26490999	17
chr16	26491000	26491999	6
chr16	26492000	26492999	10
chr16	26493000	26493999	17
chr16	26494000	26494999	15
chr16	26495000	26495999	0
chr16	26496000	26496999	8
chr16	26497000	26497999	0
chr16	26498000	26498999	0
chr16	26499000	26499999	9
chr16	26500000	26500999	50
chr16	26501000	26501999	37
chr16	26502000	26502999	3
chr16	26503000	26503999	5
chr16	26504000	26504999	11
chr16	26505000	26505999	7
chr16	26506000	26506999	0
chr16	26507000	26507999	0
chr16	26508000	26508999	10
chr16	26509000	26509999	3
chr16	26510000	26510999	0
chr16	26511000	26511999	23
chr16	26512000	26512999	9
chr16	26513000	26513999	27
chr16	26514000	26514999	1
chr16	26515000	26515999	6
chr16	26516000	26516999	32
chr16	26517000	26517999	0
chr16	26518000	26518999	0
chr16	26519000	26519999	21
chr16	26520000	26520999	4
chr16	26521000	26521999	8
chr16	26522000	26522999	11
chr16	26523000	26523999	13
chr16	26524000	26524999	0
chr16	26525000	26525999	12
chr16	26526000	26526999	0
chr16	26527000	26527999	18
chr16	26528000	26528999	12
chr16	26529000	26529999	19
chr16	26530000	26530999	0
chr16	26531000	26531999	0
chr16	26532000	26532999	5
chr16	26533000	26533999	0
chr16	26534000	26534999	0
chr16	26535000	26535999	17
chr16	26536000	26536999	9
chr16	26537000	26537999	28
chr16	26538000	26538999	7
chr16	26539000	26539999	7
chr16	26540000	26540999	0
chr16	26541000	26541999	9
chr16	26542000	26542999	7
chr16	26543000	26543999	12
chr16	26544000	26544999	0
chr16	26545000	26545999	9
chr16	26546000	26546999	17
chr16	26547000	26547999	19
chr16	26548000	26548999	17
chr16	26549000	26549999	9
chr16	26550000	26550999	11
chr16	26551000	26551999	3
chr16	26552000	26552999	1
chr16	26553000	26553999	12
chr16	26554000	26554999	8
chr16	26555000	26555999	11
chr16	26556000	26556999	14
chr16	26557000	26557999	9
chr16	26558000	26558999	6
chr16	26559000	26559999	25
chr16	26560000	26560999	5
chr16	26561000	26561999	11
chr16	26562000	26562999	13
chr16	26563000	26563999	3
chr16	26564000	26564999	2
chr16	26565000	26565999	45
chr16	26566000	26566999	3
chr16	26567000	26567999	11
chr16	26568000	26568999	0
chr16	26569000	26569999	11
chr16	26570000	26570999	21
chr16	26571000	26571999	9
chr16	26572000	26572999	32
chr16	26573000	26573999	10
chr16	26574000	26574999	0
chr16	26575000	26575999	8
chr16	26576000	26576999	22
chr16	26577000	26577999	0
chr16	26578000	26578999	10
chr16	26579000	26579999	12
chr16	26580000	26580999	8
chr16	26581000	26581999	163
chr16	26582000	26582999	23
chr16	26583000	26583999	16
chr16	26584000	26584999	9
chr16	26585000	26585999	7
chr16	26586000	26586999	22
chr16	26587000	26587999	8
chr16	26588000	26588999	17
chr16	26589000	26589999	3
chr16	26590000	26590999	1
chr16	26591000	26591999	12
chr16	26592000	26592999	8
chr16	26593000	26593999	0
chr16	26594000	26594999	22
chr16	26595000	26595999	7
chr16	26596000	26596999	12
chr16	26597000	26597999	4
chr16	26598000	26598999	0
chr16	26599000	26599999	6
chr16	26600000	26600999	3
chr16	26601000	26601999	2
chr16	26602000	26602999	0
chr16	26603000	26603999	11
chr16	26604000	26604999	13
chr16	26605000	26605999	0
chr16	26606000	26606999	4
chr16	26607000	26607999	0
chr16	26608000	26608999	21
chr16	26609000	26609999	10
chr16	26610000	26610999	3
chr16	26611000	26611999	16
chr16	26612000	26612999	19
chr16	26613000	26613999	11
chr16	26614000	26614999	6
chr16	26615000	26615999	4
chr16	26616000	26616999	1
chr16	26617000	26617999	5
chr16	26618000	26618999	0
chr16	26619000	26619999	4
chr16	26620000	26620999	0
chr16	26621000	26621999	40
chr16	26622000	26622999	0
chr16	26623000	26623999	40
chr16	26624000	26624999	9
chr16	26625000	26625999	18
chr16	26626000	26626999	23
chr16	26627000	26627999	38
chr16	26628000	26628999	2
chr16	26629000	26629999	10
chr16	26630000	26630999	10
chr16	26631000	26631999	10
chr16	26632000	26632999	16
chr16	26633000	26633999	13
chr16	26634000	26634999	6
chr16	26635000	26635999	31
chr16	26636000	26636999	5
chr16	26637000	26637999	4
chr16	26638000	26638999	15
chr16	26639000	26639999	0
chr16	26640000	26640999	4
chr16	26641000	26641999	5
chr16	26642000	26642999	10
chr16	26643000	26643999	22
chr16	26644000	26644999	0
chr16	26645000	26645999	12
chr16	26646000	26646999	13
chr16	26647000	26647999	3
chr16	26648000	26648999	26
chr16	26649000	26649999	12
chr16	26650000	26650999	3
chr16	26651000	26651999	35
chr16	26652000	26652999	12
chr16	26653000	26653999	21
chr16	26654000	26654999	0
chr16	26655000	26655999	4
chr16	26656000	26656999	0
chr16	26657000	26657999	0
chr16	26658000	26658999	0
chr16	26659000	26659999	0
chr16	26660000	26660999	0
chr16	26661000	26661999	2
chr16	26662000	26662999	0
chr16	26663000	26663999	17
chr16	26664000	26664999	8
chr16	26665000	26665999	5
chr16	26666000	26666999	11
chr16	26667000	26667999	8
chr16	26668000	26668999	2
chr16	26669000	26669999	1
chr16	26670000	26670999	15
chr16	26671000	26671999	14
chr16	26672000	26672999	0
chr16	26673000	26673999	14
chr16	26674000	26674999	30
chr16	26675000	26675999	6
chr16	26676000	26676999	2
chr16	26677000	26677999	0
chr16	26678000	26678999	35
chr16	26679000	26679999	0
chr16	26680000	26680999	31
chr16	26681000	26681999	1
chr16	26682000	26682999	1
chr16	26683000	26683999	0
chr16	26684000	26684999	18
chr16	26685000	26685999	23
chr16	26686000	26686999	23
chr16	26687000	26687999	10
chr16	26688000	26688999	1
chr16	26689000	26689999	0
chr16	26690000	26690999	7
chr16	26691000	26691999	12
chr16	26692000	26692999	5
chr16	26693000	26693999	4
chr16	26694000	26694999	0
chr16	26695000	26695999	16
chr16	26696000	26696999	18
chr16	26697000	26697999	2
chr16	26698000	26698999	14
chr16	26699000	26699999	8
chr16	26700000	26700999	4
chr16	26701000	26701999	0
chr16	26702000	26702999	2
chr16	26703000	26703999	4
chr16	26704000	26704999	8
chr16	26705000	26705999	22
chr16	26706000	26706999	4
chr16	26707000	26707999	18
chr16	26708000	26708999	0
chr16	26709000	26709999	0
chr16	26710000	26710999	23
chr16	26711000	26711999	9
chr16	26712000	26712999	11
chr16	26713000	26713999	4
chr16	26714000	26714999	23
chr16	26715000	26715999	0
chr16	26716000	26716999	50
chr16	26717000	26717999	9
chr16	26718000	26718999	17
chr16	26719000	26719999	17
chr16	26720000	26720999	0
chr16	26721000	26721999	1
chr16	26722000	26722999	13
chr16	26723000	26723999	12
chr16	26724000	26724999	13
chr16	26725000	26725999	2
chr16	26726000	26726999	21
chr16	26727000	26727999	26
chr16	26728000	26728999	0
chr16	26729000	26729999	9
chr16	26730000	26730999	15
chr16	26731000	26731999	0
chr16	26732000	26732999	6
chr16	26733000	26733999	0
chr16	26734000	26734999	5
chr16	26735000	26735999	8
chr16	26736000	26736999	19
chr16	26737000	26737999	15
chr16	26738000	26738999	23
chr16	26739000	26739999	7
chr16	26740000	26740999	0
chr16	26741000	26741999	5
chr16	26742000	26742999	2
chr16	26743000	26743999	4
chr16	26744000	26744999	4
chr16	26745000	26745999	0
chr16	26746000	26746999	17
chr16	26747000	26747999	23
chr16	26748000	26748999	9
chr16	26749000	26749999	24
chr16	26750000	26750999	11
chr16	26751000	26751999	17
chr16	26752000	26752999	0
chr16	26753000	26753999	10
chr16	26754000	26754999	2
chr16	26755000	26755999	20
chr16	26756000	26756999	6
chr16	26757000	26757999	36
chr16	26758000	26758999	6
chr16	26759000	26759999	0
chr16	26760000	26760999	19
chr16	26761000	26761999	0
chr16	26762000	26762999	0
chr16	26763000	26763999	25
chr16	26764000	26764999	23
chr16	26765000	26765999	0
chr16	26766000	26766999	34
chr16	26767000	26767999	18
chr16	26768000	26768999	1
chr16	26769000	26769999	18
chr16	26770000	26770999	1
chr16	26771000	26771999	2
chr16	26772000	26772999	36
chr16	26773000	26773999	16
chr16	26774000	26774999	8
chr16	26775000	26775999	9
chr16	26776000	26776999	16
chr16	26777000	26777999	1
chr16	26778000	26778999	6
chr16	26779000	26779999	14
chr16	26780000	26780999	26
chr16	26781000	26781999	11
chr16	26782000	26782999	7
chr16	26783000	26783999	0
chr16	26784000	26784999	0
chr16	26785000	26785999	0
chr16	26786000	26786999	6
chr16	26787000	26787999	26
chr16	26788000	26788999	9
chr16	26789000	26789999	22
chr16	26790000	26790999	0
chr16	26791000	26791999	3
chr16	26792000	26792999	0
chr16	26793000	26793999	11
chr16	26794000	26794999	24
chr16	26795000	26795999	62
chr16	26796000	26796999	31
chr16	26797000	26797999	0
chr16	26798000	26798999	0
chr16	26799000	26799999	10
chr16	26800000	26800999	21
chr16	26801000	26801999	6
chr16	26802000	26802999	0
chr16	26803000	26803999	0
chr16	26804000	26804999	29
chr16	26805000	26805999	13
chr16	26806000	26806999	5
chr16	26807000	26807999	14
chr16	26808000	26808999	0
chr16	26809000	26809999	0
chr16	26810000	26810999	2
chr16	26811000	26811999	0
chr16	26812000	26812999	0
chr16	26813000	26813999	0
chr16	26814000	26814999	0
chr16	26815000	26815999	32
chr16	26816000	26816999	19
chr16	26817000	26817999	10
chr16	26818000	26818999	0
chr16	26819000	26819999	15
chr16	26820000	26820999	19
chr16	26821000	26821999	10
chr16	26822000	26822999	0
chr16	26823000	26823999	12
chr16	26824000	26824999	9
chr16	26825000	26825999	19
chr16	26826000	26826999	14
chr16	26827000	26827999	25
chr16	26828000	26828999	7
chr16	26829000	26829999	4
chr16	26830000	26830999	8
chr16	26831000	26831999	5
chr16	26832000	26832999	17
chr16	26833000	26833999	9
chr16	26834000	26834999	20
chr16	26835000	26835999	8
chr16	26836000	26836999	9
chr16	26837000	26837999	0
chr16	26838000	26838999	10
chr16	26839000	26839999	4
chr16	26840000	26840999	2
chr16	26841000	26841999	32
chr16	26842000	26842999	0
chr16	26843000	26843999	13
chr16	26844000	26844999	9
chr16	26845000	26845999	0
chr16	26846000	26846999	16
chr16	26847000	26847999	4
chr16	26848000	26848999	11
chr16	26849000	26849999	15
chr16	26850000	26850999	5
chr16	26851000	26851999	24
chr16	26852000	26852999	14
chr16	26853000	26853999	14
chr16	26854000	26854999	17
chr16	26855000	26855999	0
chr16	26856000	26856999	9
chr16	26857000	26857999	0
chr16	26858000	26858999	8
chr16	26859000	26859999	1
chr16	26860000	26860999	0
chr16	26861000	26861999	8
chr16	26862000	26862999	12
chr16	26863000	26863999	12
chr16	26864000	26864999	8
chr16	26865000	26865999	11
chr16	26866000	26866999	0
chr16	26867000	26867999	0
chr16	26868000	26868999	0
chr16	26869000	26869999	0
chr16	26870000	26870999	0
chr16	26871000	26871999	0
chr16	26872000	26872999	0
chr16	26873000	26873999	0
chr16	26874000	26874999	12
chr16	26875000	26875999	0
chr16	26876000	26876999	5
chr16	26877000	26877999	4
chr16	26878000	26878999	5
chr16	26879000	26879999	10
chr16	26880000	26880999	6
chr16	26881000	26881999	0
chr16	26882000	26882999	3
chr16	26883000	26883999	5
chr16	26884000	26884999	0
chr16	26885000	26885999	14
chr16	26886000	26886999	43
chr16	26887000	26887999	25
chr16	26888000	26888999	21
chr16	26889000	26889999	7
chr16	26890000	26890999	8
chr16	26891000	26891999	0
chr16	26892000	26892999	1
chr16	26893000	26893999	27
chr16	26894000	26894999	32
chr16	26895000	26895999	11
chr16	26896000	26896999	13
chr16	26897000	26897999	5
chr16	26898000	26898999	0
chr16	26899000	26899999	2
chr16	26900000	26900999	7
chr16	26901000	26901999	1
chr16	26902000	26902999	11
chr16	26903000	26903999	18
chr16	26904000	26904999	14
chr16	26905000	26905999	11
chr16	26906000	26906999	0
chr16	26907000	26907999	4
chr16	26908000	26908999	5
chr16	26909000	26909999	1
chr16	26910000	26910999	0
chr16	26911000	26911999	24
chr16	26912000	26912999	0
chr16	26913000	26913999	2
chr16	26914000	26914999	3
chr16	26915000	26915999	3
chr16	26916000	26916999	21
chr16	26917000	26917999	0
chr16	26918000	26918999	0
chr16	26919000	26919999	4
chr16	26920000	26920999	0
chr16	26921000	26921999	5
chr16	26922000	26922999	5
chr16	26923000	26923999	1
chr16	26924000	26924999	12
chr16	26925000	26925999	16
chr16	26926000	26926999	31
chr16	26927000	26927999	6
chr16	26928000	26928999	13
chr16	26929000	26929999	5
chr16	26930000	26930999	4
chr16	26931000	26931999	0
chr16	26932000	26932999	6
chr16	26933000	26933999	7
chr16	26934000	26934999	5
chr16	26935000	26935999	5
chr16	26936000	26936999	2
chr16	26937000	26937999	0
chr16	26938000	26938999	0
chr16	26939000	26939999	0
chr16	26940000	26940999	0
chr16	26941000	26941999	0
chr16	26942000	26942999	3
chr16	26943000	26943999	3
chr16	26944000	26944999	8
chr16	26945000	26945999	14
chr16	26946000	26946999	4
chr16	26947000	26947999	0
chr16	26948000	26948999	6
chr16	26949000	26949999	0
chr16	26950000	26950999	2
chr16	26951000	26951999	24
chr16	26952000	26952999	13
chr16	26953000	26953999	3
chr16	26954000	26954999	1
chr16	26955000	26955999	11
chr16	26956000	26956999	7
chr16	26957000	26957999	2
chr16	26958000	26958999	2
chr16	26959000	26959999	0
chr16	26960000	26960999	17
chr16	26961000	26961999	6
chr16	26962000	26962999	16
chr16	26963000	26963999	9
chr16	26964000	26964999	8
chr16	26965000	26965999	7
chr16	26966000	26966999	2
chr16	26967000	26967999	6
chr16	26968000	26968999	14
chr16	26969000	26969999	9
chr16	26970000	26970999	8
chr16	26971000	26971999	16
chr16	26972000	26972999	31
chr16	26973000	26973999	8
chr16	26974000	26974999	22
chr16	26975000	26975999	17
chr16	26976000	26976999	31
chr16	26977000	26977999	7
chr16	26978000	26978999	0
chr16	26979000	26979999	0
chr16	26980000	26980999	0
chr16	26981000	26981999	13
chr16	26982000	26982999	0
chr16	26983000	26983999	11
chr16	26984000	26984999	0
chr16	26985000	26985999	0
chr16	26986000	26986999	22
chr16	26987000	26987999	23
chr16	26988000	26988999	18
chr16	26989000	26989999	10
chr16	26990000	26990999	10
chr16	26991000	26991999	19
chr16	26992000	26992999	4
chr16	26993000	26993999	4
chr16	26994000	26994999	6
chr16	26995000	26995999	25
chr16	26996000	26996999	5
chr16	26997000	26997999	8
chr16	26998000	26998999	6
chr16	26999000	26999999	38
chr16	27000000	27000999	0
chr16	27001000	27001999	16
chr16	27002000	27002999	0
chr16	27003000	27003999	34
chr16	27004000	27004999	0
chr16	27005000	27005999	14
chr16	27006000	27006999	3
chr16	27007000	27007999	4
chr16	27008000	27008999	0
chr16	27009000	27009999	0
chr16	27010000	27010999	0
chr16	27011000	27011999	2
chr16	27012000	27012999	20
chr16	27013000	27013999	11
chr16	27014000	27014999	0
chr16	27015000	27015999	7
chr16	27016000	27016999	5
chr16	27017000	27017999	17
chr16	27018000	27018999	2
chr16	27019000	27019999	0
chr16	27020000	27020999	15
chr16	27021000	27021999	37
chr16	27022000	27022999	17
chr16	27023000	27023999	0
chr16	27024000	27024999	5
chr16	27025000	27025999	1
chr16	27026000	27026999	22
chr16	27027000	27027999	6
chr16	27028000	27028999	12
chr16	27029000	27029999	9
chr16	27030000	27030999	11
chr16	27031000	27031999	9
chr16	27032000	27032999	35
chr16	27033000	27033999	4
chr16	27034000	27034999	21
chr16	27035000	27035999	0
chr16	27036000	27036999	12
chr16	27037000	27037999	7
chr16	27038000	27038999	0
chr16	27039000	27039999	15
chr16	27040000	27040999	20
chr16	27041000	27041999	8
chr16	27042000	27042999	0
chr16	27043000	27043999	29
chr16	27044000	27044999	3
chr16	27045000	27045999	5
chr16	27046000	27046999	3
chr16	27047000	27047999	6
chr16	27048000	27048999	8
chr16	27049000	27049999	0
chr16	27050000	27050999	7
chr16	27051000	27051999	4
chr16	27052000	27052999	16
chr16	27053000	27053999	10
chr16	27054000	27054999	6
chr16	27055000	27055999	2
chr16	27056000	27056999	1
chr16	27057000	27057999	0
chr16	27058000	27058999	8
chr16	27059000	27059999	16
chr16	27060000	27060999	8
chr16	27061000	27061999	3
chr16	27062000	27062999	4
chr16	27063000	27063999	20
chr16	27064000	27064999	20
chr16	27065000	27065999	15
chr16	27066000	27066999	0
chr16	27067000	27067999	0
chr16	27068000	27068999	2
chr16	27069000	27069999	17
chr16	27070000	27070999	11
chr16	27071000	27071999	14
chr16	27072000	27072999	0
chr16	27073000	27073999	0
chr16	27074000	27074999	0
chr16	27075000	27075999	0
chr16	27076000	27076999	0
chr16	27077000	27077999	0
chr16	27078000	27078999	0
chr16	27079000	27079999	0
chr16	27080000	27080999	12
chr16	27081000	27081999	0
chr16	27082000	27082999	0
chr16	27083000	27083999	0
chr16	27084000	27084999	0
chr16	27085000	27085999	0
chr16	27086000	27086999	0
chr16	27087000	27087999	4
chr16	27088000	27088999	3
chr16	27089000	27089999	13
chr16	27090000	27090999	29
chr16	27091000	27091999	12
chr16	27092000	27092999	9
chr16	27093000	27093999	10
chr16	27094000	27094999	0
chr16	27095000	27095999	10
chr16	27096000	27096999	22
chr16	27097000	27097999	6
chr16	27098000	27098999	35
chr16	27099000	27099999	15
chr16	27100000	27100999	17
chr16	27101000	27101999	23
chr16	27102000	27102999	22
chr16	27103000	27103999	22
chr16	27104000	27104999	9
chr16	27105000	27105999	12
chr16	27106000	27106999	9
chr16	27107000	27107999	25
chr16	27108000	27108999	0
chr16	27109000	27109999	35
chr16	27110000	27110999	3
chr16	27111000	27111999	16
chr16	27112000	27112999	14
chr16	27113000	27113999	12
chr16	27114000	27114999	3
chr16	27115000	27115999	9
chr16	27116000	27116999	3
chr16	27117000	27117999	11
chr16	27118000	27118999	0
chr16	27119000	27119999	0
chr16	27120000	27120999	9
chr16	27121000	27121999	3
chr16	27122000	27122999	11
chr16	27123000	27123999	13
chr16	27124000	27124999	2
chr16	27125000	27125999	4
chr16	27126000	27126999	18
chr16	27127000	27127999	13
chr16	27128000	27128999	16
chr16	27129000	27129999	4
chr16	27130000	27130999	13
chr16	27131000	27131999	2
chr16	27132000	27132999	0
chr16	27133000	27133999	0
chr16	27134000	27134999	3
chr16	27135000	27135999	6
chr16	27136000	27136999	3
chr16	27137000	27137999	0
chr16	27138000	27138999	7
chr16	27139000	27139999	26
chr16	27140000	27140999	45
chr16	27141000	27141999	1
chr16	27142000	27142999	4
chr16	27143000	27143999	11
chr16	27144000	27144999	11
chr16	27145000	27145999	1
chr16	27146000	27146999	9
chr16	27147000	27147999	0
chr16	27148000	27148999	9
chr16	27149000	27149999	3
chr16	27150000	27150999	21
chr16	27151000	27151999	0
chr16	27152000	27152999	11
chr16	27153000	27153999	13
chr16	27154000	27154999	9
chr16	27155000	27155999	15
chr16	27156000	27156999	26
chr16	27157000	27157999	16
chr16	27158000	27158999	11
chr16	27159000	27159999	0
chr16	27160000	27160999	8
chr16	27161000	27161999	5
chr16	27162000	27162999	5
chr16	27163000	27163999	1
chr16	27164000	27164999	10
chr16	27165000	27165999	2
chr16	27166000	27166999	11
chr16	27167000	27167999	9
chr16	27168000	27168999	4
chr16	27169000	27169999	9
chr16	27170000	27170999	41
chr16	27171000	27171999	11
chr16	27172000	27172999	8
chr16	27173000	27173999	12
chr16	27174000	27174999	4
chr16	27175000	27175999	9
chr16	27176000	27176999	24
chr16	27177000	27177999	23
chr16	27178000	27178999	0
chr16	27179000	27179999	1
chr16	27180000	27180999	6
chr16	27181000	27181999	0
chr16	27182000	27182999	1
chr16	27183000	27183999	0
chr16	27184000	27184999	20
chr16	27185000	27185999	10
chr16	27186000	27186999	26
chr16	27187000	27187999	4
chr16	27188000	27188999	18
chr16	27189000	27189999	59
chr16	27190000	27190999	5
chr16	27191000	27191999	7
chr16	27192000	27192999	17
chr16	27193000	27193999	3
chr16	27194000	27194999	0
chr16	27195000	27195999	20
chr16	27196000	27196999	18
chr16	27197000	27197999	26
chr16	27198000	27198999	0
chr16	27199000	27199999	14
chr16	27200000	27200999	10
chr16	27201000	27201999	5
chr16	27202000	27202999	0
chr16	27203000	27203999	23
chr16	27204000	27204999	4
chr16	27205000	27205999	38
chr16	27206000	27206999	12
chr16	27207000	27207999	0
chr16	27208000	27208999	2
chr16	27209000	27209999	4
chr16	27210000	27210999	35
chr16	27211000	27211999	14
chr16	27212000	27212999	9
chr16	27213000	27213999	0
chr16	27214000	27214999	1
chr16	27215000	27215999	0
chr16	27216000	27216999	0
chr16	27217000	27217999	0
chr16	27218000	27218999	0
chr16	27219000	27219999	0
chr16	27220000	27220999	0
chr16	27221000	27221999	0
chr16	27222000	27222999	0
chr16	27223000	27223999	1
chr16	27224000	27224999	13
chr16	27225000	27225999	32
chr16	27226000	27226999	7
chr16	27227000	27227999	0
chr16	27228000	27228999	0
chr16	27229000	27229999	22
chr16	27230000	27230999	19
chr16	27231000	27231999	0
chr16	27232000	27232999	9
chr16	27233000	27233999	18
chr16	27234000	27234999	2
chr16	27235000	27235999	4
chr16	27236000	27236999	14
chr16	27237000	27237999	18
chr16	27238000	27238999	15
chr16	27239000	27239999	12
chr16	27240000	27240999	7
chr16	27241000	27241999	22
chr16	27242000	27242999	6
chr16	27243000	27243999	15
chr16	27244000	27244999	0
chr16	27245000	27245999	15
chr16	27246000	27246999	16
chr16	27247000	27247999	9
chr16	27248000	27248999	0
chr16	27249000	27249999	15
chr16	27250000	27250999	0
chr16	27251000	27251999	19
chr16	27252000	27252999	12
chr16	27253000	27253999	15
chr16	27254000	27254999	2
chr16	27255000	27255999	11
chr16	27256000	27256999	0
chr16	27257000	27257999	2
chr16	27258000	27258999	4
chr16	27259000	27259999	17
chr16	27260000	27260999	5
chr16	27261000	27261999	7
chr16	27262000	27262999	9
chr16	27263000	27263999	3
chr16	27264000	27264999	0
chr16	27265000	27265999	22
chr16	27266000	27266999	10
chr16	27267000	27267999	2
chr16	27268000	27268999	2
chr16	27269000	27269999	0
chr16	27270000	27270999	0
chr16	27271000	27271999	9
chr16	27272000	27272999	15
chr16	27273000	27273999	3
chr16	27274000	27274999	19
chr16	27275000	27275999	11
chr16	27276000	27276999	0
chr16	27277000	27277999	13
chr16	27278000	27278999	9
chr16	27279000	27279999	2
chr16	27280000	27280999	4
chr16	27281000	27281999	5
chr16	27282000	27282999	3
chr16	27283000	27283999	0
chr16	27284000	27284999	9
chr16	27285000	27285999	9
chr16	27286000	27286999	7
chr16	27287000	27287999	24
chr16	27288000	27288999	0
chr16	27289000	27289999	0
chr16	27290000	27290999	10
chr16	27291000	27291999	7
chr16	27292000	27292999	2
chr16	27293000	27293999	7
chr16	27294000	27294999	4
chr16	27295000	27295999	6
chr16	27296000	27296999	31
chr16	27297000	27297999	5
chr16	27298000	27298999	0
chr16	27299000	27299999	16
chr16	27300000	27300999	11
chr16	27301000	27301999	6
chr16	27302000	27302999	6
chr16	27303000	27303999	6
chr16	27304000	27304999	7
chr16	27305000	27305999	0
chr16	27306000	27306999	17
chr16	27307000	27307999	9
chr16	27308000	27308999	9
chr16	27309000	27309999	6
chr16	27310000	27310999	15
chr16	27311000	27311999	0
chr16	27312000	27312999	10
chr16	27313000	27313999	16
chr16	27314000	27314999	23
chr16	27315000	27315999	5
chr16	27316000	27316999	10
chr16	27317000	27317999	0
chr16	27318000	27318999	0
chr16	27319000	27319999	6
chr16	27320000	27320999	0
chr16	27321000	27321999	0
chr16	27322000	27322999	0
chr16	27323000	27323999	0
chr16	27324000	27324999	25
chr16	27325000	27325999	6
chr16	27326000	27326999	16
chr16	27327000	27327999	23
chr16	27328000	27328999	16
chr16	27329000	27329999	12
chr16	27330000	27330999	0
chr16	27331000	27331999	3
chr16	27332000	27332999	9
chr16	27333000	27333999	0
chr16	27334000	27334999	0
chr16	27335000	27335999	0
chr16	27336000	27336999	0
chr16	27337000	27337999	0
chr16	27338000	27338999	12
chr16	27339000	27339999	4
chr16	27340000	27340999	0
chr16	27341000	27341999	0
chr16	27342000	27342999	8
chr16	27343000	27343999	23
chr16	27344000	27344999	11
chr16	27345000	27345999	9
chr16	27346000	27346999	11
chr16	27347000	27347999	23
chr16	27348000	27348999	103
chr16	27349000	27349999	25
chr16	27350000	27350999	8
chr16	27351000	27351999	0
chr16	27352000	27352999	0
chr16	27353000	27353999	6
chr16	27354000	27354999	6
chr16	27355000	27355999	12
chr16	27356000	27356999	15
chr16	27357000	27357999	0
chr16	27358000	27358999	0
chr16	27359000	27359999	0
chr16	27360000	27360999	0
chr16	27361000	27361999	17
chr16	27362000	27362999	9
chr16	27363000	27363999	0
chr16	27364000	27364999	16
chr16	27365000	27365999	16
chr16	27366000	27366999	0
chr16	27367000	27367999	2
chr16	27368000	27368999	43
chr16	27369000	27369999	12
chr16	27370000	27370999	26
chr16	27371000	27371999	0
chr16	27372000	27372999	22
chr16	27373000	27373999	5
chr16	27374000	27374999	4
chr16	27375000	27375999	30
chr16	27376000	27376999	11
chr16	27377000	27377999	0
chr16	27378000	27378999	0
chr16	27379000	27379999	0
chr16	27380000	27380999	32
chr16	27381000	27381999	11
chr16	27382000	27382999	8
chr16	27383000	27383999	19
chr16	27384000	27384999	1
chr16	27385000	27385999	0
chr16	27386000	27386999	13
chr16	27387000	27387999	11
chr16	27388000	27388999	53
chr16	27389000	27389999	29
chr16	27390000	27390999	55
chr16	27391000	27391999	8
chr16	27392000	27392999	25
chr16	27393000	27393999	2
chr16	27394000	27394999	12
chr16	27395000	27395999	4
chr16	27396000	27396999	29
chr16	27397000	27397999	0
chr16	27398000	27398999	1
chr16	27399000	27399999	10
chr16	27400000	27400999	10
chr16	27401000	27401999	21
chr16	27402000	27402999	7
chr16	27403000	27403999	8
chr16	27404000	27404999	20
chr16	27405000	27405999	4
chr16	27406000	27406999	1
chr16	27407000	27407999	1
chr16	27408000	27408999	0
chr16	27409000	27409999	24
chr16	27410000	27410999	3
chr16	27411000	27411999	3
chr16	27412000	27412999	13
chr16	27413000	27413999	12
chr16	27414000	27414999	2
chr16	27415000	27415999	23
chr16	27416000	27416999	10
chr16	27417000	27417999	10
chr16	27418000	27418999	5
chr16	27419000	27419999	5
chr16	27420000	27420999	2
chr16	27421000	27421999	34
chr16	27422000	27422999	13
chr16	27423000	27423999	0
chr16	27424000	27424999	0
chr16	27425000	27425999	0
chr16	27426000	27426999	0
chr16	27427000	27427999	0
chr16	27428000	27428999	0
chr16	27429000	27429999	0
chr16	27430000	27430999	0
chr16	27431000	27431999	0
chr16	27432000	27432999	21
chr16	27433000	27433999	7
chr16	27434000	27434999	0
chr16	27435000	27435999	0
chr16	27436000	27436999	3
chr16	27437000	27437999	2
chr16	27438000	27438999	3
chr16	27439000	27439999	0
chr16	27440000	27440999	5
chr16	27441000	27441999	0
chr16	27442000	27442999	14
chr16	27443000	27443999	5
chr16	27444000	27444999	1
chr16	27445000	27445999	33
chr16	27446000	27446999	8
chr16	27447000	27447999	11
chr16	27448000	27448999	0
chr16	27449000	27449999	0
chr16	27450000	27450999	6
chr16	27451000	27451999	14
chr16	27452000	27452999	0
chr16	27453000	27453999	16
chr16	27454000	27454999	6
chr16	27455000	27455999	2
chr16	27456000	27456999	0
chr16	27457000	27457999	17
chr16	27458000	27458999	33
chr16	27459000	27459999	1
chr16	27460000	27460999	6
chr16	27461000	27461999	17
chr16	27462000	27462999	22
chr16	27463000	27463999	16
chr16	27464000	27464999	5
chr16	27465000	27465999	4
chr16	27466000	27466999	0
chr16	27467000	27467999	4
chr16	27468000	27468999	13
chr16	27469000	27469999	3
chr16	27470000	27470999	13
chr16	27471000	27471999	26
chr16	27472000	27472999	18
chr16	27473000	27473999	10
chr16	27474000	27474999	12
chr16	27475000	27475999	5
chr16	27476000	27476999	63
chr16	27477000	27477999	4
chr16	27478000	27478999	8
chr16	27479000	27479999	2
chr16	27480000	27480999	5
chr16	27481000	27481999	7
chr16	27482000	27482999	13
chr16	27483000	27483999	20
chr16	27484000	27484999	0
chr16	27485000	27485999	15
chr16	27486000	27486999	5
chr16	27487000	27487999	7
chr16	27488000	27488999	1
chr16	27489000	27489999	14
chr16	27490000	27490999	16
chr16	27491000	27491999	3
chr16	27492000	27492999	6
chr16	27493000	27493999	10
chr16	27494000	27494999	0
chr16	27495000	27495999	17
chr16	27496000	27496999	0
chr16	27497000	27497999	14
chr16	27498000	27498999	0
chr16	27499000	27499999	2
chr16	27500000	27500999	8
chr16	27501000	27501999	10
chr16	27502000	27502999	10
chr16	27503000	27503999	18
chr16	27504000	27504999	9
chr16	27505000	27505999	0
chr16	27506000	27506999	24
chr16	27507000	27507999	0
chr16	27508000	27508999	24
chr16	27509000	27509999	20
chr16	27510000	27510999	0
chr16	27511000	27511999	9
chr16	27512000	27512999	10
chr16	27513000	27513999	0
chr16	27514000	27514999	0
chr16	27515000	27515999	27
chr16	27516000	27516999	7
chr16	27517000	27517999	4
chr16	27518000	27518999	0
chr16	27519000	27519999	20
chr16	27520000	27520999	10
chr16	27521000	27521999	13
chr16	27522000	27522999	0
chr16	27523000	27523999	9
chr16	27524000	27524999	37
chr16	27525000	27525999	13
chr16	27526000	27526999	4
chr16	27527000	27527999	9
chr16	27528000	27528999	0
chr16	27529000	27529999	0
chr16	27530000	27530999	0
chr16	27531000	27531999	16
chr16	27532000	27532999	13
chr16	27533000	27533999	11
chr16	27534000	27534999	9
chr16	27535000	27535999	13
chr16	27536000	27536999	14
chr16	27537000	27537999	16
chr16	27538000	27538999	11
chr16	27539000	27539999	7
chr16	27540000	27540999	8
chr16	27541000	27541999	0
chr16	27542000	27542999	10
chr16	27543000	27543999	5
chr16	27544000	27544999	18
chr16	27545000	27545999	12
chr16	27546000	27546999	20
chr16	27547000	27547999	3
chr16	27548000	27548999	13
chr16	27549000	27549999	0
chr16	27550000	27550999	9
chr16	27551000	27551999	19
chr16	27552000	27552999	14
chr16	27553000	27553999	7
chr16	27554000	27554999	24
chr16	27555000	27555999	9
chr16	27556000	27556999	8
chr16	27557000	27557999	0
chr16	27558000	27558999	4
chr16	27559000	27559999	8
chr16	27560000	27560999	22
chr16	27561000	27561999	19
chr16	27562000	27562999	27
chr16	27563000	27563999	0
chr16	27564000	27564999	2
chr16	27565000	27565999	5
chr16	27566000	27566999	4
chr16	27567000	27567999	3
chr16	27568000	27568999	22
chr16	27569000	27569999	1
chr16	27570000	27570999	8
chr16	27571000	27571999	16
chr16	27572000	27572999	1
chr16	27573000	27573999	0
chr16	27574000	27574999	7
chr16	27575000	27575999	1
chr16	27576000	27576999	36
chr16	27577000	27577999	0
chr16	27578000	27578999	0
chr16	27579000	27579999	6
chr16	27580000	27580999	9
chr16	27581000	27581999	22
chr16	27582000	27582999	4
chr16	27583000	27583999	0
chr16	27584000	27584999	8
chr16	27585000	27585999	14
chr16	27586000	27586999	8
chr16	27587000	27587999	17
chr16	27588000	27588999	0
chr16	27589000	27589999	30
chr16	27590000	27590999	8
chr16	27591000	27591999	0
chr16	27592000	27592999	0
chr16	27593000	27593999	0
chr16	27594000	27594999	5
chr16	27595000	27595999	0
chr16	27596000	27596999	0
chr16	27597000	27597999	0
chr16	27598000	27598999	1
chr16	27599000	27599999	11
chr16	27600000	27600999	16
chr16	27601000	27601999	13
chr16	27602000	27602999	0
chr16	27603000	27603999	0
chr16	27604000	27604999	0
chr16	27605000	27605999	0
chr16	27606000	27606999	0
chr16	27607000	27607999	0
chr16	27608000	27608999	1
chr16	27609000	27609999	3
chr16	27610000	27610999	34
chr16	27611000	27611999	0
chr16	27612000	27612999	0
chr16	27613000	27613999	0
chr16	27614000	27614999	0
chr16	27615000	27615999	0
chr16	27616000	27616999	10
chr16	27617000	27617999	6
chr16	27618000	27618999	21
chr16	27619000	27619999	9
chr16	27620000	27620999	6
chr16	27621000	27621999	0
chr16	27622000	27622999	2
chr16	27623000	27623999	10
chr16	27624000	27624999	4
chr16	27625000	27625999	11
chr16	27626000	27626999	23
chr16	27627000	27627999	30
chr16	27628000	27628999	13
chr16	27629000	27629999	7
chr16	27630000	27630999	31
chr16	27631000	27631999	13
chr16	27632000	27632999	0
chr16	27633000	27633999	0
chr16	27634000	27634999	13
chr16	27635000	27635999	5
chr16	27636000	27636999	15
chr16	27637000	27637999	10
chr16	27638000	27638999	10
chr16	27639000	27639999	11
chr16	27640000	27640999	4
chr16	27641000	27641999	0
chr16	27642000	27642999	0
chr16	27643000	27643999	45
chr16	27644000	27644999	12
chr16	27645000	27645999	4
chr16	27646000	27646999	1
chr16	27647000	27647999	31
chr16	27648000	27648999	7
chr16	27649000	27649999	5
chr16	27650000	27650999	0
chr16	27651000	27651999	32
chr16	27652000	27652999	19
chr16	27653000	27653999	0
chr16	27654000	27654999	0
chr16	27655000	27655999	0
chr16	27656000	27656999	0
chr16	27657000	27657999	0
chr16	27658000	27658999	0
chr16	27659000	27659999	0
chr16	27660000	27660999	0
chr16	27661000	27661999	10
chr16	27662000	27662999	0
chr16	27663000	27663999	16
chr16	27664000	27664999	7
chr16	27665000	27665999	11
chr16	27666000	27666999	0
chr16	27667000	27667999	0
chr16	27668000	27668999	5
chr16	27669000	27669999	0
chr16	27670000	27670999	0
chr16	27671000	27671999	0
chr16	27672000	27672999	1
chr16	27673000	27673999	17
chr16	27674000	27674999	28
chr16	27675000	27675999	9
chr16	27676000	27676999	4
chr16	27677000	27677999	7
chr16	27678000	27678999	29
chr16	27679000	27679999	5
chr16	27680000	27680999	0
chr16	27681000	27681999	0
chr16	27682000	27682999	0
chr16	27683000	27683999	6
chr16	27684000	27684999	24
chr16	27685000	27685999	3
chr16	27686000	27686999	6
chr16	27687000	27687999	7
chr16	27688000	27688999	0
chr16	27689000	27689999	11
chr16	27690000	27690999	8
chr16	27691000	27691999	9
chr16	27692000	27692999	1
chr16	27693000	27693999	7
chr16	27694000	27694999	0
chr16	27695000	27695999	2
chr16	27696000	27696999	2
chr16	27697000	27697999	4
chr16	27698000	27698999	7
chr16	27699000	27699999	5
chr16	27700000	27700999	0
chr16	27701000	27701999	16
chr16	27702000	27702999	7
chr16	27703000	27703999	24
chr16	27704000	27704999	10
chr16	27705000	27705999	23
chr16	27706000	27706999	0
chr16	27707000	27707999	4
chr16	27708000	27708999	11
chr16	27709000	27709999	20
chr16	27710000	27710999	6
chr16	27711000	27711999	4
chr16	27712000	27712999	9
chr16	27713000	27713999	0
chr16	27714000	27714999	15
chr16	27715000	27715999	4
chr16	27716000	27716999	3
chr16	27717000	27717999	21
chr16	27718000	27718999	10
chr16	27719000	27719999	0
chr16	27720000	27720999	0
chr16	27721000	27721999	4
chr16	27722000	27722999	5
chr16	27723000	27723999	14
chr16	27724000	27724999	7
chr16	27725000	27725999	11
chr16	27726000	27726999	9
chr16	27727000	27727999	6
chr16	27728000	27728999	17
chr16	27729000	27729999	20
chr16	27730000	27730999	18
chr16	27731000	27731999	8
chr16	27732000	27732999	30
chr16	27733000	27733999	28
chr16	27734000	27734999	0
chr16	27735000	27735999	10
chr16	27736000	27736999	4
chr16	27737000	27737999	0
chr16	27738000	27738999	0
chr16	27739000	27739999	0
chr16	27740000	27740999	0
chr16	27741000	27741999	0
chr16	27742000	27742999	5
chr16	27743000	27743999	17
chr16	27744000	27744999	11
chr16	27745000	27745999	7
chr16	27746000	27746999	30
chr16	27747000	27747999	22
chr16	27748000	27748999	21
chr16	27749000	27749999	11
chr16	27750000	27750999	13
chr16	27751000	27751999	3
chr16	27752000	27752999	8
chr16	27753000	27753999	1
chr16	27754000	27754999	11
chr16	27755000	27755999	6
chr16	27756000	27756999	0
chr16	27757000	27757999	7
chr16	27758000	27758999	4
chr16	27759000	27759999	10
chr16	27760000	27760999	0
chr16	27761000	27761999	10
chr16	27762000	27762999	34
chr16	27763000	27763999	14
chr16	27764000	27764999	0
chr16	27765000	27765999	0
chr16	27766000	27766999	13
chr16	27767000	27767999	0
chr16	27768000	27768999	26
chr16	27769000	27769999	4
chr16	27770000	27770999	21
chr16	27771000	27771999	15
chr16	27772000	27772999	0
chr16	27773000	27773999	4
chr16	27774000	27774999	0
chr16	27775000	27775999	0
chr16	27776000	27776999	6
chr16	27777000	27777999	2
chr16	27778000	27778999	20
chr16	27779000	27779999	0
chr16	27780000	27780999	8
chr16	27781000	27781999	32
chr16	27782000	27782999	1
chr16	27783000	27783999	20
chr16	27784000	27784999	0
chr16	27785000	27785999	10
chr16	27786000	27786999	6
chr16	27787000	27787999	5
chr16	27788000	27788999	13
chr16	27789000	27789999	0
chr16	27790000	27790999	0
chr16	27791000	27791999	27
chr16	27792000	27792999	10
chr16	27793000	27793999	3
chr16	27794000	27794999	6
chr16	27795000	27795999	7
chr16	27796000	27796999	1
chr16	27797000	27797999	7
chr16	27798000	27798999	3
chr16	27799000	27799999	3
chr16	27800000	27800999	13
chr16	27801000	27801999	25
chr16	27802000	27802999	0
chr16	27803000	27803999	15
chr16	27804000	27804999	0
chr16	27805000	27805999	1
chr16	27806000	27806999	7
chr16	27807000	27807999	0
chr16	27808000	27808999	14
chr16	27809000	27809999	7
chr16	27810000	27810999	23
chr16	27811000	27811999	0
chr16	27812000	27812999	25
chr16	27813000	27813999	0
chr16	27814000	27814999	20
chr16	27815000	27815999	7
chr16	27816000	27816999	0
chr16	27817000	27817999	7
chr16	27818000	27818999	13
chr16	27819000	27819999	22
chr16	27820000	27820999	9
chr16	27821000	27821999	18
chr16	27822000	27822999	0
chr16	27823000	27823999	0
chr16	27824000	27824999	20
chr16	27825000	27825999	4
chr16	27826000	27826999	0
chr16	27827000	27827999	12
chr16	27828000	27828999	0
chr16	27829000	27829999	0
chr16	27830000	27830999	1
chr16	27831000	27831999	3
chr16	27832000	27832999	4
chr16	27833000	27833999	12
chr16	27834000	27834999	17
chr16	27835000	27835999	12
chr16	27836000	27836999	8
chr16	27837000	27837999	11
chr16	27838000	27838999	4
chr16	27839000	27839999	4
chr16	27840000	27840999	17
chr16	27841000	27841999	0
chr16	27842000	27842999	10
chr16	27843000	27843999	17
chr16	27844000	27844999	9
chr16	27845000	27845999	21
chr16	27846000	27846999	0
chr16	27847000	27847999	0
chr16	27848000	27848999	0
chr16	27849000	27849999	15
chr16	27850000	27850999	21
chr16	27851000	27851999	0
chr16	27852000	27852999	0
chr16	27853000	27853999	5
chr16	27854000	27854999	9
chr16	27855000	27855999	0
chr16	27856000	27856999	0
chr16	27857000	27857999	0
chr16	27858000	27858999	10
chr16	27859000	27859999	0
chr16	27860000	27860999	6
chr16	27861000	27861999	0
chr16	27862000	27862999	8
chr16	27863000	27863999	3
chr16	27864000	27864999	3
chr16	27865000	27865999	23
chr16	27866000	27866999	6
chr16	27867000	27867999	0
chr16	27868000	27868999	15
chr16	27869000	27869999	13
chr16	27870000	27870999	10
chr16	27871000	27871999	4
chr16	27872000	27872999	5
chr16	27873000	27873999	9
chr16	27874000	27874999	0
chr16	27875000	27875999	11
chr16	27876000	27876999	20
chr16	27877000	27877999	34
chr16	27878000	27878999	15
chr16	27879000	27879999	14
chr16	27880000	27880999	2
chr16	27881000	27881999	8
chr16	27882000	27882999	26
chr16	27883000	27883999	2
chr16	27884000	27884999	28
chr16	27885000	27885999	20
chr16	27886000	27886999	14
chr16	27887000	27887999	5
chr16	27888000	27888999	4
chr16	27889000	27889999	3
chr16	27890000	27890999	6
chr16	27891000	27891999	21
chr16	27892000	27892999	4
chr16	27893000	27893999	0
chr16	27894000	27894999	0
chr16	27895000	27895999	0
chr16	27896000	27896999	7
chr16	27897000	27897999	7
chr16	27898000	27898999	11
chr16	27899000	27899999	6
chr16	27900000	27900999	0
chr16	27901000	27901999	4
chr16	27902000	27902999	8
chr16	27903000	27903999	1
chr16	27904000	27904999	6
chr16	27905000	27905999	0
chr16	27906000	27906999	7
chr16	27907000	27907999	7
chr16	27908000	27908999	0
chr16	27909000	27909999	5
chr16	27910000	27910999	13
chr16	27911000	27911999	12
chr16	27912000	27912999	4
chr16	27913000	27913999	11
chr16	27914000	27914999	20
chr16	27915000	27915999	13
chr16	27916000	27916999	3
chr16	27917000	27917999	1
chr16	27918000	27918999	0
chr16	27919000	27919999	2
chr16	27920000	27920999	0
chr16	27921000	27921999	0
chr16	27922000	27922999	2
chr16	27923000	27923999	16
chr16	27924000	27924999	22
chr16	27925000	27925999	12
chr16	27926000	27926999	0
chr16	27927000	27927999	0
chr16	27928000	27928999	0
chr16	27929000	27929999	10
chr16	27930000	27930999	13
chr16	27931000	27931999	0
chr16	27932000	27932999	19
chr16	27933000	27933999	3
chr16	27934000	27934999	9
chr16	27935000	27935999	12
chr16	27936000	27936999	4
chr16	27937000	27937999	2
chr16	27938000	27938999	11
chr16	27939000	27939999	2
chr16	27940000	27940999	0
chr16	27941000	27941999	16
chr16	27942000	27942999	31
chr16	27943000	27943999	5
chr16	27944000	27944999	7
chr16	27945000	27945999	3
chr16	27946000	27946999	5
chr16	27947000	27947999	13
chr16	27948000	27948999	0
chr16	27949000	27949999	11
chr16	27950000	27950999	0
chr16	27951000	27951999	10
chr16	27952000	27952999	0
chr16	27953000	27953999	0
chr16	27954000	27954999	4
chr16	27955000	27955999	6
chr16	27956000	27956999	23
chr16	27957000	27957999	5
chr16	27958000	27958999	16
chr16	27959000	27959999	15
chr16	27960000	27960999	7
chr16	27961000	27961999	0
chr16	27962000	27962999	15
chr16	27963000	27963999	16
chr16	27964000	27964999	8
chr16	27965000	27965999	0
chr16	27966000	27966999	4
chr16	27967000	27967999	5
chr16	27968000	27968999	11
chr16	27969000	27969999	4
chr16	27970000	27970999	24
chr16	27971000	27971999	0
chr16	27972000	27972999	12
chr16	27973000	27973999	20
chr16	27974000	27974999	26
chr16	27975000	27975999	4
chr16	27976000	27976999	5
chr16	27977000	27977999	0
chr16	27978000	27978999	7
chr16	27979000	27979999	0
chr16	27980000	27980999	15
chr16	27981000	27981999	9
chr16	27982000	27982999	22
chr16	27983000	27983999	8
chr16	27984000	27984999	13
chr16	27985000	27985999	1
chr16	27986000	27986999	0
chr16	27987000	27987999	6
chr16	27988000	27988999	8
chr16	27989000	27989999	2
chr16	27990000	27990999	3
chr16	27991000	27991999	13
chr16	27992000	27992999	0
chr16	27993000	27993999	0
chr16	27994000	27994999	2
chr16	27995000	27995999	0
chr16	27996000	27996999	2
chr16	27997000	27997999	19
chr16	27998000	27998999	34
chr16	27999000	27999999	2
chr16	28000000	28000999	16
chr16	28001000	28001999	20
chr16	28002000	28002999	0
chr16	28003000	28003999	11
chr16	28004000	28004999	7
chr16	28005000	28005999	0
chr16	28006000	28006999	13
chr16	28007000	28007999	5
chr16	28008000	28008999	25
chr16	28009000	28009999	4
chr16	28010000	28010999	10
chr16	28011000	28011999	0
chr16	28012000	28012999	6
chr16	28013000	28013999	7
chr16	28014000	28014999	18
chr16	28015000	28015999	30
chr16	28016000	28016999	17
chr16	28017000	28017999	0
chr16	28018000	28018999	5
chr16	28019000	28019999	11
chr16	28020000	28020999	10
chr16	28021000	28021999	7
chr16	28022000	28022999	0
chr16	28023000	28023999	16
chr16	28024000	28024999	4
chr16	28025000	28025999	8
chr16	28026000	28026999	20
chr16	28027000	28027999	19
chr16	28028000	28028999	18
chr16	28029000	28029999	3
chr16	28030000	28030999	6
chr16	28031000	28031999	3
chr16	28032000	28032999	16
chr16	28033000	28033999	0
chr16	28034000	28034999	4
chr16	28035000	28035999	16
chr16	28036000	28036999	0
chr16	28037000	28037999	0
chr16	28038000	28038999	21
chr16	28039000	28039999	1
chr16	28040000	28040999	14
chr16	28041000	28041999	9
chr16	28042000	28042999	7
chr16	28043000	28043999	0
chr16	28044000	28044999	0
chr16	28045000	28045999	3
chr16	28046000	28046999	0
chr16	28047000	28047999	13
chr16	28048000	28048999	2
chr16	28049000	28049999	3
chr16	28050000	28050999	2
chr16	28051000	28051999	12
chr16	28052000	28052999	3
chr16	28053000	28053999	48
chr16	28054000	28054999	14
chr16	28055000	28055999	29
chr16	28056000	28056999	7
chr16	28057000	28057999	0
chr16	28058000	28058999	0
chr16	28059000	28059999	3
chr16	28060000	28060999	7
chr16	28061000	28061999	14
chr16	28062000	28062999	0
chr16	28063000	28063999	0
chr16	28064000	28064999	15
chr16	28065000	28065999	8
chr16	28066000	28066999	4
chr16	28067000	28067999	4
chr16	28068000	28068999	37
chr16	28069000	28069999	2
chr16	28070000	28070999	8
chr16	28071000	28071999	12
chr16	28072000	28072999	4
chr16	28073000	28073999	23
chr16	28074000	28074999	19
chr16	28075000	28075999	0
chr16	28076000	28076999	0
chr16	28077000	28077999	0
chr16	28078000	28078999	2
chr16	28079000	28079999	2
chr16	28080000	28080999	5
chr16	28081000	28081999	4
chr16	28082000	28082999	0
chr16	28083000	28083999	0
chr16	28084000	28084999	5
chr16	28085000	28085999	19
chr16	28086000	28086999	10
chr16	28087000	28087999	4
chr16	28088000	28088999	18
chr16	28089000	28089999	0
chr16	28090000	28090999	8
chr16	28091000	28091999	0
chr16	28092000	28092999	4
chr16	28093000	28093999	0
chr16	28094000	28094999	12
chr16	28095000	28095999	17
chr16	28096000	28096999	3
chr16	28097000	28097999	3
chr16	28098000	28098999	6
chr16	28099000	28099999	3
chr16	28100000	28100999	1
chr16	28101000	28101999	15
chr16	28102000	28102999	12
chr16	28103000	28103999	6
chr16	28104000	28104999	17
chr16	28105000	28105999	7
chr16	28106000	28106999	3
chr16	28107000	28107999	9
chr16	28108000	28108999	25
chr16	28109000	28109999	11
chr16	28110000	28110999	14
chr16	28111000	28111999	19
chr16	28112000	28112999	4
chr16	28113000	28113999	42
chr16	28114000	28114999	9
chr16	28115000	28115999	11
chr16	28116000	28116999	1
chr16	28117000	28117999	13
chr16	28118000	28118999	3
chr16	28119000	28119999	13
chr16	28120000	28120999	2
chr16	28121000	28121999	13
chr16	28122000	28122999	0
chr16	28123000	28123999	17
chr16	28124000	28124999	11
chr16	28125000	28125999	4
chr16	28126000	28126999	15
chr16	28127000	28127999	22
chr16	28128000	28128999	0
chr16	28129000	28129999	6
chr16	28130000	28130999	11
chr16	28131000	28131999	11
chr16	28132000	28132999	0
chr16	28133000	28133999	39
chr16	28134000	28134999	12
chr16	28135000	28135999	29
chr16	28136000	28136999	12
chr16	28137000	28137999	1
chr16	28138000	28138999	6
chr16	28139000	28139999	14
chr16	28140000	28140999	0
chr16	28141000	28141999	5
chr16	28142000	28142999	10
chr16	28143000	28143999	6
chr16	28144000	28144999	0
chr16	28145000	28145999	22
chr16	28146000	28146999	0
chr16	28147000	28147999	0
chr16	28148000	28148999	15
chr16	28149000	28149999	26
chr16	28150000	28150999	11
chr16	28151000	28151999	0
chr16	28152000	28152999	13
chr16	28153000	28153999	39
chr16	28154000	28154999	21
chr16	28155000	28155999	14
chr16	28156000	28156999	0
chr16	28157000	28157999	8
chr16	28158000	28158999	28
chr16	28159000	28159999	2
chr16	28160000	28160999	4
chr16	28161000	28161999	14
chr16	28162000	28162999	8
chr16	28163000	28163999	1
chr16	28164000	28164999	18
chr16	28165000	28165999	10
chr16	28166000	28166999	4
chr16	28167000	28167999	9
chr16	28168000	28168999	12
chr16	28169000	28169999	14
chr16	28170000	28170999	8
chr16	28171000	28171999	0
chr16	28172000	28172999	0
chr16	28173000	28173999	0
chr16	28174000	28174999	1
chr16	28175000	28175999	0
chr16	28176000	28176999	0
chr16	28177000	28177999	20
chr16	28178000	28178999	14
chr16	28179000	28179999	13
chr16	28180000	28180999	4
chr16	28181000	28181999	0
chr16	28182000	28182999	0
chr16	28183000	28183999	0
chr16	28184000	28184999	0
chr16	28185000	28185999	0
chr16	28186000	28186999	3
chr16	28187000	28187999	28
chr16	28188000	28188999	15
chr16	28189000	28189999	18
chr16	28190000	28190999	0
chr16	28191000	28191999	0
chr16	28192000	28192999	0
chr16	28193000	28193999	0
chr16	28194000	28194999	0
chr16	28195000	28195999	0
chr16	28196000	28196999	0
chr16	28197000	28197999	0
chr16	28198000	28198999	3
chr16	28199000	28199999	11
chr16	28200000	28200999	8
chr16	28201000	28201999	22
chr16	28202000	28202999	5
chr16	28203000	28203999	0
chr16	28204000	28204999	1
chr16	28205000	28205999	9
chr16	28206000	28206999	26
chr16	28207000	28207999	13
chr16	28208000	28208999	0
chr16	28209000	28209999	10
chr16	28210000	28210999	0
chr16	28211000	28211999	0
chr16	28212000	28212999	12
chr16	28213000	28213999	1
chr16	28214000	28214999	4
chr16	28215000	28215999	8
chr16	28216000	28216999	21
chr16	28217000	28217999	6
chr16	28218000	28218999	0
chr16	28219000	28219999	16
chr16	28220000	28220999	10
chr16	28221000	28221999	28
chr16	28222000	28222999	12
chr16	28223000	28223999	1
chr16	28224000	28224999	5
chr16	28225000	28225999	14
chr16	28226000	28226999	0
chr16	28227000	28227999	13
chr16	28228000	28228999	0
chr16	28229000	28229999	3
chr16	28230000	28230999	10
chr16	28231000	28231999	0
chr16	28232000	28232999	1
chr16	28233000	28233999	5
chr16	28234000	28234999	7
chr16	28235000	28235999	32
chr16	28236000	28236999	5
chr16	28237000	28237999	0
chr16	28238000	28238999	30
chr16	28239000	28239999	0
chr16	28240000	28240999	25
chr16	28241000	28241999	16
chr16	28242000	28242999	0
chr16	28243000	28243999	21
chr16	28244000	28244999	0
chr16	28245000	28245999	13
chr16	28246000	28246999	4
chr16	28247000	28247999	17
chr16	28248000	28248999	17
chr16	28249000	28249999	22
chr16	28250000	28250999	4
chr16	28251000	28251999	1
chr16	28252000	28252999	6
chr16	28253000	28253999	5
chr16	28254000	28254999	7
chr16	28255000	28255999	23
chr16	28256000	28256999	27
chr16	28257000	28257999	14
chr16	28258000	28258999	5
chr16	28259000	28259999	2
chr16	28260000	28260999	12
chr16	28261000	28261999	6
chr16	28262000	28262999	12
chr16	28263000	28263999	26
chr16	28264000	28264999	17
chr16	28265000	28265999	5
chr16	28266000	28266999	8
chr16	28267000	28267999	0
chr16	28268000	28268999	13
chr16	28269000	28269999	3
chr16	28270000	28270999	0
chr16	28271000	28271999	23
chr16	28272000	28272999	0
chr16	28273000	28273999	9
chr16	28274000	28274999	0
chr16	28275000	28275999	2
chr16	28276000	28276999	8
chr16	28277000	28277999	0
chr16	28278000	28278999	3
chr16	28279000	28279999	7
chr16	28280000	28280999	7
chr16	28281000	28281999	10
chr16	28282000	28282999	0
chr16	28283000	28283999	5
chr16	28284000	28284999	7
chr16	28285000	28285999	9
chr16	28286000	28286999	5
chr16	28287000	28287999	10
chr16	28288000	28288999	4
chr16	28289000	28289999	18
chr16	28290000	28290999	14
chr16	28291000	28291999	15
chr16	28292000	28292999	11
chr16	28293000	28293999	0
chr16	28294000	28294999	0
chr16	28295000	28295999	0
chr16	28296000	28296999	0
chr16	28297000	28297999	0
chr16	28298000	28298999	0
chr16	28299000	28299999	0
chr16	28300000	28300999	0
chr16	28301000	28301999	8
chr16	28302000	28302999	5
chr16	28303000	28303999	24
chr16	28304000	28304999	11
chr16	28305000	28305999	6
chr16	28306000	28306999	19
chr16	28307000	28307999	0
chr16	28308000	28308999	4
chr16	28309000	28309999	0
chr16	28310000	28310999	2
chr16	28311000	28311999	19
chr16	28312000	28312999	6
chr16	28313000	28313999	17
chr16	28314000	28314999	4
chr16	28315000	28315999	0
chr16	28316000	28316999	16
chr16	28317000	28317999	10
chr16	28318000	28318999	3
chr16	28319000	28319999	3
chr16	28320000	28320999	10
chr16	28321000	28321999	11
chr16	28322000	28322999	20
chr16	28323000	28323999	1
chr16	28324000	28324999	5
chr16	28325000	28325999	7
chr16	28326000	28326999	12
chr16	28327000	28327999	24
chr16	28328000	28328999	9
chr16	28329000	28329999	4
chr16	28330000	28330999	2
chr16	28331000	28331999	0
chr16	28332000	28332999	20
chr16	28333000	28333999	0
chr16	28334000	28334999	0
chr16	28335000	28335999	6
chr16	28336000	28336999	6
chr16	28337000	28337999	30
chr16	28338000	28338999	3
chr16	28339000	28339999	0
chr16	28340000	28340999	0
chr16	28341000	28341999	14
chr16	28342000	28342999	0
chr16	28343000	28343999	8
chr16	28344000	28344999	8
chr16	28345000	28345999	4
chr16	28346000	28346999	11
chr16	28347000	28347999	13
chr16	28348000	28348999	0
chr16	28349000	28349999	3
chr16	28350000	28350999	6
chr16	28351000	28351999	2
chr16	28352000	28352999	22
chr16	28353000	28353999	7
chr16	28354000	28354999	14
chr16	28355000	28355999	0
chr16	28356000	28356999	2
chr16	28357000	28357999	11
chr16	28358000	28358999	24
chr16	28359000	28359999	0
chr16	28360000	28360999	11
chr16	28361000	28361999	20
chr16	28362000	28362999	12
chr16	28363000	28363999	22
chr16	28364000	28364999	8
chr16	28365000	28365999	14
chr16	28366000	28366999	4
chr16	28367000	28367999	12
chr16	28368000	28368999	2
chr16	28369000	28369999	8
chr16	28370000	28370999	12
chr16	28371000	28371999	12
chr16	28372000	28372999	12
chr16	28373000	28373999	7
chr16	28374000	28374999	6
chr16	28375000	28375999	9
chr16	28376000	28376999	2
chr16	28377000	28377999	14
chr16	28378000	28378999	11
chr16	28379000	28379999	0
chr16	28380000	28380999	5
chr16	28381000	28381999	7
chr16	28382000	28382999	4
chr16	28383000	28383999	0
chr16	28384000	28384999	0
chr16	28385000	28385999	0
chr16	28386000	28386999	18
chr16	28387000	28387999	5
chr16	28388000	28388999	0
chr16	28389000	28389999	21
chr16	28390000	28390999	15
chr16	28391000	28391999	12
chr16	28392000	28392999	11
chr16	28393000	28393999	35
chr16	28394000	28394999	5
chr16	28395000	28395999	6
chr16	28396000	28396999	23
chr16	28397000	28397999	0
chr16	28398000	28398999	0
chr16	28399000	28399999	0
chr16	28400000	28400999	0
chr16	28401000	28401999	16
chr16	28402000	28402999	9
chr16	28403000	28403999	22
chr16	28404000	28404999	13
chr16	28405000	28405999	0
chr16	28406000	28406999	0
chr16	28407000	28407999	1
chr16	28408000	28408999	5
chr16	28409000	28409999	2
chr16	28410000	28410999	0
chr16	28411000	28411999	6
chr16	28412000	28412999	0
chr16	28413000	28413999	7
chr16	28414000	28414999	0
chr16	28415000	28415999	11
chr16	28416000	28416999	9
chr16	28417000	28417999	4
chr16	28418000	28418999	20
chr16	28419000	28419999	0
chr16	28420000	28420999	0
chr16	28421000	28421999	16
chr16	28422000	28422999	11
chr16	28423000	28423999	7
chr16	28424000	28424999	12
chr16	28425000	28425999	32
chr16	28426000	28426999	9
chr16	28427000	28427999	11
chr16	28428000	28428999	10
chr16	28429000	28429999	3
chr16	28430000	28430999	0
chr16	28431000	28431999	11
chr16	28432000	28432999	53
chr16	28433000	28433999	2
chr16	28434000	28434999	0
chr16	28435000	28435999	4
chr16	28436000	28436999	0
chr16	28437000	28437999	3
chr16	28438000	28438999	17
chr16	28439000	28439999	13
chr16	28440000	28440999	11
chr16	28441000	28441999	1
chr16	28442000	28442999	22
chr16	28443000	28443999	12
chr16	28444000	28444999	0
chr16	28445000	28445999	10
chr16	28446000	28446999	7
chr16	28447000	28447999	8
chr16	28448000	28448999	0
chr16	28449000	28449999	6
chr16	28450000	28450999	9
chr16	28451000	28451999	14
chr16	28452000	28452999	0
chr16	28453000	28453999	4
chr16	28454000	28454999	30
chr16	28455000	28455999	4
chr16	28456000	28456999	10
chr16	28457000	28457999	0
chr16	28458000	28458999	9
chr16	28459000	28459999	0
chr16	28460000	28460999	6
chr16	28461000	28461999	1
chr16	28462000	28462999	1
chr16	28463000	28463999	7
chr16	28464000	28464999	17
chr16	28465000	28465999	1
chr16	28466000	28466999	3
chr16	28467000	28467999	9
chr16	28468000	28468999	19
chr16	28469000	28469999	2
chr16	28470000	28470999	14
chr16	28471000	28471999	20
chr16	28472000	28472999	18
chr16	28473000	28473999	12
chr16	28474000	28474999	14
chr16	28475000	28475999	12
chr16	28476000	28476999	2
chr16	28477000	28477999	23
chr16	28478000	28478999	18
chr16	28479000	28479999	14
chr16	28480000	28480999	12
chr16	28481000	28481999	7
chr16	28482000	28482999	3
chr16	28483000	28483999	0
chr16	28484000	28484999	14
chr16	28485000	28485999	9
chr16	28486000	28486999	6
chr16	28487000	28487999	7
chr16	28488000	28488999	21
chr16	28489000	28489999	13
chr16	28490000	28490999	21
chr16	28491000	28491999	18
chr16	28492000	28492999	12
chr16	28493000	28493999	14
chr16	28494000	28494999	18
chr16	28495000	28495999	13
chr16	28496000	28496999	0
chr16	28497000	28497999	2
chr16	28498000	28498999	0
chr16	28499000	28499999	0
chr16	28500000	28500999	0
chr16	28501000	28501999	0
chr16	28502000	28502999	0
chr16	28503000	28503999	0
chr16	28504000	28504999	0
chr16	28505000	28505999	0
chr16	28506000	28506999	0
chr16	28507000	28507999	8
chr16	28508000	28508999	0
chr16	28509000	28509999	7
chr16	28510000	28510999	0
chr16	28511000	28511999	3
chr16	28512000	28512999	16
chr16	28513000	28513999	0
chr16	28514000	28514999	0
chr16	28515000	28515999	10
chr16	28516000	28516999	10
chr16	28517000	28517999	15
chr16	28518000	28518999	39
chr16	28519000	28519999	0
chr16	28520000	28520999	17
chr16	28521000	28521999	11
chr16	28522000	28522999	0
chr16	28523000	28523999	2
chr16	28524000	28524999	3
chr16	28525000	28525999	7
chr16	28526000	28526999	8
chr16	28527000	28527999	0
chr16	28528000	28528999	18
chr16	28529000	28529999	9
chr16	28530000	28530999	1
chr16	28531000	28531999	9
chr16	28532000	28532999	0
chr16	28533000	28533999	12
chr16	28534000	28534999	14
chr16	28535000	28535999	0
chr16	28536000	28536999	0
chr16	28537000	28537999	19
chr16	28538000	28538999	18
chr16	28539000	28539999	6
chr16	28540000	28540999	4
chr16	28541000	28541999	4
chr16	28542000	28542999	12
chr16	28543000	28543999	19
chr16	28544000	28544999	21
chr16	28545000	28545999	6
chr16	28546000	28546999	12
chr16	28547000	28547999	12
chr16	28548000	28548999	26
chr16	28549000	28549999	3
chr16	28550000	28550999	36
chr16	28551000	28551999	0
chr16	28552000	28552999	13
chr16	28553000	28553999	0
chr16	28554000	28554999	11
chr16	28555000	28555999	16
chr16	28556000	28556999	36
chr16	28557000	28557999	0
chr16	28558000	28558999	20
chr16	28559000	28559999	8
chr16	28560000	28560999	0
chr16	28561000	28561999	3
chr16	28562000	28562999	7
chr16	28563000	28563999	7
chr16	28564000	28564999	1
chr16	28565000	28565999	2
chr16	28566000	28566999	19
chr16	28567000	28567999	8
chr16	28568000	28568999	0
chr16	28569000	28569999	2
chr16	28570000	28570999	16
chr16	28571000	28571999	27
chr16	28572000	28572999	8
chr16	28573000	28573999	15
chr16	28574000	28574999	3
chr16	28575000	28575999	0
chr16	28576000	28576999	12
chr16	28577000	28577999	13
chr16	28578000	28578999	0
chr16	28579000	28579999	3
chr16	28580000	28580999	11
chr16	28581000	28581999	24
chr16	28582000	28582999	7
chr16	28583000	28583999	2
chr16	28584000	28584999	0
chr16	28585000	28585999	1
chr16	28586000	28586999	19
chr16	28587000	28587999	4
chr16	28588000	28588999	12
chr16	28589000	28589999	14
chr16	28590000	28590999	14
chr16	28591000	28591999	0
chr16	28592000	28592999	0
chr16	28593000	28593999	20
chr16	28594000	28594999	22
chr16	28595000	28595999	17
chr16	28596000	28596999	11
chr16	28597000	28597999	25
chr16	28598000	28598999	10
chr16	28599000	28599999	10
chr16	28600000	28600999	4
chr16	28601000	28601999	0
chr16	28602000	28602999	11
chr16	28603000	28603999	10
chr16	28604000	28604999	0
chr16	28605000	28605999	11
chr16	28606000	28606999	49
chr16	28607000	28607999	3
chr16	28608000	28608999	1
chr16	28609000	28609999	7
chr16	28610000	28610999	42
chr16	28611000	28611999	16
chr16	28612000	28612999	28
chr16	28613000	28613999	16
chr16	28614000	28614999	22
chr16	28615000	28615999	23
chr16	28616000	28616999	6
chr16	28617000	28617999	11
chr16	28618000	28618999	0
chr16	28619000	28619999	10
chr16	28620000	28620999	11
chr16	28621000	28621999	1
chr16	28622000	28622999	0
chr16	28623000	28623999	13
chr16	28624000	28624999	3
chr16	28625000	28625999	64
chr16	28626000	28626999	29
chr16	28627000	28627999	5
chr16	28628000	28628999	0
chr16	28629000	28629999	2
chr16	28630000	28630999	8
chr16	28631000	28631999	25
chr16	28632000	28632999	13
chr16	28633000	28633999	10
chr16	28634000	28634999	0
chr16	28635000	28635999	25
chr16	28636000	28636999	6
chr16	28637000	28637999	13
chr16	28638000	28638999	0
chr16	28639000	28639999	13
chr16	28640000	28640999	30
chr16	28641000	28641999	2
chr16	28642000	28642999	0
chr16	28643000	28643999	0
chr16	28644000	28644999	15
chr16	28645000	28645999	17
chr16	28646000	28646999	0
chr16	28647000	28647999	6
chr16	28648000	28648999	16
chr16	28649000	28649999	23
chr16	28650000	28650999	19
chr16	28651000	28651999	13
chr16	28652000	28652999	0
chr16	28653000	28653999	0
chr16	28654000	28654999	0
chr16	28655000	28655999	0
chr16	28656000	28656999	7
chr16	28657000	28657999	2
chr16	28658000	28658999	18
chr16	28659000	28659999	0
chr16	28660000	28660999	0
chr16	28661000	28661999	18
chr16	28662000	28662999	1
chr16	28663000	28663999	6
chr16	28664000	28664999	0
chr16	28665000	28665999	0
chr16	28666000	28666999	3
chr16	28667000	28667999	1
chr16	28668000	28668999	7
chr16	28669000	28669999	25
chr16	28670000	28670999	10
chr16	28671000	28671999	22
chr16	28672000	28672999	0
chr16	28673000	28673999	7
chr16	28674000	28674999	4
chr16	28675000	28675999	8
chr16	28676000	28676999	19
chr16	28677000	28677999	17
chr16	28678000	28678999	16
chr16	28679000	28679999	27
chr16	28680000	28680999	0
chr16	28681000	28681999	16
chr16	28682000	28682999	2
chr16	28683000	28683999	9
chr16	28684000	28684999	29
chr16	28685000	28685999	6
chr16	28686000	28686999	6
chr16	28687000	28687999	4
chr16	28688000	28688999	2
chr16	28689000	28689999	13
chr16	28690000	28690999	0
chr16	28691000	28691999	2
chr16	28692000	28692999	15
chr16	28693000	28693999	17
chr16	28694000	28694999	4
chr16	28695000	28695999	6
chr16	28696000	28696999	0
chr16	28697000	28697999	12
chr16	28698000	28698999	0
chr16	28699000	28699999	6
chr16	28700000	28700999	11
chr16	28701000	28701999	6
chr16	28702000	28702999	3
chr16	28703000	28703999	0
chr16	28704000	28704999	15
chr16	28705000	28705999	15
chr16	28706000	28706999	4
chr16	28707000	28707999	3
chr16	28708000	28708999	0
chr16	28709000	28709999	18
chr16	28710000	28710999	19
chr16	28711000	28711999	0
chr16	28712000	28712999	7
chr16	28713000	28713999	7
chr16	28714000	28714999	0
chr16	28715000	28715999	26
chr16	28716000	28716999	0
chr16	28717000	28717999	3
chr16	28718000	28718999	6
chr16	28719000	28719999	28
chr16	28720000	28720999	15
chr16	28721000	28721999	14
chr16	28722000	28722999	4
chr16	28723000	28723999	16
chr16	28724000	28724999	6
chr16	28725000	28725999	15
chr16	28726000	28726999	34
chr16	28727000	28727999	8
chr16	28728000	28728999	1
chr16	28729000	28729999	15
chr16	28730000	28730999	7
chr16	28731000	28731999	5
chr16	28732000	28732999	5
chr16	28733000	28733999	13
chr16	28734000	28734999	1
chr16	28735000	28735999	27
chr16	28736000	28736999	4
chr16	28737000	28737999	0
chr16	28738000	28738999	12
chr16	28739000	28739999	0
chr16	28740000	28740999	10
chr16	28741000	28741999	11
chr16	28742000	28742999	4
chr16	28743000	28743999	20
chr16	28744000	28744999	3
chr16	28745000	28745999	3
chr16	28746000	28746999	40
chr16	28747000	28747999	16
chr16	28748000	28748999	0
chr16	28749000	28749999	9
chr16	28750000	28750999	9
chr16	28751000	28751999	7
chr16	28752000	28752999	25
chr16	28753000	28753999	7
chr16	28754000	28754999	0
chr16	28755000	28755999	13
chr16	28756000	28756999	27
chr16	28757000	28757999	2
chr16	28758000	28758999	2
chr16	28759000	28759999	20
chr16	28760000	28760999	9
chr16	28761000	28761999	6
chr16	28762000	28762999	4
chr16	28763000	28763999	0
chr16	28764000	28764999	15
chr16	28765000	28765999	16
chr16	28766000	28766999	1
chr16	28767000	28767999	13
chr16	28768000	28768999	6
chr16	28769000	28769999	3
chr16	28770000	28770999	11
chr16	28771000	28771999	22
chr16	28772000	28772999	6
chr16	28773000	28773999	0
chr16	28774000	28774999	7
chr16	28775000	28775999	4
chr16	28776000	28776999	19
chr16	28777000	28777999	8
chr16	28778000	28778999	21
chr16	28779000	28779999	13
chr16	28780000	28780999	10
chr16	28781000	28781999	2
chr16	28782000	28782999	2
chr16	28783000	28783999	3
chr16	28784000	28784999	3
chr16	28785000	28785999	7
chr16	28786000	28786999	9
chr16	28787000	28787999	7
chr16	28788000	28788999	1
chr16	28789000	28789999	1
chr16	28790000	28790999	7
chr16	28791000	28791999	0
chr16	28792000	28792999	10
chr16	28793000	28793999	3
chr16	28794000	28794999	4
chr16	28795000	28795999	11
chr16	28796000	28796999	18
chr16	28797000	28797999	20
chr16	28798000	28798999	8
chr16	28799000	28799999	6
chr16	28800000	28800999	15
chr16	28801000	28801999	20
chr16	28802000	28802999	1
chr16	28803000	28803999	15
chr16	28804000	28804999	6
chr16	28805000	28805999	19
chr16	28806000	28806999	6
chr16	28807000	28807999	27
chr16	28808000	28808999	0
chr16	28809000	28809999	5
chr16	28810000	28810999	0
chr16	28811000	28811999	0
chr16	28812000	28812999	0
chr16	28813000	28813999	10
chr16	28814000	28814999	17
chr16	28815000	28815999	24
chr16	28816000	28816999	7
chr16	28817000	28817999	14
chr16	28818000	28818999	12
chr16	28819000	28819999	10
chr16	28820000	28820999	11
chr16	28821000	28821999	13
chr16	28822000	28822999	29
chr16	28823000	28823999	19
chr16	28824000	28824999	10
chr16	28825000	28825999	9
chr16	28826000	28826999	17
chr16	28827000	28827999	7
chr16	28828000	28828999	7
chr16	28829000	28829999	6
chr16	28830000	28830999	14
chr16	28831000	28831999	4
chr16	28832000	28832999	1
chr16	28833000	28833999	8
chr16	28834000	28834999	0
chr16	28835000	28835999	18
chr16	28836000	28836999	5
chr16	28837000	28837999	26
chr16	28838000	28838999	41
chr16	28839000	28839999	7
chr16	28840000	28840999	24
chr16	28841000	28841999	11
chr16	28842000	28842999	1
chr16	28843000	28843999	12
chr16	28844000	28844999	4
chr16	28845000	28845999	16
chr16	28846000	28846999	9
chr16	28847000	28847999	13
chr16	28848000	28848999	1
chr16	28849000	28849999	15
chr16	28850000	28850999	11
chr16	28851000	28851999	33
chr16	28852000	28852999	20
chr16	28853000	28853999	20
chr16	28854000	28854999	4
chr16	28855000	28855999	2
chr16	28856000	28856999	0
chr16	28857000	28857999	0
chr16	28858000	28858999	37
chr16	28859000	28859999	26
chr16	28860000	28860999	0
chr16	28861000	28861999	10
chr16	28862000	28862999	0
chr16	28863000	28863999	6
chr16	28864000	28864999	4
chr16	28865000	28865999	0
chr16	28866000	28866999	4
chr16	28867000	28867999	0
chr16	28868000	28868999	12
chr16	28869000	28869999	12
chr16	28870000	28870999	33
chr16	28871000	28871999	42
chr16	28872000	28872999	2
chr16	28873000	28873999	8
chr16	28874000	28874999	0
chr16	28875000	28875999	9
chr16	28876000	28876999	7
chr16	28877000	28877999	0
chr16	28878000	28878999	24
chr16	28879000	28879999	11
chr16	28880000	28880999	12
chr16	28881000	28881999	10
chr16	28882000	28882999	10
chr16	28883000	28883999	9
chr16	28884000	28884999	1
chr16	28885000	28885999	2
chr16	28886000	28886999	3
chr16	28887000	28887999	6
chr16	28888000	28888999	0
chr16	28889000	28889999	0
chr16	28890000	28890999	6
chr16	28891000	28891999	4
chr16	28892000	28892999	10
chr16	28893000	28893999	13
chr16	28894000	28894999	2
chr16	28895000	28895999	12
chr16	28896000	28896999	8
chr16	28897000	28897999	18
chr16	28898000	28898999	43
chr16	28899000	28899999	2
chr16	28900000	28900999	5
chr16	28901000	28901999	18
chr16	28902000	28902999	1
chr16	28903000	28903999	14
chr16	28904000	28904999	18
chr16	28905000	28905999	11
chr16	28906000	28906999	11
chr16	28907000	28907999	6
chr16	28908000	28908999	9
chr16	28909000	28909999	5
chr16	28910000	28910999	33
chr16	28911000	28911999	147
chr16	28912000	28912999	13
chr16	28913000	28913999	30
chr16	28914000	28914999	13
chr16	28915000	28915999	16
chr16	28916000	28916999	8
chr16	28917000	28917999	13
chr16	28918000	28918999	2
chr16	28919000	28919999	3
chr16	28920000	28920999	9
chr16	28921000	28921999	16
chr16	28922000	28922999	8
chr16	28923000	28923999	13
chr16	28924000	28924999	22
chr16	28925000	28925999	5
chr16	28926000	28926999	5
chr16	28927000	28927999	2
chr16	28928000	28928999	49
chr16	28929000	28929999	56
chr16	28930000	28930999	48
chr16	28931000	28931999	36
chr16	28932000	28932999	7
chr16	28933000	28933999	9
chr16	28934000	28934999	16
chr16	28935000	28935999	11
chr16	28936000	28936999	11
chr16	28937000	28937999	1
chr16	28938000	28938999	35
chr16	28939000	28939999	12
chr16	28940000	28940999	26
chr16	28941000	28941999	0
chr16	28942000	28942999	17
chr16	28943000	28943999	4
chr16	28944000	28944999	4
chr16	28945000	28945999	16
chr16	28946000	28946999	12
chr16	28947000	28947999	2
chr16	28948000	28948999	0
chr16	28949000	28949999	0
chr16	28950000	28950999	3
chr16	28951000	28951999	0
chr16	28952000	28952999	19
chr16	28953000	28953999	12
chr16	28954000	28954999	4
chr16	28955000	28955999	12
chr16	28956000	28956999	5
chr16	28957000	28957999	5
chr16	28958000	28958999	7
chr16	28959000	28959999	13
chr16	28960000	28960999	0
chr16	28961000	28961999	0
chr16	28962000	28962999	5
chr16	28963000	28963999	1
chr16	28964000	28964999	16
chr16	28965000	28965999	20
chr16	28966000	28966999	1
chr16	28967000	28967999	1
chr16	28968000	28968999	10
chr16	28969000	28969999	17
chr16	28970000	28970999	0
chr16	28971000	28971999	6
chr16	28972000	28972999	13
chr16	28973000	28973999	0
chr16	28974000	28974999	7
chr16	28975000	28975999	0
chr16	28976000	28976999	0
chr16	28977000	28977999	10
chr16	28978000	28978999	9
chr16	28979000	28979999	13
chr16	28980000	28980999	6
chr16	28981000	28981999	3
chr16	28982000	28982999	25
chr16	28983000	28983999	4
chr16	28984000	28984999	25
chr16	28985000	28985999	57
chr16	28986000	28986999	0
chr16	28987000	28987999	29
chr16	28988000	28988999	21
chr16	28989000	28989999	27
chr16	28990000	28990999	2
chr16	28991000	28991999	12
chr16	28992000	28992999	5
chr16	28993000	28993999	15
chr16	28994000	28994999	19
chr16	28995000	28995999	10
chr16	28996000	28996999	4
chr16	28997000	28997999	33
chr16	28998000	28998999	8
chr16	28999000	28999999	100
chr16	29000000	29000999	14
chr16	29001000	29001999	44
chr16	29002000	29002999	0
chr16	29003000	29003999	47
chr16	29004000	29004999	19
chr16	29005000	29005999	15
chr16	29006000	29006999	45
chr16	29007000	29007999	12
chr16	29008000	29008999	0
chr16	29009000	29009999	6
chr16	29010000	29010999	8
chr16	29011000	29011999	10
chr16	29012000	29012999	1
chr16	29013000	29013999	2
chr16	29014000	29014999	0
chr16	29015000	29015999	9
chr16	29016000	29016999	8
chr16	29017000	29017999	20
chr16	29018000	29018999	9
chr16	29019000	29019999	10
chr16	29020000	29020999	2
chr16	29021000	29021999	0
chr16	29022000	29022999	21
chr16	29023000	29023999	5
chr16	29024000	29024999	5
chr16	29025000	29025999	16
chr16	29026000	29026999	1
chr16	29027000	29027999	9
chr16	29028000	29028999	2
chr16	29029000	29029999	16
chr16	29030000	29030999	25
chr16	29031000	29031999	8
chr16	29032000	29032999	17
chr16	29033000	29033999	20
chr16	29034000	29034999	3
chr16	29035000	29035999	7
chr16	29036000	29036999	11
chr16	29037000	29037999	14
chr16	29038000	29038999	2
chr16	29039000	29039999	13
chr16	29040000	29040999	24
chr16	29041000	29041999	0
chr16	29042000	29042999	18
chr16	29043000	29043999	0
chr16	29044000	29044999	2
chr16	29045000	29045999	16
chr16	29046000	29046999	18
chr16	29047000	29047999	4
chr16	29048000	29048999	25
chr16	29049000	29049999	14
chr16	29050000	29050999	8
chr16	29051000	29051999	6
chr16	29052000	29052999	4
chr16	29053000	29053999	10
chr16	29054000	29054999	19
chr16	29055000	29055999	0
chr16	29056000	29056999	1
chr16	29057000	29057999	5
chr16	29058000	29058999	20
chr16	29059000	29059999	10
chr16	29060000	29060999	5
chr16	29061000	29061999	0
chr16	29062000	29062999	2
chr16	29063000	29063999	16
chr16	29064000	29064999	0
chr16	29065000	29065999	8
chr16	29066000	29066999	7
chr16	29067000	29067999	19
chr16	29068000	29068999	3
chr16	29069000	29069999	3
chr16	29070000	29070999	11
chr16	29071000	29071999	12
chr16	29072000	29072999	33
chr16	29073000	29073999	0
chr16	29074000	29074999	24
chr16	29075000	29075999	15
chr16	29076000	29076999	0
chr16	29077000	29077999	0
chr16	29078000	29078999	0
chr16	29079000	29079999	0
chr16	29080000	29080999	0
chr16	29081000	29081999	0
chr16	29082000	29082999	5
chr16	29083000	29083999	7
chr16	29084000	29084999	2
chr16	29085000	29085999	10
chr16	29086000	29086999	3
chr16	29087000	29087999	7
chr16	29088000	29088999	0
chr16	29089000	29089999	3
chr16	29090000	29090999	31
chr16	29091000	29091999	6
chr16	29092000	29092999	0
chr16	29093000	29093999	0
chr16	29094000	29094999	2
chr16	29095000	29095999	0
chr16	29096000	29096999	11
chr16	29097000	29097999	8
chr16	29098000	29098999	27
chr16	29099000	29099999	3
chr16	29100000	29100999	1
chr16	29101000	29101999	0
chr16	29102000	29102999	6
chr16	29103000	29103999	0
chr16	29104000	29104999	8
chr16	29105000	29105999	0
chr16	29106000	29106999	0
chr16	29107000	29107999	0
chr16	29108000	29108999	9
chr16	29109000	29109999	0
chr16	29110000	29110999	9
chr16	29111000	29111999	14
chr16	29112000	29112999	11
chr16	29113000	29113999	9
chr16	29114000	29114999	7
chr16	29115000	29115999	31
chr16	29116000	29116999	6
chr16	29117000	29117999	11
chr16	29118000	29118999	0
chr16	29119000	29119999	28
chr16	29120000	29120999	0
chr16	29121000	29121999	8
chr16	29122000	29122999	0
chr16	29123000	29123999	3
chr16	29124000	29124999	15
chr16	29125000	29125999	16
chr16	29126000	29126999	5
chr16	29127000	29127999	9
chr16	29128000	29128999	0
chr16	29129000	29129999	7
chr16	29130000	29130999	0
chr16	29131000	29131999	12
chr16	29132000	29132999	6
chr16	29133000	29133999	22
chr16	29134000	29134999	21
chr16	29135000	29135999	7
chr16	29136000	29136999	2
chr16	29137000	29137999	0
chr16	29138000	29138999	11
chr16	29139000	29139999	8
chr16	29140000	29140999	11
chr16	29141000	29141999	2
chr16	29142000	29142999	1
chr16	29143000	29143999	12
chr16	29144000	29144999	6
chr16	29145000	29145999	25
chr16	29146000	29146999	6
chr16	29147000	29147999	6
chr16	29148000	29148999	0
chr16	29149000	29149999	13
chr16	29150000	29150999	4
chr16	29151000	29151999	11
chr16	29152000	29152999	9
chr16	29153000	29153999	12
chr16	29154000	29154999	15
chr16	29155000	29155999	20
chr16	29156000	29156999	4
chr16	29157000	29157999	2
chr16	29158000	29158999	11
chr16	29159000	29159999	11
chr16	29160000	29160999	0
chr16	29161000	29161999	6
chr16	29162000	29162999	12
chr16	29163000	29163999	13
chr16	29164000	29164999	24
chr16	29165000	29165999	7
chr16	29166000	29166999	26
chr16	29167000	29167999	10
chr16	29168000	29168999	7
chr16	29169000	29169999	5
chr16	29170000	29170999	0
chr16	29171000	29171999	0
chr16	29172000	29172999	37
chr16	29173000	29173999	12
chr16	29174000	29174999	16
chr16	29175000	29175999	33
chr16	29176000	29176999	1
chr16	29177000	29177999	1
chr16	29178000	29178999	4
chr16	29179000	29179999	2
chr16	29180000	29180999	14
chr16	29181000	29181999	2
chr16	29182000	29182999	0
chr16	29183000	29183999	8
chr16	29184000	29184999	10
chr16	29185000	29185999	12
chr16	29186000	29186999	11
chr16	29187000	29187999	0
chr16	29188000	29188999	6
chr16	29189000	29189999	11
chr16	29190000	29190999	5
chr16	29191000	29191999	9
chr16	29192000	29192999	23
chr16	29193000	29193999	17
chr16	29194000	29194999	8
chr16	29195000	29195999	31
chr16	29196000	29196999	10
chr16	29197000	29197999	2
chr16	29198000	29198999	17
chr16	29199000	29199999	13
chr16	29200000	29200999	10
chr16	29201000	29201999	17
chr16	29202000	29202999	9
chr16	29203000	29203999	2
chr16	29204000	29204999	0
chr16	29205000	29205999	17
chr16	29206000	29206999	21
chr16	29207000	29207999	9
chr16	29208000	29208999	40
chr16	29209000	29209999	12
chr16	29210000	29210999	26
chr16	29211000	29211999	12
chr16	29212000	29212999	28
chr16	29213000	29213999	0
chr16	29214000	29214999	0
chr16	29215000	29215999	5
chr16	29216000	29216999	11
chr16	29217000	29217999	0
chr16	29218000	29218999	0
chr16	29219000	29219999	7
chr16	29220000	29220999	1
chr16	29221000	29221999	13
chr16	29222000	29222999	41
chr16	29223000	29223999	0
chr16	29224000	29224999	15
chr16	29225000	29225999	16
chr16	29226000	29226999	0
chr16	29227000	29227999	0
chr16	29228000	29228999	3
chr16	29229000	29229999	0
chr16	29230000	29230999	12
chr16	29231000	29231999	0
chr16	29232000	29232999	0
chr16	29233000	29233999	9
chr16	29234000	29234999	2
chr16	29235000	29235999	14
chr16	29236000	29236999	33
chr16	29237000	29237999	2
chr16	29238000	29238999	9
chr16	29239000	29239999	10
chr16	29240000	29240999	18
chr16	29241000	29241999	3
chr16	29242000	29242999	0
chr16	29243000	29243999	0
chr16	29244000	29244999	14
chr16	29245000	29245999	15
chr16	29246000	29246999	27
chr16	29247000	29247999	17
chr16	29248000	29248999	0
chr16	29249000	29249999	0
chr16	29250000	29250999	18
chr16	29251000	29251999	4
chr16	29252000	29252999	8
chr16	29253000	29253999	11
chr16	29254000	29254999	13
chr16	29255000	29255999	11
chr16	29256000	29256999	0
chr16	29257000	29257999	24
chr16	29258000	29258999	25
chr16	29259000	29259999	0
chr16	29260000	29260999	0
chr16	29261000	29261999	6
chr16	29262000	29262999	10
chr16	29263000	29263999	19
chr16	29264000	29264999	9
chr16	29265000	29265999	0
chr16	29266000	29266999	0
chr16	29267000	29267999	5
chr16	29268000	29268999	0
chr16	29269000	29269999	0
chr16	29270000	29270999	0
chr16	29271000	29271999	0
chr16	29272000	29272999	0
chr16	29273000	29273999	2
chr16	29274000	29274999	19
chr16	29275000	29275999	18
chr16	29276000	29276999	10
chr16	29277000	29277999	6
chr16	29278000	29278999	8
chr16	29279000	29279999	22
chr16	29280000	29280999	12
chr16	29281000	29281999	5
chr16	29282000	29282999	1
chr16	29283000	29283999	14
chr16	29284000	29284999	4
chr16	29285000	29285999	0
chr16	29286000	29286999	0
chr16	29287000	29287999	0
chr16	29288000	29288999	2
chr16	29289000	29289999	4
chr16	29290000	29290999	0
chr16	29291000	29291999	0
chr16	29292000	29292999	10
chr16	29293000	29293999	26
chr16	29294000	29294999	25
chr16	29295000	29295999	17
chr16	29296000	29296999	15
chr16	29297000	29297999	36
chr16	29298000	29298999	6
chr16	29299000	29299999	33
chr16	29300000	29300999	0
chr16	29301000	29301999	22
chr16	29302000	29302999	23
chr16	29303000	29303999	0
chr16	29304000	29304999	1
chr16	29305000	29305999	14
chr16	29306000	29306999	0
chr16	29307000	29307999	4
chr16	29308000	29308999	0
chr16	29309000	29309999	12
chr16	29310000	29310999	21
chr16	29311000	29311999	5
chr16	29312000	29312999	11
chr16	29313000	29313999	16
chr16	29314000	29314999	4
chr16	29315000	29315999	38
chr16	29316000	29316999	30
chr16	29317000	29317999	14
chr16	29318000	29318999	2
chr16	29319000	29319999	16
chr16	29320000	29320999	0
chr16	29321000	29321999	8
chr16	29322000	29322999	8
chr16	29323000	29323999	5
chr16	29324000	29324999	12
chr16	29325000	29325999	18
chr16	29326000	29326999	7
chr16	29327000	29327999	0
chr16	29328000	29328999	27
chr16	29329000	29329999	20
chr16	29330000	29330999	8
chr16	29331000	29331999	0
chr16	29332000	29332999	5
chr16	29333000	29333999	6
chr16	29334000	29334999	3
chr16	29335000	29335999	11
chr16	29336000	29336999	38
chr16	29337000	29337999	0
chr16	29338000	29338999	1
chr16	29339000	29339999	12
chr16	29340000	29340999	7
chr16	29341000	29341999	16
chr16	29342000	29342999	5
chr16	29343000	29343999	10
chr16	29344000	29344999	14
chr16	29345000	29345999	54
chr16	29346000	29346999	2
chr16	29347000	29347999	21
chr16	29348000	29348999	3
chr16	29349000	29349999	3
chr16	29350000	29350999	24
chr16	29351000	29351999	8
chr16	29352000	29352999	3
chr16	29353000	29353999	8
chr16	29354000	29354999	13
chr16	29355000	29355999	11
chr16	29356000	29356999	11
chr16	29357000	29357999	0
chr16	29358000	29358999	19
chr16	29359000	29359999	8
chr16	29360000	29360999	6
chr16	29361000	29361999	7
chr16	29362000	29362999	0
chr16	29363000	29363999	0
chr16	29364000	29364999	8
chr16	29365000	29365999	12
chr16	29366000	29366999	9
chr16	29367000	29367999	7
chr16	29368000	29368999	14
chr16	29369000	29369999	2
chr16	29370000	29370999	25
chr16	29371000	29371999	2
chr16	29372000	29372999	3
chr16	29373000	29373999	16
chr16	29374000	29374999	6
chr16	29375000	29375999	25
chr16	29376000	29376999	33
chr16	29377000	29377999	18
chr16	29378000	29378999	16
chr16	29379000	29379999	9
chr16	29380000	29380999	0
chr16	29381000	29381999	3
chr16	29382000	29382999	16
chr16	29383000	29383999	14
chr16	29384000	29384999	1
chr16	29385000	29385999	10
chr16	29386000	29386999	1
chr16	29387000	29387999	21
chr16	29388000	29388999	19
chr16	29389000	29389999	17
chr16	29390000	29390999	12
chr16	29391000	29391999	13
chr16	29392000	29392999	61
chr16	29393000	29393999	25
chr16	29394000	29394999	10
chr16	29395000	29395999	8
chr16	29396000	29396999	2
chr16	29397000	29397999	19
chr16	29398000	29398999	9
chr16	29399000	29399999	10
chr16	29400000	29400999	0
chr16	29401000	29401999	18
chr16	29402000	29402999	7
chr16	29403000	29403999	19
chr16	29404000	29404999	2
chr16	29405000	29405999	10
chr16	29406000	29406999	15
chr16	29407000	29407999	10
chr16	29408000	29408999	0
chr16	29409000	29409999	13
chr16	29410000	29410999	8
chr16	29411000	29411999	14
chr16	29412000	29412999	8
chr16	29413000	29413999	4
chr16	29414000	29414999	9
chr16	29415000	29415999	24
chr16	29416000	29416999	1
chr16	29417000	29417999	34
chr16	29418000	29418999	7
chr16	29419000	29419999	27
chr16	29420000	29420999	5
chr16	29421000	29421999	9
chr16	29422000	29422999	0
chr16	29423000	29423999	16
chr16	29424000	29424999	0
chr16	29425000	29425999	0
chr16	29426000	29426999	0
chr16	29427000	29427999	0
chr16	29428000	29428999	0
chr16	29429000	29429999	0
chr16	29430000	29430999	0
chr16	29431000	29431999	4
chr16	29432000	29432999	1
chr16	29433000	29433999	9
chr16	29434000	29434999	13
chr16	29435000	29435999	13
chr16	29436000	29436999	0
chr16	29437000	29437999	34
chr16	29438000	29438999	12
chr16	29439000	29439999	3
chr16	29440000	29440999	24
chr16	29441000	29441999	27
chr16	29442000	29442999	7
chr16	29443000	29443999	0
chr16	29444000	29444999	0
chr16	29445000	29445999	0
chr16	29446000	29446999	0
chr16	29447000	29447999	0
chr16	29448000	29448999	0
chr16	29449000	29449999	11
chr16	29450000	29450999	18
chr16	29451000	29451999	46
chr16	29452000	29452999	59
chr16	29453000	29453999	37
chr16	29454000	29454999	37
chr16	29455000	29455999	24
chr16	29456000	29456999	6
chr16	29457000	29457999	0
chr16	29458000	29458999	10
chr16	29459000	29459999	0
chr16	29460000	29460999	20
chr16	29461000	29461999	0
chr16	29462000	29462999	43
chr16	29463000	29463999	14
chr16	29464000	29464999	3
chr16	29465000	29465999	0
chr16	29466000	29466999	7
chr16	29467000	29467999	47
chr16	29468000	29468999	0
chr16	29469000	29469999	35
chr16	29470000	29470999	5
chr16	29471000	29471999	49
chr16	29472000	29472999	20
chr16	29473000	29473999	15
chr16	29474000	29474999	45
chr16	29475000	29475999	0
chr16	29476000	29476999	5
chr16	29477000	29477999	1
chr16	29478000	29478999	1
chr16	29479000	29479999	23
chr16	29480000	29480999	15
chr16	29481000	29481999	19
chr16	29482000	29482999	41
chr16	29483000	29483999	76
chr16	29484000	29484999	10
chr16	29485000	29485999	48
chr16	29486000	29486999	2
chr16	29487000	29487999	6
chr16	29488000	29488999	11
chr16	29489000	29489999	4
chr16	29490000	29490999	58
chr16	29491000	29491999	43
chr16	29492000	29492999	21
chr16	29493000	29493999	15
chr16	29494000	29494999	10
chr16	29495000	29495999	32
chr16	29496000	29496999	25
chr16	29497000	29497999	12
chr16	29498000	29498999	7
chr16	29499000	29499999	10
chr16	29500000	29500999	26
chr16	29501000	29501999	6
chr16	29502000	29502999	15
chr16	29503000	29503999	2
chr16	29504000	29504999	63
chr16	29505000	29505999	34
chr16	29506000	29506999	37
chr16	29507000	29507999	8
chr16	29508000	29508999	4
chr16	29509000	29509999	15
chr16	29510000	29510999	7
chr16	29511000	29511999	7
chr16	29512000	29512999	13
chr16	29513000	29513999	21
chr16	29514000	29514999	5
chr16	29515000	29515999	24
chr16	29516000	29516999	1
chr16	29517000	29517999	0
chr16	29518000	29518999	0
chr16	29519000	29519999	0
chr16	29520000	29520999	0
chr16	29521000	29521999	0
chr16	29522000	29522999	0
chr16	29523000	29523999	0
chr16	29524000	29524999	44
chr16	29525000	29525999	26
chr16	29526000	29526999	17
chr16	29527000	29527999	41
chr16	29528000	29528999	16
chr16	29529000	29529999	30
chr16	29530000	29530999	4
chr16	29531000	29531999	5
chr16	29532000	29532999	19
chr16	29533000	29533999	17
chr16	29534000	29534999	17
chr16	29535000	29535999	51
chr16	29536000	29536999	105
chr16	29537000	29537999	6
chr16	29538000	29538999	10
chr16	29539000	29539999	39
chr16	29540000	29540999	76
chr16	29541000	29541999	31
chr16	29542000	29542999	45
chr16	29543000	29543999	0
chr16	29544000	29544999	44
chr16	29545000	29545999	18
chr16	29546000	29546999	42
chr16	29547000	29547999	38
chr16	29548000	29548999	26
chr16	29549000	29549999	8
chr16	29550000	29550999	7
chr16	29551000	29551999	0
chr16	29552000	29552999	27
chr16	29553000	29553999	2
chr16	29554000	29554999	6
chr16	29555000	29555999	0
chr16	29556000	29556999	23
chr16	29557000	29557999	14
chr16	29558000	29558999	4
chr16	29559000	29559999	27
chr16	29560000	29560999	170
chr16	29561000	29561999	22
chr16	29562000	29562999	14
chr16	29563000	29563999	9
chr16	29564000	29564999	9
chr16	29565000	29565999	2
chr16	29566000	29566999	24
chr16	29567000	29567999	2
chr16	29568000	29568999	10
chr16	29569000	29569999	5
chr16	29570000	29570999	0
chr16	29571000	29571999	22
chr16	29572000	29572999	4
chr16	29573000	29573999	0
chr16	29574000	29574999	7
chr16	29575000	29575999	4
chr16	29576000	29576999	13
chr16	29577000	29577999	0
chr16	29578000	29578999	16
chr16	29579000	29579999	55
chr16	29580000	29580999	0
chr16	29581000	29581999	3
chr16	29582000	29582999	0
chr16	29583000	29583999	0
chr16	29584000	29584999	0
chr16	29585000	29585999	8
chr16	29586000	29586999	0
chr16	29587000	29587999	14
chr16	29588000	29588999	29
chr16	29589000	29589999	5
chr16	29590000	29590999	1
chr16	29591000	29591999	9
chr16	29592000	29592999	4
chr16	29593000	29593999	18
chr16	29594000	29594999	0
chr16	29595000	29595999	19
chr16	29596000	29596999	15
chr16	29597000	29597999	13
chr16	29598000	29598999	7
chr16	29599000	29599999	17
chr16	29600000	29600999	18
chr16	29601000	29601999	12
chr16	29602000	29602999	10
chr16	29603000	29603999	21
chr16	29604000	29604999	14
chr16	29605000	29605999	0
chr16	29606000	29606999	0
chr16	29607000	29607999	9
chr16	29608000	29608999	2
chr16	29609000	29609999	10
chr16	29610000	29610999	6
chr16	29611000	29611999	8
chr16	29612000	29612999	6
chr16	29613000	29613999	6
chr16	29614000	29614999	8
chr16	29615000	29615999	2
chr16	29616000	29616999	7
chr16	29617000	29617999	7
chr16	29618000	29618999	8
chr16	29619000	29619999	0
chr16	29620000	29620999	3
chr16	29621000	29621999	9
chr16	29622000	29622999	11
chr16	29623000	29623999	9
chr16	29624000	29624999	0
chr16	29625000	29625999	15
chr16	29626000	29626999	9
chr16	29627000	29627999	0
chr16	29628000	29628999	10
chr16	29629000	29629999	24
chr16	29630000	29630999	1
chr16	29631000	29631999	47
chr16	29632000	29632999	18
chr16	29633000	29633999	7
chr16	29634000	29634999	18
chr16	29635000	29635999	8
chr16	29636000	29636999	13
chr16	29637000	29637999	26
chr16	29638000	29638999	5
chr16	29639000	29639999	8
chr16	29640000	29640999	4
chr16	29641000	29641999	22
chr16	29642000	29642999	1
chr16	29643000	29643999	8
chr16	29644000	29644999	0
chr16	29645000	29645999	0
chr16	29646000	29646999	6
chr16	29647000	29647999	13
chr16	29648000	29648999	18
chr16	29649000	29649999	0
chr16	29650000	29650999	6
chr16	29651000	29651999	9
chr16	29652000	29652999	0
chr16	29653000	29653999	34
chr16	29654000	29654999	28
chr16	29655000	29655999	15
chr16	29656000	29656999	8
chr16	29657000	29657999	9
chr16	29658000	29658999	8
chr16	29659000	29659999	13
chr16	29660000	29660999	13
chr16	29661000	29661999	17
chr16	29662000	29662999	7
chr16	29663000	29663999	3
chr16	29664000	29664999	11
chr16	29665000	29665999	0
chr16	29666000	29666999	16
chr16	29667000	29667999	24
chr16	29668000	29668999	11
chr16	29669000	29669999	5
chr16	29670000	29670999	15
chr16	29671000	29671999	19
chr16	29672000	29672999	23
chr16	29673000	29673999	3
chr16	29674000	29674999	9
chr16	29675000	29675999	7
chr16	29676000	29676999	22
chr16	29677000	29677999	23
chr16	29678000	29678999	24
chr16	29679000	29679999	4
chr16	29680000	29680999	3
chr16	29681000	29681999	19
chr16	29682000	29682999	6
chr16	29683000	29683999	36
chr16	29684000	29684999	38
chr16	29685000	29685999	17
chr16	29686000	29686999	4
chr16	29687000	29687999	3
chr16	29688000	29688999	1
chr16	29689000	29689999	6
chr16	29690000	29690999	5
chr16	29691000	29691999	4
chr16	29692000	29692999	0
chr16	29693000	29693999	9
chr16	29694000	29694999	28
chr16	29695000	29695999	10
chr16	29696000	29696999	13
chr16	29697000	29697999	0
chr16	29698000	29698999	8
chr16	29699000	29699999	0
chr16	29700000	29700999	3
chr16	29701000	29701999	7
chr16	29702000	29702999	0
chr16	29703000	29703999	3
chr16	29704000	29704999	7
chr16	29705000	29705999	35
chr16	29706000	29706999	6
chr16	29707000	29707999	0
chr16	29708000	29708999	0
chr16	29709000	29709999	22
chr16	29710000	29710999	19
chr16	29711000	29711999	5
chr16	29712000	29712999	23
chr16	29713000	29713999	10
chr16	29714000	29714999	12
chr16	29715000	29715999	17
chr16	29716000	29716999	30
chr16	29717000	29717999	5
chr16	29718000	29718999	7
chr16	29719000	29719999	0
chr16	29720000	29720999	13
chr16	29721000	29721999	12
chr16	29722000	29722999	18
chr16	29723000	29723999	3
chr16	29724000	29724999	0
chr16	29725000	29725999	20
chr16	29726000	29726999	12
chr16	29727000	29727999	20
chr16	29728000	29728999	12
chr16	29729000	29729999	9
chr16	29730000	29730999	2
chr16	29731000	29731999	3
chr16	29732000	29732999	9
chr16	29733000	29733999	11
chr16	29734000	29734999	45
chr16	29735000	29735999	14
chr16	29736000	29736999	15
chr16	29737000	29737999	8
chr16	29738000	29738999	17
chr16	29739000	29739999	8
chr16	29740000	29740999	32
chr16	29741000	29741999	17
chr16	29742000	29742999	44
chr16	29743000	29743999	9
chr16	29744000	29744999	4
chr16	29745000	29745999	22
chr16	29746000	29746999	22
chr16	29747000	29747999	0
chr16	29748000	29748999	7
chr16	29749000	29749999	4
chr16	29750000	29750999	8
chr16	29751000	29751999	4
chr16	29752000	29752999	0
chr16	29753000	29753999	4
chr16	29754000	29754999	2
chr16	29755000	29755999	14
chr16	29756000	29756999	0
chr16	29757000	29757999	7
chr16	29758000	29758999	14
chr16	29759000	29759999	8
chr16	29760000	29760999	0
chr16	29761000	29761999	12
chr16	29762000	29762999	6
chr16	29763000	29763999	6
chr16	29764000	29764999	15
chr16	29765000	29765999	3
chr16	29766000	29766999	3
chr16	29767000	29767999	6
chr16	29768000	29768999	0
chr16	29769000	29769999	3
chr16	29770000	29770999	3
chr16	29771000	29771999	12
chr16	29772000	29772999	15
chr16	29773000	29773999	1
chr16	29774000	29774999	3
chr16	29775000	29775999	10
chr16	29776000	29776999	11
chr16	29777000	29777999	21
chr16	29778000	29778999	5
chr16	29779000	29779999	0
chr16	29780000	29780999	16
chr16	29781000	29781999	4
chr16	29782000	29782999	34
chr16	29783000	29783999	4
chr16	29784000	29784999	4
chr16	29785000	29785999	3
chr16	29786000	29786999	20
chr16	29787000	29787999	26
chr16	29788000	29788999	14
chr16	29789000	29789999	5
chr16	29790000	29790999	24
chr16	29791000	29791999	12
chr16	29792000	29792999	4
chr16	29793000	29793999	15
chr16	29794000	29794999	15
chr16	29795000	29795999	2
chr16	29796000	29796999	8
chr16	29797000	29797999	17
chr16	29798000	29798999	11
chr16	29799000	29799999	72
chr16	29800000	29800999	14
chr16	29801000	29801999	1
chr16	29802000	29802999	8
chr16	29803000	29803999	0
chr16	29804000	29804999	18
chr16	29805000	29805999	0
chr16	29806000	29806999	1
chr16	29807000	29807999	0
chr16	29808000	29808999	2
chr16	29809000	29809999	2
chr16	29810000	29810999	8
chr16	29811000	29811999	25
chr16	29812000	29812999	0
chr16	29813000	29813999	15
chr16	29814000	29814999	29
chr16	29815000	29815999	34
chr16	29816000	29816999	64
chr16	29817000	29817999	5
chr16	29818000	29818999	5
chr16	29819000	29819999	7
chr16	29820000	29820999	0
chr16	29821000	29821999	1
chr16	29822000	29822999	14
chr16	29823000	29823999	1
chr16	29824000	29824999	0
chr16	29825000	29825999	16
chr16	29826000	29826999	0
chr16	29827000	29827999	21
chr16	29828000	29828999	9
chr16	29829000	29829999	8
chr16	29830000	29830999	21
chr16	29831000	29831999	1
chr16	29832000	29832999	13
chr16	29833000	29833999	5
chr16	29834000	29834999	0
chr16	29835000	29835999	16
chr16	29836000	29836999	4
chr16	29837000	29837999	9
chr16	29838000	29838999	11
chr16	29839000	29839999	35
chr16	29840000	29840999	0
chr16	29841000	29841999	13
chr16	29842000	29842999	11
chr16	29843000	29843999	2
chr16	29844000	29844999	11
chr16	29845000	29845999	26
chr16	29846000	29846999	0
chr16	29847000	29847999	23
chr16	29848000	29848999	14
chr16	29849000	29849999	1
chr16	29850000	29850999	12
chr16	29851000	29851999	9
chr16	29852000	29852999	21
chr16	29853000	29853999	10
chr16	29854000	29854999	7
chr16	29855000	29855999	8
chr16	29856000	29856999	5
chr16	29857000	29857999	0
chr16	29858000	29858999	5
chr16	29859000	29859999	5
chr16	29860000	29860999	27
chr16	29861000	29861999	59
chr16	29862000	29862999	16
chr16	29863000	29863999	7
chr16	29864000	29864999	12
chr16	29865000	29865999	9
chr16	29866000	29866999	11
chr16	29867000	29867999	6
chr16	29868000	29868999	77
chr16	29869000	29869999	11
chr16	29870000	29870999	4
chr16	29871000	29871999	5
chr16	29872000	29872999	4
chr16	29873000	29873999	12
chr16	29874000	29874999	10
chr16	29875000	29875999	3
chr16	29876000	29876999	2
chr16	29877000	29877999	23
chr16	29878000	29878999	3
chr16	29879000	29879999	2
chr16	29880000	29880999	5
chr16	29881000	29881999	2
chr16	29882000	29882999	68
chr16	29883000	29883999	8
chr16	29884000	29884999	3
chr16	29885000	29885999	1
chr16	29886000	29886999	2
chr16	29887000	29887999	20
chr16	29888000	29888999	1
chr16	29889000	29889999	0
chr16	29890000	29890999	9
chr16	29891000	29891999	13
chr16	29892000	29892999	6
chr16	29893000	29893999	24
chr16	29894000	29894999	35
chr16	29895000	29895999	11
chr16	29896000	29896999	11
chr16	29897000	29897999	11
chr16	29898000	29898999	0
chr16	29899000	29899999	6
chr16	29900000	29900999	23
chr16	29901000	29901999	8
chr16	29902000	29902999	1
chr16	29903000	29903999	22
chr16	29904000	29904999	10
chr16	29905000	29905999	6
chr16	29906000	29906999	18
chr16	29907000	29907999	24
chr16	29908000	29908999	1
chr16	29909000	29909999	7
chr16	29910000	29910999	11
chr16	29911000	29911999	42
chr16	29912000	29912999	12
chr16	29913000	29913999	4
chr16	29914000	29914999	6
chr16	29915000	29915999	42
chr16	29916000	29916999	11
chr16	29917000	29917999	0
chr16	29918000	29918999	45
chr16	29919000	29919999	8
chr16	29920000	29920999	5
chr16	29921000	29921999	4
chr16	29922000	29922999	0
chr16	29923000	29923999	10
chr16	29924000	29924999	7
chr16	29925000	29925999	10
chr16	29926000	29926999	0
chr16	29927000	29927999	7
chr16	29928000	29928999	3
chr16	29929000	29929999	6
chr16	29930000	29930999	17
chr16	29931000	29931999	27
chr16	29932000	29932999	0
chr16	29933000	29933999	0
chr16	29934000	29934999	10
chr16	29935000	29935999	19
chr16	29936000	29936999	23
chr16	29937000	29937999	11
chr16	29938000	29938999	14
chr16	29939000	29939999	29
chr16	29940000	29940999	16
chr16	29941000	29941999	8
chr16	29942000	29942999	5
chr16	29943000	29943999	37
chr16	29944000	29944999	36
chr16	29945000	29945999	101
chr16	29946000	29946999	30
chr16	29947000	29947999	6
chr16	29948000	29948999	13
chr16	29949000	29949999	8
chr16	29950000	29950999	0
chr16	29951000	29951999	5
chr16	29952000	29952999	7
chr16	29953000	29953999	8
chr16	29954000	29954999	7
chr16	29955000	29955999	7
chr16	29956000	29956999	4
chr16	29957000	29957999	10
chr16	29958000	29958999	9
chr16	29959000	29959999	3
chr16	29960000	29960999	24
chr16	29961000	29961999	8
chr16	29962000	29962999	2
chr16	29963000	29963999	8
chr16	29964000	29964999	13
chr16	29965000	29965999	24
chr16	29966000	29966999	12
chr16	29967000	29967999	19
chr16	29968000	29968999	18
chr16	29969000	29969999	9
chr16	29970000	29970999	6
chr16	29971000	29971999	7
chr16	29972000	29972999	29
chr16	29973000	29973999	10
chr16	29974000	29974999	29
chr16	29975000	29975999	13
chr16	29976000	29976999	6
chr16	29977000	29977999	18
chr16	29978000	29978999	13
chr16	29979000	29979999	6
chr16	29980000	29980999	37
chr16	29981000	29981999	1
chr16	29982000	29982999	10
chr16	29983000	29983999	7
chr16	29984000	29984999	17
chr16	29985000	29985999	4
chr16	29986000	29986999	21
chr16	29987000	29987999	0
chr16	29988000	29988999	0
chr16	29989000	29989999	17
chr16	29990000	29990999	14
chr16	29991000	29991999	6
chr16	29992000	29992999	0
chr16	29993000	29993999	8
chr16	29994000	29994999	24
chr16	29995000	29995999	21
chr16	29996000	29996999	4
chr16	29997000	29997999	17
chr16	29998000	29998999	13
chr16	29999000	29999999	0
chr16	30000000	30000999	3
chr16	30001000	30001999	12
chr16	30002000	30002999	4
chr16	30003000	30003999	14
chr16	30004000	30004999	3
chr16	30005000	30005999	10
chr16	30006000	30006999	8
chr16	30007000	30007999	11
chr16	30008000	30008999	78
chr16	30009000	30009999	37
chr16	30010000	30010999	0
chr16	30011000	30011999	0
chr16	30012000	30012999	23
chr16	30013000	30013999	3
chr16	30014000	30014999	1
chr16	30015000	30015999	3
chr16	30016000	30016999	10
chr16	30017000	30017999	8
chr16	30018000	30018999	11
chr16	30019000	30019999	3
chr16	30020000	30020999	16
chr16	30021000	30021999	7
chr16	30022000	30022999	2
chr16	30023000	30023999	4
chr16	30024000	30024999	12
chr16	30025000	30025999	30
chr16	30026000	30026999	10
chr16	30027000	30027999	2
chr16	30028000	30028999	20
chr16	30029000	30029999	0
chr16	30030000	30030999	16
chr16	30031000	30031999	0
chr16	30032000	30032999	2
chr16	30033000	30033999	14
chr16	30034000	30034999	93
chr16	30035000	30035999	15
chr16	30036000	30036999	0
chr16	30037000	30037999	13
chr16	30038000	30038999	27
chr16	30039000	30039999	8
chr16	30040000	30040999	14
chr16	30041000	30041999	9
chr16	30042000	30042999	0
chr16	30043000	30043999	9
chr16	30044000	30044999	14
chr16	30045000	30045999	13
chr16	30046000	30046999	2
chr16	30047000	30047999	23
chr16	30048000	30048999	15
chr16	30049000	30049999	10
chr16	30050000	30050999	3
chr16	30051000	30051999	0
chr16	30052000	30052999	1
chr16	30053000	30053999	22
chr16	30054000	30054999	6
chr16	30055000	30055999	0
chr16	30056000	30056999	0
chr16	30057000	30057999	23
chr16	30058000	30058999	32
chr16	30059000	30059999	7
chr16	30060000	30060999	7
chr16	30061000	30061999	25
chr16	30062000	30062999	32
chr16	30063000	30063999	61
chr16	30064000	30064999	97
chr16	30065000	30065999	100
chr16	30066000	30066999	41
chr16	30067000	30067999	33
chr16	30068000	30068999	27
chr16	30069000	30069999	7
chr16	30070000	30070999	176
chr16	30071000	30071999	17
chr16	30072000	30072999	11
chr16	30073000	30073999	5
chr16	30074000	30074999	9
chr16	30075000	30075999	14
chr16	30076000	30076999	6
chr16	30077000	30077999	4
chr16	30078000	30078999	18
chr16	30079000	30079999	12
chr16	30080000	30080999	6
chr16	30081000	30081999	17
chr16	30082000	30082999	13
chr16	30083000	30083999	0
chr16	30084000	30084999	0
chr16	30085000	30085999	8
chr16	30086000	30086999	22
chr16	30087000	30087999	0
chr16	30088000	30088999	0
chr16	30089000	30089999	20
chr16	30090000	30090999	27
chr16	30091000	30091999	12
chr16	30092000	30092999	6
chr16	30093000	30093999	19
chr16	30094000	30094999	9
chr16	30095000	30095999	5
chr16	30096000	30096999	22
chr16	30097000	30097999	6
chr16	30098000	30098999	24
chr16	30099000	30099999	5
chr16	30100000	30100999	3
chr16	30101000	30101999	5
chr16	30102000	30102999	0
chr16	30103000	30103999	0
chr16	30104000	30104999	0
chr16	30105000	30105999	6
chr16	30106000	30106999	41
chr16	30107000	30107999	5
chr16	30108000	30108999	2
chr16	30109000	30109999	15
chr16	30110000	30110999	4
chr16	30111000	30111999	6
chr16	30112000	30112999	0
chr16	30113000	30113999	26
chr16	30114000	30114999	24
chr16	30115000	30115999	3
chr16	30116000	30116999	15
chr16	30117000	30117999	14
chr16	30118000	30118999	9
chr16	30119000	30119999	8
chr16	30120000	30120999	2
chr16	30121000	30121999	14
chr16	30122000	30122999	7
chr16	30123000	30123999	8
chr16	30124000	30124999	2
chr16	30125000	30125999	8
chr16	30126000	30126999	9
chr16	30127000	30127999	5
chr16	30128000	30128999	11
chr16	30129000	30129999	21
chr16	30130000	30130999	4
chr16	30131000	30131999	6
chr16	30132000	30132999	0
chr16	30133000	30133999	14
chr16	30134000	30134999	11
chr16	30135000	30135999	23
chr16	30136000	30136999	7
chr16	30137000	30137999	12
chr16	30138000	30138999	30
chr16	30139000	30139999	0
chr16	30140000	30140999	5
chr16	30141000	30141999	3
chr16	30142000	30142999	2
chr16	30143000	30143999	10
chr16	30144000	30144999	6
chr16	30145000	30145999	11
chr16	30146000	30146999	13
chr16	30147000	30147999	25
chr16	30148000	30148999	16
chr16	30149000	30149999	5
chr16	30150000	30150999	3
chr16	30151000	30151999	26
chr16	30152000	30152999	0
chr16	30153000	30153999	6
chr16	30154000	30154999	3
chr16	30155000	30155999	2
chr16	30156000	30156999	5
chr16	30157000	30157999	17
chr16	30158000	30158999	19
chr16	30159000	30159999	13
chr16	30160000	30160999	5
chr16	30161000	30161999	23
chr16	30162000	30162999	8
chr16	30163000	30163999	6
chr16	30164000	30164999	2
chr16	30165000	30165999	13
chr16	30166000	30166999	0
chr16	30167000	30167999	3
chr16	30168000	30168999	6
chr16	30169000	30169999	4
chr16	30170000	30170999	23
chr16	30171000	30171999	18
chr16	30172000	30172999	10
chr16	30173000	30173999	15
chr16	30174000	30174999	24
chr16	30175000	30175999	3
chr16	30176000	30176999	3
chr16	30177000	30177999	4
chr16	30178000	30178999	22
chr16	30179000	30179999	26
chr16	30180000	30180999	0
chr16	30181000	30181999	18
chr16	30182000	30182999	14
chr16	30183000	30183999	12
chr16	30184000	30184999	55
chr16	30185000	30185999	156
chr16	30186000	30186999	34
chr16	30187000	30187999	39
chr16	30188000	30188999	97
chr16	30189000	30189999	95
chr16	30190000	30190999	9
chr16	30191000	30191999	9
chr16	30192000	30192999	24
chr16	30193000	30193999	28
chr16	30194000	30194999	22
chr16	30195000	30195999	10
chr16	30196000	30196999	7
chr16	30197000	30197999	36
chr16	30198000	30198999	13
chr16	30199000	30199999	22
chr16	30200000	30200999	16
chr16	30201000	30201999	0
chr16	30202000	30202999	13
chr16	30203000	30203999	17
chr16	30204000	30204999	9
chr16	30205000	30205999	27
chr16	30206000	30206999	14
chr16	30207000	30207999	27
chr16	30208000	30208999	3
chr16	30209000	30209999	9
chr16	30210000	30210999	14
chr16	30211000	30211999	20
chr16	30212000	30212999	11
chr16	30213000	30213999	8
chr16	30214000	30214999	0
chr16	30215000	30215999	8
chr16	30216000	30216999	8
chr16	30217000	30217999	4
chr16	30218000	30218999	4
chr16	30219000	30219999	26
chr16	30220000	30220999	15
chr16	30221000	30221999	18
chr16	30222000	30222999	10
chr16	30223000	30223999	15
chr16	30224000	30224999	1
chr16	30225000	30225999	21
chr16	30226000	30226999	11
chr16	30227000	30227999	0
chr16	30228000	30228999	0
chr16	30229000	30229999	20
chr16	30230000	30230999	9
chr16	30231000	30231999	16
chr16	30232000	30232999	0
chr16	30233000	30233999	5
chr16	30234000	30234999	8
chr16	30235000	30235999	26
chr16	30236000	30236999	40
chr16	30237000	30237999	24
chr16	30238000	30238999	16
chr16	30239000	30239999	0
chr16	30240000	30240999	10
chr16	30241000	30241999	31
chr16	30242000	30242999	7
chr16	30243000	30243999	20
chr16	30244000	30244999	0
chr16	30245000	30245999	0
chr16	30246000	30246999	4
chr16	30247000	30247999	0
chr16	30248000	30248999	2
chr16	30249000	30249999	4
chr16	30250000	30250999	0
chr16	30251000	30251999	10
chr16	30252000	30252999	35
chr16	30253000	30253999	23
chr16	30254000	30254999	9
chr16	30255000	30255999	25
chr16	30256000	30256999	9
chr16	30257000	30257999	9
chr16	30258000	30258999	0
chr16	30259000	30259999	0
chr16	30260000	30260999	22
chr16	30261000	30261999	1
chr16	30262000	30262999	17
chr16	30263000	30263999	8
chr16	30264000	30264999	11
chr16	30265000	30265999	4
chr16	30266000	30266999	0
chr16	30267000	30267999	0
chr16	30268000	30268999	0
chr16	30269000	30269999	7
chr16	30270000	30270999	6
chr16	30271000	30271999	12
chr16	30272000	30272999	1
chr16	30273000	30273999	1
chr16	30274000	30274999	10
chr16	30275000	30275999	9
chr16	30276000	30276999	15
chr16	30277000	30277999	7
chr16	30278000	30278999	7
chr16	30279000	30279999	7
chr16	30280000	30280999	20
chr16	30281000	30281999	12
chr16	30282000	30282999	16
chr16	30283000	30283999	22
chr16	30284000	30284999	30
chr16	30285000	30285999	14
chr16	30286000	30286999	1
chr16	30287000	30287999	9
chr16	30288000	30288999	7
chr16	30289000	30289999	0
chr16	30290000	30290999	22
chr16	30291000	30291999	10
chr16	30292000	30292999	3
chr16	30293000	30293999	18
chr16	30294000	30294999	19
chr16	30295000	30295999	9
chr16	30296000	30296999	0
chr16	30297000	30297999	14
chr16	30298000	30298999	13
chr16	30299000	30299999	7
chr16	30300000	30300999	7
chr16	30301000	30301999	1
chr16	30302000	30302999	6
chr16	30303000	30303999	5
chr16	30304000	30304999	35
chr16	30305000	30305999	28
chr16	30306000	30306999	6
chr16	30307000	30307999	12
chr16	30308000	30308999	28
chr16	30309000	30309999	50
chr16	30310000	30310999	9
chr16	30311000	30311999	0
chr16	30312000	30312999	0
chr16	30313000	30313999	3
chr16	30314000	30314999	23
chr16	30315000	30315999	5
chr16	30316000	30316999	10
chr16	30317000	30317999	14
chr16	30318000	30318999	10
chr16	30319000	30319999	5
chr16	30320000	30320999	2
chr16	30321000	30321999	9
chr16	30322000	30322999	3
chr16	30323000	30323999	0
chr16	30324000	30324999	0
chr16	30325000	30325999	0
chr16	30326000	30326999	17
chr16	30327000	30327999	14
chr16	30328000	30328999	13
chr16	30329000	30329999	8
chr16	30330000	30330999	16
chr16	30331000	30331999	19
chr16	30332000	30332999	3
chr16	30333000	30333999	11
chr16	30334000	30334999	11
chr16	30335000	30335999	21
chr16	30336000	30336999	3
chr16	30337000	30337999	14
chr16	30338000	30338999	1
chr16	30339000	30339999	10
chr16	30340000	30340999	8
chr16	30341000	30341999	28
chr16	30342000	30342999	9
chr16	30343000	30343999	1
chr16	30344000	30344999	11
chr16	30345000	30345999	4
chr16	30346000	30346999	18
chr16	30347000	30347999	9
chr16	30348000	30348999	16
chr16	30349000	30349999	23
chr16	30350000	30350999	0
chr16	30351000	30351999	4
chr16	30352000	30352999	12
chr16	30353000	30353999	15
chr16	30354000	30354999	10
chr16	30355000	30355999	0
chr16	30356000	30356999	12
chr16	30357000	30357999	16
chr16	30358000	30358999	0
chr16	30359000	30359999	2
chr16	30360000	30360999	1
chr16	30361000	30361999	0
chr16	30362000	30362999	8
chr16	30363000	30363999	0
chr16	30364000	30364999	14
chr16	30365000	30365999	2
chr16	30366000	30366999	5
chr16	30367000	30367999	41
chr16	30368000	30368999	6
chr16	30369000	30369999	3
chr16	30370000	30370999	18
chr16	30371000	30371999	2
chr16	30372000	30372999	14
chr16	30373000	30373999	17
chr16	30374000	30374999	18
chr16	30375000	30375999	0
chr16	30376000	30376999	11
chr16	30377000	30377999	0
chr16	30378000	30378999	36
chr16	30379000	30379999	1
chr16	30380000	30380999	27
chr16	30381000	30381999	12
chr16	30382000	30382999	6
chr16	30383000	30383999	3
chr16	30384000	30384999	21
chr16	30385000	30385999	27
chr16	30386000	30386999	0
chr16	30387000	30387999	13
chr16	30388000	30388999	88
chr16	30389000	30389999	39
chr16	30390000	30390999	0
chr16	30391000	30391999	2
chr16	30392000	30392999	8
chr16	30393000	30393999	0
chr16	30394000	30394999	5
chr16	30395000	30395999	16
chr16	30396000	30396999	28
chr16	30397000	30397999	140
chr16	30398000	30398999	9
chr16	30399000	30399999	5
chr16	30400000	30400999	18
chr16	30401000	30401999	6
chr16	30402000	30402999	0
chr16	30403000	30403999	0
chr16	30404000	30404999	1
chr16	30405000	30405999	0
chr16	30406000	30406999	26
chr16	30407000	30407999	5
chr16	30408000	30408999	14
chr16	30409000	30409999	23
chr16	30410000	30410999	0
chr16	30411000	30411999	11
chr16	30412000	30412999	57
chr16	30413000	30413999	19
chr16	30414000	30414999	20
chr16	30415000	30415999	67
chr16	30416000	30416999	64
chr16	30417000	30417999	75
chr16	30418000	30418999	62
chr16	30419000	30419999	17
chr16	30420000	30420999	33
chr16	30421000	30421999	5
chr16	30422000	30422999	0
chr16	30423000	30423999	22
chr16	30424000	30424999	0
chr16	30425000	30425999	7
chr16	30426000	30426999	9
chr16	30427000	30427999	36
chr16	30428000	30428999	4
chr16	30429000	30429999	2
chr16	30430000	30430999	10
chr16	30431000	30431999	3
chr16	30432000	30432999	1
chr16	30433000	30433999	16
chr16	30434000	30434999	53
chr16	30435000	30435999	36
chr16	30436000	30436999	11
chr16	30437000	30437999	16
chr16	30438000	30438999	1
chr16	30439000	30439999	2
chr16	30440000	30440999	2
chr16	30441000	30441999	29
chr16	30442000	30442999	31
chr16	30443000	30443999	25
chr16	30444000	30444999	6
chr16	30445000	30445999	19
chr16	30446000	30446999	4
chr16	30447000	30447999	27
chr16	30448000	30448999	22
chr16	30449000	30449999	30
chr16	30450000	30450999	5
chr16	30451000	30451999	3
chr16	30452000	30452999	7
chr16	30453000	30453999	28
chr16	30454000	30454999	0
chr16	30455000	30455999	0
chr16	30456000	30456999	3
chr16	30457000	30457999	0
chr16	30458000	30458999	15
chr16	30459000	30459999	4
chr16	30460000	30460999	12
chr16	30461000	30461999	3
chr16	30462000	30462999	0
chr16	30463000	30463999	2
chr16	30464000	30464999	6
chr16	30465000	30465999	36
chr16	30466000	30466999	26
chr16	30467000	30467999	16
chr16	30468000	30468999	3
chr16	30469000	30469999	0
chr16	30470000	30470999	3
chr16	30471000	30471999	4
chr16	30472000	30472999	0
chr16	30473000	30473999	14
chr16	30474000	30474999	7
chr16	30475000	30475999	9
chr16	30476000	30476999	15
chr16	30477000	30477999	0
chr16	30478000	30478999	13
chr16	30479000	30479999	5
chr16	30480000	30480999	6
chr16	30481000	30481999	12
chr16	30482000	30482999	3
chr16	30483000	30483999	6
chr16	30484000	30484999	4
chr16	30485000	30485999	7
chr16	30486000	30486999	22
chr16	30487000	30487999	8
chr16	30488000	30488999	0
chr16	30489000	30489999	5
chr16	30490000	30490999	33
chr16	30491000	30491999	3
chr16	30492000	30492999	10
chr16	30493000	30493999	0
chr16	30494000	30494999	12
chr16	30495000	30495999	15
chr16	30496000	30496999	6
chr16	30497000	30497999	7
chr16	30498000	30498999	5
chr16	30499000	30499999	24
chr16	30500000	30500999	18
chr16	30501000	30501999	3
chr16	30502000	30502999	41
chr16	30503000	30503999	29
chr16	30504000	30504999	90
chr16	30505000	30505999	11
chr16	30506000	30506999	6
chr16	30507000	30507999	16
chr16	30508000	30508999	22
chr16	30509000	30509999	24
chr16	30510000	30510999	75
chr16	30511000	30511999	25
chr16	30512000	30512999	11
chr16	30513000	30513999	68
chr16	30514000	30514999	16
chr16	30515000	30515999	0
chr16	30516000	30516999	0
chr16	30517000	30517999	24
chr16	30518000	30518999	25
chr16	30519000	30519999	15
chr16	30520000	30520999	27
chr16	30521000	30521999	31
chr16	30522000	30522999	17
chr16	30523000	30523999	1
chr16	30524000	30524999	18
chr16	30525000	30525999	28
chr16	30526000	30526999	8
chr16	30527000	30527999	21
chr16	30528000	30528999	4
chr16	30529000	30529999	5
chr16	30530000	30530999	20
chr16	30531000	30531999	15
chr16	30532000	30532999	15
chr16	30533000	30533999	6
chr16	30534000	30534999	28
chr16	30535000	30535999	0
chr16	30536000	30536999	4
chr16	30537000	30537999	29
chr16	30538000	30538999	5
chr16	30539000	30539999	32
chr16	30540000	30540999	4
chr16	30541000	30541999	3
chr16	30542000	30542999	8
chr16	30543000	30543999	22
chr16	30544000	30544999	16
chr16	30545000	30545999	8
chr16	30546000	30546999	8
chr16	30547000	30547999	11
chr16	30548000	30548999	12
chr16	30549000	30549999	5
chr16	30550000	30550999	83
chr16	30551000	30551999	11
chr16	30552000	30552999	91
chr16	30553000	30553999	97
chr16	30554000	30554999	24
chr16	30555000	30555999	9
chr16	30556000	30556999	7
chr16	30557000	30557999	0
chr16	30558000	30558999	8
chr16	30559000	30559999	37
chr16	30560000	30560999	11
chr16	30561000	30561999	13
chr16	30562000	30562999	10
chr16	30563000	30563999	4
chr16	30564000	30564999	17
chr16	30565000	30565999	9
chr16	30566000	30566999	4
chr16	30567000	30567999	8
chr16	30568000	30568999	16
chr16	30569000	30569999	17
chr16	30570000	30570999	5
chr16	30571000	30571999	22
chr16	30572000	30572999	36
chr16	30573000	30573999	11
chr16	30574000	30574999	18
chr16	30575000	30575999	14
chr16	30576000	30576999	7
chr16	30577000	30577999	5
chr16	30578000	30578999	0
chr16	30579000	30579999	9
chr16	30580000	30580999	15
chr16	30581000	30581999	3
chr16	30582000	30582999	2
chr16	30583000	30583999	18
chr16	30584000	30584999	17
chr16	30585000	30585999	29
chr16	30586000	30586999	10
chr16	30587000	30587999	144
chr16	30588000	30588999	24
chr16	30589000	30589999	11
chr16	30590000	30590999	7
chr16	30591000	30591999	17
chr16	30592000	30592999	23
chr16	30593000	30593999	15
chr16	30594000	30594999	18
chr16	30595000	30595999	29
chr16	30596000	30596999	88
chr16	30597000	30597999	79
chr16	30598000	30598999	7
chr16	30599000	30599999	45
chr16	30600000	30600999	39
chr16	30601000	30601999	11
chr16	30602000	30602999	24
chr16	30603000	30603999	17
chr16	30604000	30604999	16
chr16	30605000	30605999	14
chr16	30606000	30606999	36
chr16	30607000	30607999	15
chr16	30608000	30608999	11
chr16	30609000	30609999	18
chr16	30610000	30610999	1
chr16	30611000	30611999	0
chr16	30612000	30612999	12
chr16	30613000	30613999	20
chr16	30614000	30614999	1
chr16	30615000	30615999	0
chr16	30616000	30616999	0
chr16	30617000	30617999	0
chr16	30618000	30618999	3
chr16	30619000	30619999	8
chr16	30620000	30620999	10
chr16	30621000	30621999	5
chr16	30622000	30622999	6
chr16	30623000	30623999	11
chr16	30624000	30624999	72
chr16	30625000	30625999	13
chr16	30626000	30626999	24
chr16	30627000	30627999	28
chr16	30628000	30628999	3
chr16	30629000	30629999	5
chr16	30630000	30630999	5
chr16	30631000	30631999	4
chr16	30632000	30632999	9
chr16	30633000	30633999	16
chr16	30634000	30634999	17
chr16	30635000	30635999	15
chr16	30636000	30636999	16
chr16	30637000	30637999	17
chr16	30638000	30638999	3
chr16	30639000	30639999	8
chr16	30640000	30640999	7
chr16	30641000	30641999	2
chr16	30642000	30642999	23
chr16	30643000	30643999	0
chr16	30644000	30644999	3
chr16	30645000	30645999	3
chr16	30646000	30646999	24
chr16	30647000	30647999	6
chr16	30648000	30648999	7
chr16	30649000	30649999	0
chr16	30650000	30650999	5
chr16	30651000	30651999	3
chr16	30652000	30652999	6
chr16	30653000	30653999	14
chr16	30654000	30654999	12
chr16	30655000	30655999	7
chr16	30656000	30656999	36
chr16	30657000	30657999	9
chr16	30658000	30658999	0
chr16	30659000	30659999	16
chr16	30660000	30660999	1
chr16	30661000	30661999	15
chr16	30662000	30662999	16
chr16	30663000	30663999	4
chr16	30664000	30664999	24
chr16	30665000	30665999	6
chr16	30666000	30666999	16
chr16	30667000	30667999	16
chr16	30668000	30668999	16
chr16	30669000	30669999	10
chr16	30670000	30670999	13
chr16	30671000	30671999	6
chr16	30672000	30672999	13
chr16	30673000	30673999	16
chr16	30674000	30674999	10
chr16	30675000	30675999	2
chr16	30676000	30676999	35
chr16	30677000	30677999	31
chr16	30678000	30678999	6
chr16	30679000	30679999	12
chr16	30680000	30680999	25
chr16	30681000	30681999	0
chr16	30682000	30682999	11
chr16	30683000	30683999	4
chr16	30684000	30684999	35
chr16	30685000	30685999	1
chr16	30686000	30686999	5
chr16	30687000	30687999	5
chr16	30688000	30688999	3
chr16	30689000	30689999	10
chr16	30690000	30690999	3
chr16	30691000	30691999	4
chr16	30692000	30692999	6
chr16	30693000	30693999	21
chr16	30694000	30694999	0
chr16	30695000	30695999	13
chr16	30696000	30696999	21
chr16	30697000	30697999	7
chr16	30698000	30698999	15
chr16	30699000	30699999	13
chr16	30700000	30700999	6
chr16	30701000	30701999	10
chr16	30702000	30702999	13
chr16	30703000	30703999	14
chr16	30704000	30704999	7
chr16	30705000	30705999	20
chr16	30706000	30706999	9
chr16	30707000	30707999	8
chr16	30708000	30708999	15
chr16	30709000	30709999	29
chr16	30710000	30710999	16
chr16	30711000	30711999	7
chr16	30712000	30712999	52
chr16	30713000	30713999	0
chr16	30714000	30714999	21
chr16	30715000	30715999	17
chr16	30716000	30716999	10
chr16	30717000	30717999	16
chr16	30718000	30718999	0
chr16	30719000	30719999	6
chr16	30720000	30720999	10
chr16	30721000	30721999	22
chr16	30722000	30722999	7
chr16	30723000	30723999	22
chr16	30724000	30724999	0
chr16	30725000	30725999	12
chr16	30726000	30726999	12
chr16	30727000	30727999	38
chr16	30728000	30728999	15
chr16	30729000	30729999	0
chr16	30730000	30730999	10
chr16	30731000	30731999	8
chr16	30732000	30732999	5
chr16	30733000	30733999	8
chr16	30734000	30734999	0
chr16	30735000	30735999	13
chr16	30736000	30736999	7
chr16	30737000	30737999	8
chr16	30738000	30738999	13
chr16	30739000	30739999	1
chr16	30740000	30740999	7
chr16	30741000	30741999	8
chr16	30742000	30742999	23
chr16	30743000	30743999	18
chr16	30744000	30744999	29
chr16	30745000	30745999	15
chr16	30746000	30746999	10
chr16	30747000	30747999	9
chr16	30748000	30748999	12
chr16	30749000	30749999	7
chr16	30750000	30750999	0
chr16	30751000	30751999	2
chr16	30752000	30752999	0
chr16	30753000	30753999	9
chr16	30754000	30754999	10
chr16	30755000	30755999	9
chr16	30756000	30756999	6
chr16	30757000	30757999	22
chr16	30758000	30758999	11
chr16	30759000	30759999	4
chr16	30760000	30760999	1
chr16	30761000	30761999	9
chr16	30762000	30762999	0
chr16	30763000	30763999	1
chr16	30764000	30764999	8
chr16	30765000	30765999	4
chr16	30766000	30766999	3
chr16	30767000	30767999	2
chr16	30768000	30768999	6
chr16	30769000	30769999	37
chr16	30770000	30770999	0
chr16	30771000	30771999	4
chr16	30772000	30772999	4
chr16	30773000	30773999	8
chr16	30774000	30774999	2
chr16	30775000	30775999	11
chr16	30776000	30776999	14
chr16	30777000	30777999	0
chr16	30778000	30778999	14
chr16	30779000	30779999	20
chr16	30780000	30780999	1
chr16	30781000	30781999	18
chr16	30782000	30782999	3
chr16	30783000	30783999	1
chr16	30784000	30784999	0
chr16	30785000	30785999	6
chr16	30786000	30786999	7
chr16	30787000	30787999	10
chr16	30788000	30788999	1
chr16	30789000	30789999	34
chr16	30790000	30790999	25
chr16	30791000	30791999	0
chr16	30792000	30792999	12
chr16	30793000	30793999	11
chr16	30794000	30794999	0
chr16	30795000	30795999	7
chr16	30796000	30796999	9
chr16	30797000	30797999	13
chr16	30798000	30798999	21
chr16	30799000	30799999	16
chr16	30800000	30800999	7
chr16	30801000	30801999	0
chr16	30802000	30802999	14
chr16	30803000	30803999	28
chr16	30804000	30804999	19
chr16	30805000	30805999	0
chr16	30806000	30806999	11
chr16	30807000	30807999	13
chr16	30808000	30808999	7
chr16	30809000	30809999	6
chr16	30810000	30810999	8
chr16	30811000	30811999	31
chr16	30812000	30812999	19
chr16	30813000	30813999	18
chr16	30814000	30814999	11
chr16	30815000	30815999	10
chr16	30816000	30816999	25
chr16	30817000	30817999	0
chr16	30818000	30818999	19
chr16	30819000	30819999	25
chr16	30820000	30820999	18
chr16	30821000	30821999	92
chr16	30822000	30822999	18
chr16	30823000	30823999	25
chr16	30824000	30824999	43
chr16	30825000	30825999	0
chr16	30826000	30826999	14
chr16	30827000	30827999	30
chr16	30828000	30828999	26
chr16	30829000	30829999	7
chr16	30830000	30830999	16
chr16	30831000	30831999	15
chr16	30832000	30832999	7
chr16	30833000	30833999	0
chr16	30834000	30834999	6
chr16	30835000	30835999	17
chr16	30836000	30836999	13
chr16	30837000	30837999	14
chr16	30838000	30838999	20
chr16	30839000	30839999	16
chr16	30840000	30840999	5
chr16	30841000	30841999	9
chr16	30842000	30842999	0
chr16	30843000	30843999	12
chr16	30844000	30844999	10
chr16	30845000	30845999	2
chr16	30846000	30846999	10
chr16	30847000	30847999	21
chr16	30848000	30848999	12
chr16	30849000	30849999	6
chr16	30850000	30850999	21
chr16	30851000	30851999	10
chr16	30852000	30852999	3
chr16	30853000	30853999	26
chr16	30854000	30854999	5
chr16	30855000	30855999	3
chr16	30856000	30856999	11
chr16	30857000	30857999	0
chr16	30858000	30858999	0
chr16	30859000	30859999	25
chr16	30860000	30860999	13
chr16	30861000	30861999	3
chr16	30862000	30862999	15
chr16	30863000	30863999	11
chr16	30864000	30864999	11
chr16	30865000	30865999	0
chr16	30866000	30866999	0
chr16	30867000	30867999	37
chr16	30868000	30868999	38
chr16	30869000	30869999	9
chr16	30870000	30870999	11
chr16	30871000	30871999	66
chr16	30872000	30872999	63
chr16	30873000	30873999	79
chr16	30874000	30874999	30
chr16	30875000	30875999	4
chr16	30876000	30876999	15
chr16	30877000	30877999	26
chr16	30878000	30878999	5
chr16	30879000	30879999	15
chr16	30880000	30880999	12
chr16	30881000	30881999	12
chr16	30882000	30882999	27
chr16	30883000	30883999	24
chr16	30884000	30884999	10
chr16	30885000	30885999	11
chr16	30886000	30886999	4
chr16	30887000	30887999	22
chr16	30888000	30888999	10
chr16	30889000	30889999	13
chr16	30890000	30890999	0
chr16	30891000	30891999	0
chr16	30892000	30892999	29
chr16	30893000	30893999	14
chr16	30894000	30894999	0
chr16	30895000	30895999	17
chr16	30896000	30896999	65
chr16	30897000	30897999	29
chr16	30898000	30898999	0
chr16	30899000	30899999	5
chr16	30900000	30900999	20
chr16	30901000	30901999	1
chr16	30902000	30902999	0
chr16	30903000	30903999	8
chr16	30904000	30904999	8
chr16	30905000	30905999	9
chr16	30906000	30906999	0
chr16	30907000	30907999	0
chr16	30908000	30908999	0
chr16	30909000	30909999	0
chr16	30910000	30910999	0
chr16	30911000	30911999	10
chr16	30912000	30912999	0
chr16	30913000	30913999	0
chr16	30914000	30914999	9
chr16	30915000	30915999	16
chr16	30916000	30916999	0
chr16	30917000	30917999	13
chr16	30918000	30918999	12
chr16	30919000	30919999	21
chr16	30920000	30920999	5
chr16	30921000	30921999	11
chr16	30922000	30922999	18
chr16	30923000	30923999	14
chr16	30924000	30924999	11
chr16	30925000	30925999	22
chr16	30926000	30926999	1
chr16	30927000	30927999	14
chr16	30928000	30928999	0
chr16	30929000	30929999	6
chr16	30930000	30930999	6
chr16	30931000	30931999	23
chr16	30932000	30932999	15
chr16	30933000	30933999	66
chr16	30934000	30934999	25
chr16	30935000	30935999	36
chr16	30936000	30936999	35
chr16	30937000	30937999	21
chr16	30938000	30938999	9
chr16	30939000	30939999	15
chr16	30940000	30940999	7
chr16	30941000	30941999	18
chr16	30942000	30942999	24
chr16	30943000	30943999	36
chr16	30944000	30944999	19
chr16	30945000	30945999	57
chr16	30946000	30946999	34
chr16	30947000	30947999	20
chr16	30948000	30948999	38
chr16	30949000	30949999	53
chr16	30950000	30950999	14
chr16	30951000	30951999	9
chr16	30952000	30952999	13
chr16	30953000	30953999	3
chr16	30954000	30954999	17
chr16	30955000	30955999	7
chr16	30956000	30956999	0
chr16	30957000	30957999	16
chr16	30958000	30958999	2
chr16	30959000	30959999	10
chr16	30960000	30960999	10
chr16	30961000	30961999	6
chr16	30962000	30962999	4
chr16	30963000	30963999	13
chr16	30964000	30964999	20
chr16	30965000	30965999	15
chr16	30966000	30966999	53
chr16	30967000	30967999	33
chr16	30968000	30968999	17
chr16	30969000	30969999	31
chr16	30970000	30970999	22
chr16	30971000	30971999	13
chr16	30972000	30972999	29
chr16	30973000	30973999	99
chr16	30974000	30974999	26
chr16	30975000	30975999	11
chr16	30976000	30976999	26
chr16	30977000	30977999	93
chr16	30978000	30978999	2
chr16	30979000	30979999	4
chr16	30980000	30980999	7
chr16	30981000	30981999	105
chr16	30982000	30982999	31
chr16	30983000	30983999	3
chr16	30984000	30984999	22
chr16	30985000	30985999	44
chr16	30986000	30986999	15
chr16	30987000	30987999	0
chr16	30988000	30988999	0
chr16	30989000	30989999	5
chr16	30990000	30990999	6
chr16	30991000	30991999	15
chr16	30992000	30992999	20
chr16	30993000	30993999	12
chr16	30994000	30994999	15
chr16	30995000	30995999	24
chr16	30996000	30996999	33
chr16	30997000	30997999	22
chr16	30998000	30998999	15
chr16	30999000	30999999	20
chr16	31000000	31000999	10
chr16	31001000	31001999	11
chr16	31002000	31002999	7
chr16	31003000	31003999	4
chr16	31004000	31004999	42
chr16	31005000	31005999	5
chr16	31006000	31006999	23
chr16	31007000	31007999	3
chr16	31008000	31008999	8
chr16	31009000	31009999	3
chr16	31010000	31010999	3
chr16	31011000	31011999	12
chr16	31012000	31012999	0
chr16	31013000	31013999	1
chr16	31014000	31014999	1
chr16	31015000	31015999	23
chr16	31016000	31016999	3
chr16	31017000	31017999	18
chr16	31018000	31018999	10
chr16	31019000	31019999	21
chr16	31020000	31020999	31
chr16	31021000	31021999	24
chr16	31022000	31022999	21
chr16	31023000	31023999	22
chr16	31024000	31024999	11
chr16	31025000	31025999	29
chr16	31026000	31026999	8
chr16	31027000	31027999	36
chr16	31028000	31028999	16
chr16	31029000	31029999	12
chr16	31030000	31030999	5
chr16	31031000	31031999	6
chr16	31032000	31032999	0
chr16	31033000	31033999	16
chr16	31034000	31034999	14
chr16	31035000	31035999	29
chr16	31036000	31036999	7
chr16	31037000	31037999	23
chr16	31038000	31038999	10
chr16	31039000	31039999	23
chr16	31040000	31040999	9
chr16	31041000	31041999	37
chr16	31042000	31042999	34
chr16	31043000	31043999	22
chr16	31044000	31044999	0
chr16	31045000	31045999	0
chr16	31046000	31046999	14
chr16	31047000	31047999	13
chr16	31048000	31048999	14
chr16	31049000	31049999	5
chr16	31050000	31050999	15
chr16	31051000	31051999	8
chr16	31052000	31052999	1
chr16	31053000	31053999	17
chr16	31054000	31054999	43
chr16	31055000	31055999	30
chr16	31056000	31056999	4
chr16	31057000	31057999	10
chr16	31058000	31058999	15
chr16	31059000	31059999	8
chr16	31060000	31060999	23
chr16	31061000	31061999	7
chr16	31062000	31062999	27
chr16	31063000	31063999	11
chr16	31064000	31064999	26
chr16	31065000	31065999	2
chr16	31066000	31066999	32
chr16	31067000	31067999	30
chr16	31068000	31068999	41
chr16	31069000	31069999	68
chr16	31070000	31070999	76
chr16	31071000	31071999	49
chr16	31072000	31072999	2
chr16	31073000	31073999	17
chr16	31074000	31074999	0
chr16	31075000	31075999	6
chr16	31076000	31076999	28
chr16	31077000	31077999	8
chr16	31078000	31078999	31
chr16	31079000	31079999	14
chr16	31080000	31080999	72
chr16	31081000	31081999	80
chr16	31082000	31082999	12
chr16	31083000	31083999	3
chr16	31084000	31084999	0
chr16	31085000	31085999	0
chr16	31086000	31086999	0
chr16	31087000	31087999	0
chr16	31088000	31088999	0
chr16	31089000	31089999	0
chr16	31090000	31090999	4
chr16	31091000	31091999	0
chr16	31092000	31092999	22
chr16	31093000	31093999	15
chr16	31094000	31094999	0
chr16	31095000	31095999	18
chr16	31096000	31096999	0
chr16	31097000	31097999	2
chr16	31098000	31098999	17
chr16	31099000	31099999	0
chr16	31100000	31100999	10
chr16	31101000	31101999	5
chr16	31102000	31102999	9
chr16	31103000	31103999	27
chr16	31104000	31104999	29
chr16	31105000	31105999	2
chr16	31106000	31106999	10
chr16	31107000	31107999	7
chr16	31108000	31108999	0
chr16	31109000	31109999	13
chr16	31110000	31110999	4
chr16	31111000	31111999	0
chr16	31112000	31112999	0
chr16	31113000	31113999	7
chr16	31114000	31114999	8
chr16	31115000	31115999	0
chr16	31116000	31116999	4
chr16	31117000	31117999	0
chr16	31118000	31118999	13
chr16	31119000	31119999	9
chr16	31120000	31120999	8
chr16	31121000	31121999	16
chr16	31122000	31122999	6
chr16	31123000	31123999	0
chr16	31124000	31124999	24
chr16	31125000	31125999	3
chr16	31126000	31126999	0
chr16	31127000	31127999	4
chr16	31128000	31128999	9
chr16	31129000	31129999	0
chr16	31130000	31130999	0
chr16	31131000	31131999	23
chr16	31132000	31132999	20
chr16	31133000	31133999	8
chr16	31134000	31134999	0
chr16	31135000	31135999	2
chr16	31136000	31136999	2
chr16	31137000	31137999	31
chr16	31138000	31138999	38
chr16	31139000	31139999	9
chr16	31140000	31140999	15
chr16	31141000	31141999	5
chr16	31142000	31142999	22
chr16	31143000	31143999	17
chr16	31144000	31144999	7
chr16	31145000	31145999	15
chr16	31146000	31146999	0
chr16	31147000	31147999	23
chr16	31148000	31148999	0
chr16	31149000	31149999	20
chr16	31150000	31150999	7
chr16	31151000	31151999	7
chr16	31152000	31152999	4
chr16	31153000	31153999	1
chr16	31154000	31154999	8
chr16	31155000	31155999	23
chr16	31156000	31156999	12
chr16	31157000	31157999	2
chr16	31158000	31158999	3
chr16	31159000	31159999	11
chr16	31160000	31160999	10
chr16	31161000	31161999	0
chr16	31162000	31162999	0
chr16	31163000	31163999	22
chr16	31164000	31164999	1
chr16	31165000	31165999	11
chr16	31166000	31166999	13
chr16	31167000	31167999	27
chr16	31168000	31168999	31
chr16	31169000	31169999	8
chr16	31170000	31170999	3
chr16	31171000	31171999	0
chr16	31172000	31172999	17
chr16	31173000	31173999	0
chr16	31174000	31174999	32
chr16	31175000	31175999	6
chr16	31176000	31176999	10
chr16	31177000	31177999	5
chr16	31178000	31178999	9
chr16	31179000	31179999	12
chr16	31180000	31180999	8
chr16	31181000	31181999	0
chr16	31182000	31182999	15
chr16	31183000	31183999	9
chr16	31184000	31184999	2
chr16	31185000	31185999	46
chr16	31186000	31186999	37
chr16	31187000	31187999	1
chr16	31188000	31188999	15
chr16	31189000	31189999	22
chr16	31190000	31190999	19
chr16	31191000	31191999	14
chr16	31192000	31192999	27
chr16	31193000	31193999	5
chr16	31194000	31194999	15
chr16	31195000	31195999	8
chr16	31196000	31196999	12
chr16	31197000	31197999	23
chr16	31198000	31198999	25
chr16	31199000	31199999	41
chr16	31200000	31200999	57
chr16	31201000	31201999	96
chr16	31202000	31202999	31
chr16	31203000	31203999	8
chr16	31204000	31204999	0
chr16	31205000	31205999	1
chr16	31206000	31206999	18
chr16	31207000	31207999	0
chr16	31208000	31208999	1
chr16	31209000	31209999	15
chr16	31210000	31210999	4
chr16	31211000	31211999	9
chr16	31212000	31212999	30
chr16	31213000	31213999	0
chr16	31214000	31214999	8
chr16	31215000	31215999	8
chr16	31216000	31216999	11
chr16	31217000	31217999	10
chr16	31218000	31218999	2
chr16	31219000	31219999	4
chr16	31220000	31220999	0
chr16	31221000	31221999	2
chr16	31222000	31222999	0
chr16	31223000	31223999	0
chr16	31224000	31224999	0
chr16	31225000	31225999	5
chr16	31226000	31226999	0
chr16	31227000	31227999	0
chr16	31228000	31228999	25
chr16	31229000	31229999	5
chr16	31230000	31230999	6
chr16	31231000	31231999	11
chr16	31232000	31232999	20
chr16	31233000	31233999	103
chr16	31234000	31234999	50
chr16	31235000	31235999	22
chr16	31236000	31236999	11
chr16	31237000	31237999	11
chr16	31238000	31238999	14
chr16	31239000	31239999	0
chr16	31240000	31240999	26
chr16	31241000	31241999	13
chr16	31242000	31242999	17
chr16	31243000	31243999	22
chr16	31244000	31244999	2
chr16	31245000	31245999	8
chr16	31246000	31246999	18
chr16	31247000	31247999	3
chr16	31248000	31248999	11
chr16	31249000	31249999	16
chr16	31250000	31250999	16
chr16	31251000	31251999	11
chr16	31252000	31252999	33
chr16	31253000	31253999	0
chr16	31254000	31254999	0
chr16	31255000	31255999	5
chr16	31256000	31256999	19
chr16	31257000	31257999	1
chr16	31258000	31258999	2
chr16	31259000	31259999	22
chr16	31260000	31260999	0
chr16	31261000	31261999	6
chr16	31262000	31262999	7
chr16	31263000	31263999	13
chr16	31264000	31264999	12
chr16	31265000	31265999	11
chr16	31266000	31266999	7
chr16	31267000	31267999	6
chr16	31268000	31268999	7
chr16	31269000	31269999	8
chr16	31270000	31270999	6
chr16	31271000	31271999	16
chr16	31272000	31272999	13
chr16	31273000	31273999	15
chr16	31274000	31274999	19
chr16	31275000	31275999	89
chr16	31276000	31276999	23
chr16	31277000	31277999	26
chr16	31278000	31278999	17
chr16	31279000	31279999	11
chr16	31280000	31280999	0
chr16	31281000	31281999	12
chr16	31282000	31282999	12
chr16	31283000	31283999	4
chr16	31284000	31284999	1
chr16	31285000	31285999	10
chr16	31286000	31286999	52
chr16	31287000	31287999	2
chr16	31288000	31288999	5
chr16	31289000	31289999	10
chr16	31290000	31290999	62
chr16	31291000	31291999	33
chr16	31292000	31292999	40
chr16	31293000	31293999	13
chr16	31294000	31294999	33
chr16	31295000	31295999	26
chr16	31296000	31296999	6
chr16	31297000	31297999	3
chr16	31298000	31298999	12
chr16	31299000	31299999	30
chr16	31300000	31300999	10
chr16	31301000	31301999	14
chr16	31302000	31302999	5
chr16	31303000	31303999	21
chr16	31304000	31304999	11
chr16	31305000	31305999	0
chr16	31306000	31306999	15
chr16	31307000	31307999	6
chr16	31308000	31308999	18
chr16	31309000	31309999	7
chr16	31310000	31310999	2
chr16	31311000	31311999	39
chr16	31312000	31312999	6
chr16	31313000	31313999	16
chr16	31314000	31314999	32
chr16	31315000	31315999	3
chr16	31316000	31316999	58
chr16	31317000	31317999	27
chr16	31318000	31318999	7
chr16	31319000	31319999	2
chr16	31320000	31320999	7
chr16	31321000	31321999	38
chr16	31322000	31322999	14
chr16	31323000	31323999	26
chr16	31324000	31324999	29
chr16	31325000	31325999	14
chr16	31326000	31326999	7
chr16	31327000	31327999	6
chr16	31328000	31328999	10
chr16	31329000	31329999	20
chr16	31330000	31330999	1
chr16	31331000	31331999	13
chr16	31332000	31332999	9
chr16	31333000	31333999	14
chr16	31334000	31334999	21
chr16	31335000	31335999	31
chr16	31336000	31336999	5
chr16	31337000	31337999	14
chr16	31338000	31338999	38
chr16	31339000	31339999	0
chr16	31340000	31340999	31
chr16	31341000	31341999	1
chr16	31342000	31342999	60
chr16	31343000	31343999	21
chr16	31344000	31344999	7
chr16	31345000	31345999	20
chr16	31346000	31346999	6
chr16	31347000	31347999	26
chr16	31348000	31348999	21
chr16	31349000	31349999	13
chr16	31350000	31350999	12
chr16	31351000	31351999	2
chr16	31352000	31352999	14
chr16	31353000	31353999	16
chr16	31354000	31354999	1
chr16	31355000	31355999	23
chr16	31356000	31356999	0
chr16	31357000	31357999	0
chr16	31358000	31358999	15
chr16	31359000	31359999	11
chr16	31360000	31360999	13
chr16	31361000	31361999	2
chr16	31362000	31362999	13
chr16	31363000	31363999	22
chr16	31364000	31364999	49
chr16	31365000	31365999	0
chr16	31366000	31366999	13
chr16	31367000	31367999	35
chr16	31368000	31368999	43
chr16	31369000	31369999	8
chr16	31370000	31370999	9
chr16	31371000	31371999	35
chr16	31372000	31372999	14
chr16	31373000	31373999	0
chr16	31374000	31374999	0
chr16	31375000	31375999	1
chr16	31376000	31376999	0
chr16	31377000	31377999	22
chr16	31378000	31378999	8
chr16	31379000	31379999	13
chr16	31380000	31380999	0
chr16	31381000	31381999	0
chr16	31382000	31382999	0
chr16	31383000	31383999	0
chr16	31384000	31384999	0
chr16	31385000	31385999	0
chr16	31386000	31386999	3
chr16	31387000	31387999	0
chr16	31388000	31388999	2
chr16	31389000	31389999	0
chr16	31390000	31390999	2
chr16	31391000	31391999	0
chr16	31392000	31392999	10
chr16	31393000	31393999	3
chr16	31394000	31394999	10
chr16	31395000	31395999	11
chr16	31396000	31396999	4
chr16	31397000	31397999	3
chr16	31398000	31398999	6
chr16	31399000	31399999	6
chr16	31400000	31400999	28
chr16	31401000	31401999	0
chr16	31402000	31402999	2
chr16	31403000	31403999	3
chr16	31404000	31404999	12
chr16	31405000	31405999	0
chr16	31406000	31406999	2
chr16	31407000	31407999	10
chr16	31408000	31408999	0
chr16	31409000	31409999	4
chr16	31410000	31410999	9
chr16	31411000	31411999	9
chr16	31412000	31412999	11
chr16	31413000	31413999	0
chr16	31414000	31414999	12
chr16	31415000	31415999	15
chr16	31416000	31416999	0
chr16	31417000	31417999	26
chr16	31418000	31418999	12
chr16	31419000	31419999	18
chr16	31420000	31420999	0
chr16	31421000	31421999	29
chr16	31422000	31422999	21
chr16	31423000	31423999	4
chr16	31424000	31424999	23
chr16	31425000	31425999	95
chr16	31426000	31426999	50
chr16	31427000	31427999	8
chr16	31428000	31428999	43
chr16	31429000	31429999	192
chr16	31430000	31430999	75
chr16	31431000	31431999	11
chr16	31432000	31432999	5
chr16	31433000	31433999	17
chr16	31434000	31434999	12
chr16	31435000	31435999	9
chr16	31436000	31436999	13
chr16	31437000	31437999	10
chr16	31438000	31438999	3
chr16	31439000	31439999	0
chr16	31440000	31440999	7
chr16	31441000	31441999	20
chr16	31442000	31442999	2
chr16	31443000	31443999	22
chr16	31444000	31444999	6
chr16	31445000	31445999	7
chr16	31446000	31446999	5
chr16	31447000	31447999	17
chr16	31448000	31448999	32
chr16	31449000	31449999	33
chr16	31450000	31450999	32
chr16	31451000	31451999	29
chr16	31452000	31452999	4
chr16	31453000	31453999	5
chr16	31454000	31454999	4
chr16	31455000	31455999	15
chr16	31456000	31456999	9
chr16	31457000	31457999	6
chr16	31458000	31458999	54
chr16	31459000	31459999	32
chr16	31460000	31460999	81
chr16	31461000	31461999	17
chr16	31462000	31462999	19
chr16	31463000	31463999	33
chr16	31464000	31464999	8
chr16	31465000	31465999	37
chr16	31466000	31466999	15
chr16	31467000	31467999	0
chr16	31468000	31468999	0
chr16	31469000	31469999	11
chr16	31470000	31470999	18
chr16	31471000	31471999	25
chr16	31472000	31472999	26
chr16	31473000	31473999	6
chr16	31474000	31474999	0
chr16	31475000	31475999	31
chr16	31476000	31476999	2
chr16	31477000	31477999	13
chr16	31478000	31478999	1
chr16	31479000	31479999	0
chr16	31480000	31480999	3
chr16	31481000	31481999	13
chr16	31482000	31482999	16
chr16	31483000	31483999	1
chr16	31484000	31484999	9
chr16	31485000	31485999	5
chr16	31486000	31486999	8
chr16	31487000	31487999	3
chr16	31488000	31488999	12
chr16	31489000	31489999	10
chr16	31490000	31490999	10
chr16	31491000	31491999	5
chr16	31492000	31492999	12
chr16	31493000	31493999	41
chr16	31494000	31494999	22
chr16	31495000	31495999	61
chr16	31496000	31496999	31
chr16	31497000	31497999	17
chr16	31498000	31498999	11
chr16	31499000	31499999	18
chr16	31500000	31500999	19
chr16	31501000	31501999	30
chr16	31502000	31502999	4
chr16	31503000	31503999	6
chr16	31504000	31504999	22
chr16	31505000	31505999	0
chr16	31506000	31506999	98
chr16	31507000	31507999	63
chr16	31508000	31508999	60
chr16	31509000	31509999	63
chr16	31510000	31510999	119
chr16	31511000	31511999	4
chr16	31512000	31512999	5
chr16	31513000	31513999	20
chr16	31514000	31514999	22
chr16	31515000	31515999	0
chr16	31516000	31516999	7
chr16	31517000	31517999	44
chr16	31518000	31518999	0
chr16	31519000	31519999	16
chr16	31520000	31520999	6
chr16	31521000	31521999	11
chr16	31522000	31522999	1
chr16	31523000	31523999	29
chr16	31524000	31524999	12
chr16	31525000	31525999	8
chr16	31526000	31526999	28
chr16	31527000	31527999	37
chr16	31528000	31528999	35
chr16	31529000	31529999	34
chr16	31530000	31530999	30
chr16	31531000	31531999	25
chr16	31532000	31532999	26
chr16	31533000	31533999	13
chr16	31534000	31534999	16
chr16	31535000	31535999	7
chr16	31536000	31536999	18
chr16	31537000	31537999	35
chr16	31538000	31538999	77
chr16	31539000	31539999	20
chr16	31540000	31540999	3
chr16	31541000	31541999	34
chr16	31542000	31542999	10
chr16	31543000	31543999	22
chr16	31544000	31544999	1
chr16	31545000	31545999	26
chr16	31546000	31546999	45
chr16	31547000	31547999	8
chr16	31548000	31548999	9
chr16	31549000	31549999	29
chr16	31550000	31550999	30
chr16	31551000	31551999	74
chr16	31552000	31552999	20
chr16	31553000	31553999	7
chr16	31554000	31554999	23
chr16	31555000	31555999	12
chr16	31556000	31556999	7
chr16	31557000	31557999	14
chr16	31558000	31558999	16
chr16	31559000	31559999	0
chr16	31560000	31560999	0
chr16	31561000	31561999	0
chr16	31562000	31562999	0
chr16	31563000	31563999	0
chr16	31564000	31564999	34
chr16	31565000	31565999	4
chr16	31566000	31566999	25
chr16	31567000	31567999	10
chr16	31568000	31568999	13
chr16	31569000	31569999	22
chr16	31570000	31570999	89
chr16	31571000	31571999	18
chr16	31572000	31572999	13
chr16	31573000	31573999	28
chr16	31574000	31574999	26
chr16	31575000	31575999	22
chr16	31576000	31576999	15
chr16	31577000	31577999	5
chr16	31578000	31578999	0
chr16	31579000	31579999	5
chr16	31580000	31580999	5
chr16	31581000	31581999	5
chr16	31582000	31582999	13
chr16	31583000	31583999	29
chr16	31584000	31584999	18
chr16	31585000	31585999	3
chr16	31586000	31586999	1
chr16	31587000	31587999	12
chr16	31588000	31588999	2
chr16	31589000	31589999	25
chr16	31590000	31590999	0
chr16	31591000	31591999	36
chr16	31592000	31592999	17
chr16	31593000	31593999	31
chr16	31594000	31594999	4
chr16	31595000	31595999	0
chr16	31596000	31596999	0
chr16	31597000	31597999	12
chr16	31598000	31598999	16
chr16	31599000	31599999	13
chr16	31600000	31600999	9
chr16	31601000	31601999	23
chr16	31602000	31602999	13
chr16	31603000	31603999	9
chr16	31604000	31604999	0
chr16	31605000	31605999	21
chr16	31606000	31606999	36
chr16	31607000	31607999	8
chr16	31608000	31608999	8
chr16	31609000	31609999	0
chr16	31610000	31610999	5
chr16	31611000	31611999	17
chr16	31612000	31612999	8
chr16	31613000	31613999	9
chr16	31614000	31614999	7
chr16	31615000	31615999	17
chr16	31616000	31616999	4
chr16	31617000	31617999	26
chr16	31618000	31618999	25
chr16	31619000	31619999	12
chr16	31620000	31620999	21
chr16	31621000	31621999	0
chr16	31622000	31622999	0
chr16	31623000	31623999	18
chr16	31624000	31624999	14
chr16	31625000	31625999	0
chr16	31626000	31626999	6
chr16	31627000	31627999	8
chr16	31628000	31628999	7
chr16	31629000	31629999	2
chr16	31630000	31630999	3
chr16	31631000	31631999	5
chr16	31632000	31632999	0
chr16	31633000	31633999	3
chr16	31634000	31634999	15
chr16	31635000	31635999	8
chr16	31636000	31636999	3
chr16	31637000	31637999	0
chr16	31638000	31638999	3
chr16	31639000	31639999	31
chr16	31640000	31640999	3
chr16	31641000	31641999	2
chr16	31642000	31642999	0
chr16	31643000	31643999	9
chr16	31644000	31644999	0
chr16	31645000	31645999	11
chr16	31646000	31646999	16
chr16	31647000	31647999	6
chr16	31648000	31648999	5
chr16	31649000	31649999	13
chr16	31650000	31650999	4
chr16	31651000	31651999	17
chr16	31652000	31652999	29
chr16	31653000	31653999	3
chr16	31654000	31654999	13
chr16	31655000	31655999	8
chr16	31656000	31656999	24
chr16	31657000	31657999	16
chr16	31658000	31658999	17
chr16	31659000	31659999	36
chr16	31660000	31660999	8
chr16	31661000	31661999	2
chr16	31662000	31662999	15
chr16	31663000	31663999	67
chr16	31664000	31664999	49
chr16	31665000	31665999	6
chr16	31666000	31666999	17
chr16	31667000	31667999	14
chr16	31668000	31668999	3
chr16	31669000	31669999	1
chr16	31670000	31670999	23
chr16	31671000	31671999	20
chr16	31672000	31672999	8
chr16	31673000	31673999	0
chr16	31674000	31674999	8
chr16	31675000	31675999	11
chr16	31676000	31676999	35
chr16	31677000	31677999	8
chr16	31678000	31678999	12
chr16	31679000	31679999	0
chr16	31680000	31680999	10
chr16	31681000	31681999	9
chr16	31682000	31682999	21
chr16	31683000	31683999	30
chr16	31684000	31684999	31
chr16	31685000	31685999	8
chr16	31686000	31686999	17
chr16	31687000	31687999	21
chr16	31688000	31688999	5
chr16	31689000	31689999	6
chr16	31690000	31690999	12
chr16	31691000	31691999	0
chr16	31692000	31692999	10
chr16	31693000	31693999	5
chr16	31694000	31694999	14
chr16	31695000	31695999	0
chr16	31696000	31696999	0
chr16	31697000	31697999	12
chr16	31698000	31698999	15
chr16	31699000	31699999	14
chr16	31700000	31700999	1
chr16	31701000	31701999	4
chr16	31702000	31702999	0
chr16	31703000	31703999	0
chr16	31704000	31704999	30
chr16	31705000	31705999	12
chr16	31706000	31706999	13
chr16	31707000	31707999	18
chr16	31708000	31708999	0
chr16	31709000	31709999	7
chr16	31710000	31710999	29
chr16	31711000	31711999	17
chr16	31712000	31712999	1
chr16	31713000	31713999	5
chr16	31714000	31714999	0
chr16	31715000	31715999	7
chr16	31716000	31716999	7
chr16	31717000	31717999	18
chr16	31718000	31718999	0
chr16	31719000	31719999	2
chr16	31720000	31720999	16
chr16	31721000	31721999	16
chr16	31722000	31722999	23
chr16	31723000	31723999	5
chr16	31724000	31724999	29
chr16	31725000	31725999	9
chr16	31726000	31726999	13
chr16	31727000	31727999	5
chr16	31728000	31728999	0
chr16	31729000	31729999	4
chr16	31730000	31730999	1
chr16	31731000	31731999	4
chr16	31732000	31732999	14
chr16	31733000	31733999	8
chr16	31734000	31734999	7
chr16	31735000	31735999	9
chr16	31736000	31736999	10
chr16	31737000	31737999	17
chr16	31738000	31738999	0
chr16	31739000	31739999	0
chr16	31740000	31740999	2
chr16	31741000	31741999	12
chr16	31742000	31742999	28
chr16	31743000	31743999	13
chr16	31744000	31744999	12
chr16	31745000	31745999	22
chr16	31746000	31746999	13
chr16	31747000	31747999	22
chr16	31748000	31748999	8
chr16	31749000	31749999	13
chr16	31750000	31750999	38
chr16	31751000	31751999	21
chr16	31752000	31752999	0
chr16	31753000	31753999	1
chr16	31754000	31754999	1
chr16	31755000	31755999	0
chr16	31756000	31756999	0
chr16	31757000	31757999	13
chr16	31758000	31758999	3
chr16	31759000	31759999	19
chr16	31760000	31760999	1
chr16	31761000	31761999	0
chr16	31762000	31762999	8
chr16	31763000	31763999	20
chr16	31764000	31764999	3
chr16	31765000	31765999	0
chr16	31766000	31766999	10
chr16	31767000	31767999	0
chr16	31768000	31768999	0
chr16	31769000	31769999	5
chr16	31770000	31770999	14
chr16	31771000	31771999	6
chr16	31772000	31772999	21
chr16	31773000	31773999	0
chr16	31774000	31774999	5
chr16	31775000	31775999	1
chr16	31776000	31776999	25
chr16	31777000	31777999	2
chr16	31778000	31778999	28
chr16	31779000	31779999	10
chr16	31780000	31780999	17
chr16	31781000	31781999	0
chr16	31782000	31782999	2
chr16	31783000	31783999	23
chr16	31784000	31784999	6
chr16	31785000	31785999	6
chr16	31786000	31786999	0
chr16	31787000	31787999	10
chr16	31788000	31788999	0
chr16	31789000	31789999	2
chr16	31790000	31790999	10
chr16	31791000	31791999	1
chr16	31792000	31792999	22
chr16	31793000	31793999	0
chr16	31794000	31794999	21
chr16	31795000	31795999	14
chr16	31796000	31796999	0
chr16	31797000	31797999	15
chr16	31798000	31798999	19
chr16	31799000	31799999	3
chr16	31800000	31800999	21
chr16	31801000	31801999	0
chr16	31802000	31802999	3
chr16	31803000	31803999	8
chr16	31804000	31804999	12
chr16	31805000	31805999	0
chr16	31806000	31806999	0
chr16	31807000	31807999	6
chr16	31808000	31808999	37
chr16	31809000	31809999	16
chr16	31810000	31810999	6
chr16	31811000	31811999	4
chr16	31812000	31812999	0
chr16	31813000	31813999	3
chr16	31814000	31814999	15
chr16	31815000	31815999	8
chr16	31816000	31816999	9
chr16	31817000	31817999	18
chr16	31818000	31818999	4
chr16	31819000	31819999	0
chr16	31820000	31820999	0
chr16	31821000	31821999	0
chr16	31822000	31822999	0
chr16	31823000	31823999	0
chr16	31824000	31824999	0
chr16	31825000	31825999	0
chr16	31826000	31826999	38
chr16	31827000	31827999	0
chr16	31828000	31828999	0
chr16	31829000	31829999	18
chr16	31830000	31830999	29
chr16	31831000	31831999	21
chr16	31832000	31832999	3
chr16	31833000	31833999	13
chr16	31834000	31834999	31
chr16	31835000	31835999	8
chr16	31836000	31836999	3
chr16	31837000	31837999	6
chr16	31838000	31838999	0
chr16	31839000	31839999	28
chr16	31840000	31840999	15
chr16	31841000	31841999	0
chr16	31842000	31842999	5
chr16	31843000	31843999	18
chr16	31844000	31844999	0
chr16	31845000	31845999	22
chr16	31846000	31846999	0
chr16	31847000	31847999	14
chr16	31848000	31848999	3
chr16	31849000	31849999	19
chr16	31850000	31850999	11
chr16	31851000	31851999	2
chr16	31852000	31852999	6
chr16	31853000	31853999	21
chr16	31854000	31854999	14
chr16	31855000	31855999	8
chr16	31856000	31856999	19
chr16	31857000	31857999	11
chr16	31858000	31858999	0
chr16	31859000	31859999	25
chr16	31860000	31860999	14
chr16	31861000	31861999	8
chr16	31862000	31862999	8
chr16	31863000	31863999	2
chr16	31864000	31864999	14
chr16	31865000	31865999	0
chr16	31866000	31866999	15
chr16	31867000	31867999	21
chr16	31868000	31868999	1
chr16	31869000	31869999	0
chr16	31870000	31870999	0
chr16	31871000	31871999	16
chr16	31872000	31872999	3
chr16	31873000	31873999	0
chr16	31874000	31874999	2
chr16	31875000	31875999	7
chr16	31876000	31876999	14
chr16	31877000	31877999	24
chr16	31878000	31878999	23
chr16	31879000	31879999	7
chr16	31880000	31880999	25
chr16	31881000	31881999	0
chr16	31882000	31882999	4
chr16	31883000	31883999	2
chr16	31884000	31884999	14
chr16	31885000	31885999	12
chr16	31886000	31886999	14
chr16	31887000	31887999	11
chr16	31888000	31888999	16
chr16	31889000	31889999	4
chr16	31890000	31890999	15
chr16	31891000	31891999	2
chr16	31892000	31892999	0
chr16	31893000	31893999	15
chr16	31894000	31894999	35
chr16	31895000	31895999	21
chr16	31896000	31896999	27
chr16	31897000	31897999	30
chr16	31898000	31898999	0
chr16	31899000	31899999	7
chr16	31900000	31900999	13
chr16	31901000	31901999	19
chr16	31902000	31902999	13
chr16	31903000	31903999	0
chr16	31904000	31904999	8
chr16	31905000	31905999	17
chr16	31906000	31906999	20
chr16	31907000	31907999	22
chr16	31908000	31908999	7
chr16	31909000	31909999	4
chr16	31910000	31910999	6
chr16	31911000	31911999	0
chr16	31912000	31912999	8
chr16	31913000	31913999	0
chr16	31914000	31914999	8
chr16	31915000	31915999	4
chr16	31916000	31916999	19
chr16	31917000	31917999	5
chr16	31918000	31918999	35
chr16	31919000	31919999	3
chr16	31920000	31920999	6
chr16	31921000	31921999	0
chr16	31922000	31922999	4
chr16	31923000	31923999	0
chr16	31924000	31924999	0
chr16	31925000	31925999	9
chr16	31926000	31926999	18
chr16	31927000	31927999	3
chr16	31928000	31928999	1
chr16	31929000	31929999	3
chr16	31930000	31930999	11
chr16	31931000	31931999	0
chr16	31932000	31932999	26
chr16	31933000	31933999	8
chr16	31934000	31934999	1
chr16	31935000	31935999	17
chr16	31936000	31936999	19
chr16	31937000	31937999	2
chr16	31938000	31938999	8
chr16	31939000	31939999	1
chr16	31940000	31940999	2
chr16	31941000	31941999	0
chr16	31942000	31942999	0
chr16	31943000	31943999	7
chr16	31944000	31944999	52
chr16	31945000	31945999	18
chr16	31946000	31946999	0
chr16	31947000	31947999	19
chr16	31948000	31948999	68
chr16	31949000	31949999	18
chr16	31950000	31950999	2
chr16	31951000	31951999	29
chr16	31952000	31952999	10
chr16	31953000	31953999	7
chr16	31954000	31954999	19
chr16	31955000	31955999	3
chr16	31956000	31956999	2
chr16	31957000	31957999	21
chr16	31958000	31958999	6
chr16	31959000	31959999	11
chr16	31960000	31960999	3
chr16	31961000	31961999	0
chr16	31962000	31962999	6
chr16	31963000	31963999	11
chr16	31964000	31964999	18
chr16	31965000	31965999	2
chr16	31966000	31966999	0
chr16	31967000	31967999	7
chr16	31968000	31968999	0
chr16	31969000	31969999	6
chr16	31970000	31970999	7
chr16	31971000	31971999	7
chr16	31972000	31972999	2
chr16	31973000	31973999	8
chr16	31974000	31974999	7
chr16	31975000	31975999	11
chr16	31976000	31976999	11
chr16	31977000	31977999	9
chr16	31978000	31978999	15
chr16	31979000	31979999	0
chr16	31980000	31980999	0
chr16	31981000	31981999	6
chr16	31982000	31982999	10
chr16	31983000	31983999	11
chr16	31984000	31984999	11
chr16	31985000	31985999	2
chr16	31986000	31986999	2
chr16	31987000	31987999	17
chr16	31988000	31988999	14
chr16	31989000	31989999	0
chr16	31990000	31990999	11
chr16	31991000	31991999	0
chr16	31992000	31992999	38
chr16	31993000	31993999	0
chr16	31994000	31994999	0
chr16	31995000	31995999	5
chr16	31996000	31996999	21
chr16	31997000	31997999	4
chr16	31998000	31998999	1
chr16	31999000	31999999	2
chr16	32000000	32000999	0
chr16	32001000	32001999	11
chr16	32002000	32002999	12
chr16	32003000	32003999	55
chr16	32004000	32004999	1
chr16	32005000	32005999	10
chr16	32006000	32006999	3
chr16	32007000	32007999	9
chr16	32008000	32008999	2
chr16	32009000	32009999	4
chr16	32010000	32010999	2
chr16	32011000	32011999	12
chr16	32012000	32012999	5
chr16	32013000	32013999	0
chr16	32014000	32014999	21
chr16	32015000	32015999	6
chr16	32016000	32016999	13
chr16	32017000	32017999	17
chr16	32018000	32018999	13
chr16	32019000	32019999	4
chr16	32020000	32020999	2
chr16	32021000	32021999	26
chr16	32022000	32022999	3
chr16	32023000	32023999	12
chr16	32024000	32024999	1
chr16	32025000	32025999	22
chr16	32026000	32026999	19
chr16	32027000	32027999	4
chr16	32028000	32028999	0
chr16	32029000	32029999	17
chr16	32030000	32030999	11
chr16	32031000	32031999	2
chr16	32032000	32032999	9
chr16	32033000	32033999	2
chr16	32034000	32034999	0
chr16	32035000	32035999	17
chr16	32036000	32036999	0
chr16	32037000	32037999	4
chr16	32038000	32038999	3
chr16	32039000	32039999	14
chr16	32040000	32040999	2
chr16	32041000	32041999	0
chr16	32042000	32042999	20
chr16	32043000	32043999	8
chr16	32044000	32044999	5
chr16	32045000	32045999	3
chr16	32046000	32046999	8
chr16	32047000	32047999	6
chr16	32048000	32048999	49
chr16	32049000	32049999	16
chr16	32050000	32050999	0
chr16	32051000	32051999	7
chr16	32052000	32052999	24
chr16	32053000	32053999	10
chr16	32054000	32054999	28
chr16	32055000	32055999	4
chr16	32056000	32056999	4
chr16	32057000	32057999	19
chr16	32058000	32058999	22
chr16	32059000	32059999	29
chr16	32060000	32060999	54
chr16	32061000	32061999	11
chr16	32062000	32062999	8
chr16	32063000	32063999	13
chr16	32064000	32064999	22
chr16	32065000	32065999	14
chr16	32066000	32066999	19
chr16	32067000	32067999	23
chr16	32068000	32068999	38
chr16	32069000	32069999	0
chr16	32070000	32070999	4
chr16	32071000	32071999	26
chr16	32072000	32072999	10
chr16	32073000	32073999	5
chr16	32074000	32074999	19
chr16	32075000	32075999	0
chr16	32076000	32076999	17
chr16	32077000	32077999	30
chr16	32078000	32078999	56
chr16	32079000	32079999	87
chr16	32080000	32080999	17
chr16	32081000	32081999	10
chr16	32082000	32082999	11
chr16	32083000	32083999	5
chr16	32084000	32084999	7
chr16	32085000	32085999	8
chr16	32086000	32086999	5
chr16	32087000	32087999	83
chr16	32088000	32088999	53
chr16	32089000	32089999	12
chr16	32090000	32090999	0
chr16	32091000	32091999	16
chr16	32092000	32092999	2
chr16	32093000	32093999	5
chr16	32094000	32094999	6
chr16	32095000	32095999	1
chr16	32096000	32096999	13
chr16	32097000	32097999	2
chr16	32098000	32098999	9
chr16	32099000	32099999	89
chr16	32100000	32100999	15
chr16	32101000	32101999	7
chr16	32102000	32102999	5
chr16	32103000	32103999	9
chr16	32104000	32104999	26
chr16	32105000	32105999	3
chr16	32106000	32106999	9
chr16	32107000	32107999	2
chr16	32108000	32108999	5
chr16	32109000	32109999	0
chr16	32110000	32110999	8
chr16	32111000	32111999	24
chr16	32112000	32112999	25
chr16	32113000	32113999	13
chr16	32114000	32114999	19
chr16	32115000	32115999	26
chr16	32116000	32116999	35
chr16	32117000	32117999	11
chr16	32118000	32118999	15
chr16	32119000	32119999	0
chr16	32120000	32120999	1
chr16	32121000	32121999	12
chr16	32122000	32122999	16
chr16	32123000	32123999	2
chr16	32124000	32124999	13
chr16	32125000	32125999	6
chr16	32126000	32126999	3
chr16	32127000	32127999	1
chr16	32128000	32128999	12
chr16	32129000	32129999	11
chr16	32130000	32130999	30
chr16	32131000	32131999	20
chr16	32132000	32132999	15
chr16	32133000	32133999	2
chr16	32134000	32134999	0
chr16	32135000	32135999	2
chr16	32136000	32136999	15
chr16	32137000	32137999	0
chr16	32138000	32138999	16
chr16	32139000	32139999	13
chr16	32140000	32140999	26
chr16	32141000	32141999	0
chr16	32142000	32142999	9
chr16	32143000	32143999	37
chr16	32144000	32144999	14
chr16	32145000	32145999	0
chr16	32146000	32146999	9
chr16	32147000	32147999	23
chr16	32148000	32148999	0
chr16	32149000	32149999	0
chr16	32150000	32150999	0
chr16	32151000	32151999	0
chr16	32152000	32152999	1
chr16	32153000	32153999	0
chr16	32154000	32154999	8
chr16	32155000	32155999	0
chr16	32156000	32156999	9
chr16	32157000	32157999	3
chr16	32158000	32158999	10
chr16	32159000	32159999	8
chr16	32160000	32160999	14
chr16	32161000	32161999	21
chr16	32162000	32162999	4
chr16	32163000	32163999	18
chr16	32164000	32164999	12
chr16	32165000	32165999	51
chr16	32166000	32166999	13
chr16	32167000	32167999	19
chr16	32168000	32168999	35
chr16	32169000	32169999	0
chr16	32170000	32170999	3
chr16	32171000	32171999	12
chr16	32172000	32172999	4
chr16	32173000	32173999	2
chr16	32174000	32174999	9
chr16	32175000	32175999	6
chr16	32176000	32176999	15
chr16	32177000	32177999	28
chr16	32178000	32178999	15
chr16	32179000	32179999	8
chr16	32180000	32180999	11
chr16	32181000	32181999	0
chr16	32182000	32182999	0
chr16	32183000	32183999	14
chr16	32184000	32184999	13
chr16	32185000	32185999	5
chr16	32186000	32186999	16
chr16	32187000	32187999	14
chr16	32188000	32188999	6
chr16	32189000	32189999	15
chr16	32190000	32190999	0
chr16	32191000	32191999	12
chr16	32192000	32192999	32
chr16	32193000	32193999	17
chr16	32194000	32194999	13
chr16	32195000	32195999	13
chr16	32196000	32196999	0
chr16	32197000	32197999	0
chr16	32198000	32198999	0
chr16	32199000	32199999	0
chr16	32200000	32200999	33
chr16	32201000	32201999	53
chr16	32202000	32202999	24
chr16	32203000	32203999	19
chr16	32204000	32204999	0
chr16	32205000	32205999	0
chr16	32206000	32206999	2
chr16	32207000	32207999	2
chr16	32208000	32208999	11
chr16	32209000	32209999	11
chr16	32210000	32210999	0
chr16	32211000	32211999	1
chr16	32212000	32212999	4
chr16	32213000	32213999	5
chr16	32214000	32214999	5
chr16	32215000	32215999	0
chr16	32216000	32216999	10
chr16	32217000	32217999	3
chr16	32218000	32218999	3
chr16	32219000	32219999	2
chr16	32220000	32220999	8
chr16	32221000	32221999	15
chr16	32222000	32222999	3
chr16	32223000	32223999	19
chr16	32224000	32224999	0
chr16	32225000	32225999	26
chr16	32226000	32226999	18
chr16	32227000	32227999	12
chr16	32228000	32228999	11
chr16	32229000	32229999	15
chr16	32230000	32230999	2
chr16	32231000	32231999	2
chr16	32232000	32232999	0
chr16	32233000	32233999	4
chr16	32234000	32234999	18
chr16	32235000	32235999	13
chr16	32236000	32236999	2
chr16	32237000	32237999	8
chr16	32238000	32238999	3
chr16	32239000	32239999	5
chr16	32240000	32240999	1
chr16	32241000	32241999	8
chr16	32242000	32242999	0
chr16	32243000	32243999	18
chr16	32244000	32244999	18
chr16	32245000	32245999	27
chr16	32246000	32246999	104
chr16	32247000	32247999	104
chr16	32248000	32248999	8
chr16	32249000	32249999	30
chr16	32250000	32250999	2
chr16	32251000	32251999	5
chr16	32252000	32252999	10
chr16	32253000	32253999	0
chr16	32254000	32254999	17
chr16	32255000	32255999	7
chr16	32256000	32256999	0
chr16	32257000	32257999	28
chr16	32258000	32258999	21
chr16	32259000	32259999	0
chr16	32260000	32260999	7
chr16	32261000	32261999	0
chr16	32262000	32262999	3
chr16	32263000	32263999	5
chr16	32264000	32264999	5
chr16	32265000	32265999	4
chr16	32266000	32266999	5
chr16	32267000	32267999	4
chr16	32268000	32268999	4
chr16	32269000	32269999	18
chr16	32270000	32270999	7
chr16	32271000	32271999	12
chr16	32272000	32272999	1
chr16	32273000	32273999	23
chr16	32274000	32274999	10
chr16	32275000	32275999	0
chr16	32276000	32276999	6
chr16	32277000	32277999	60
chr16	32278000	32278999	21
chr16	32279000	32279999	12
chr16	32280000	32280999	0
chr16	32281000	32281999	0
chr16	32282000	32282999	12
chr16	32283000	32283999	10
chr16	32284000	32284999	3
chr16	32285000	32285999	10
chr16	32286000	32286999	4
chr16	32287000	32287999	10
chr16	32288000	32288999	18
chr16	32289000	32289999	12
chr16	32290000	32290999	7
chr16	32291000	32291999	8
chr16	32292000	32292999	0
chr16	32293000	32293999	8
chr16	32294000	32294999	0
chr16	32295000	32295999	7
chr16	32296000	32296999	0
chr16	32297000	32297999	0
chr16	32298000	32298999	18
chr16	32299000	32299999	14
chr16	32300000	32300999	8
chr16	32301000	32301999	9
chr16	32302000	32302999	3
chr16	32303000	32303999	3
chr16	32304000	32304999	4
chr16	32305000	32305999	0
chr16	32306000	32306999	18
chr16	32307000	32307999	3
chr16	32308000	32308999	5
chr16	32309000	32309999	0
chr16	32310000	32310999	2
chr16	32311000	32311999	0
chr16	32312000	32312999	0
chr16	32313000	32313999	14
chr16	32314000	32314999	0
chr16	32315000	32315999	3
chr16	32316000	32316999	6
chr16	32317000	32317999	8
chr16	32318000	32318999	0
chr16	32319000	32319999	10
chr16	32320000	32320999	12
chr16	32321000	32321999	0
chr16	32322000	32322999	5
chr16	32323000	32323999	0
chr16	32324000	32324999	12
chr16	32325000	32325999	3
chr16	32326000	32326999	3
chr16	32327000	32327999	1
chr16	32328000	32328999	7
chr16	32329000	32329999	5
chr16	32330000	32330999	14
chr16	32331000	32331999	22
chr16	32332000	32332999	91
chr16	32333000	32333999	10
chr16	32334000	32334999	15
chr16	32335000	32335999	3
chr16	32336000	32336999	7
chr16	32337000	32337999	14
chr16	32338000	32338999	7
chr16	32339000	32339999	28
chr16	32340000	32340999	0
chr16	32341000	32341999	12
chr16	32342000	32342999	7
chr16	32343000	32343999	5
chr16	32344000	32344999	0
chr16	32345000	32345999	13
chr16	32346000	32346999	17
chr16	32347000	32347999	34
chr16	32348000	32348999	4
chr16	32349000	32349999	13
chr16	32350000	32350999	19
chr16	32351000	32351999	10
chr16	32352000	32352999	19
chr16	32353000	32353999	7
chr16	32354000	32354999	5
chr16	32355000	32355999	2
chr16	32356000	32356999	7
chr16	32357000	32357999	13
chr16	32358000	32358999	0
chr16	32359000	32359999	11
chr16	32360000	32360999	5
chr16	32361000	32361999	0
chr16	32362000	32362999	14
chr16	32363000	32363999	8
chr16	32364000	32364999	8
chr16	32365000	32365999	9
chr16	32366000	32366999	9
chr16	32367000	32367999	0
chr16	32368000	32368999	20
chr16	32369000	32369999	34
chr16	32370000	32370999	9
chr16	32371000	32371999	25
chr16	32372000	32372999	4
chr16	32373000	32373999	19
chr16	32374000	32374999	13
chr16	32375000	32375999	1
chr16	32376000	32376999	0
chr16	32377000	32377999	4
chr16	32378000	32378999	4
chr16	32379000	32379999	4
chr16	32380000	32380999	9
chr16	32381000	32381999	6
chr16	32382000	32382999	0
chr16	32383000	32383999	14
chr16	32384000	32384999	26
chr16	32385000	32385999	5
chr16	32386000	32386999	6
chr16	32387000	32387999	0
chr16	32388000	32388999	0
chr16	32389000	32389999	0
chr16	32390000	32390999	0
chr16	32391000	32391999	4
chr16	32392000	32392999	0
chr16	32393000	32393999	7
chr16	32394000	32394999	7
chr16	32395000	32395999	8
chr16	32396000	32396999	26
chr16	32397000	32397999	3
chr16	32398000	32398999	0
chr16	32399000	32399999	0
chr16	32400000	32400999	9
chr16	32401000	32401999	25
chr16	32402000	32402999	7
chr16	32403000	32403999	20
chr16	32404000	32404999	2
chr16	32405000	32405999	2
chr16	32406000	32406999	8
chr16	32407000	32407999	9
chr16	32408000	32408999	6
chr16	32409000	32409999	1
chr16	32410000	32410999	19
chr16	32411000	32411999	0
chr16	32412000	32412999	12
chr16	32413000	32413999	0
chr16	32414000	32414999	8
chr16	32415000	32415999	0
chr16	32416000	32416999	1
chr16	32417000	32417999	9
chr16	32418000	32418999	9
chr16	32419000	32419999	40
chr16	32420000	32420999	26
chr16	32421000	32421999	22
chr16	32422000	32422999	8
chr16	32423000	32423999	10
chr16	32424000	32424999	4
chr16	32425000	32425999	13
chr16	32426000	32426999	9
chr16	32427000	32427999	11
chr16	32428000	32428999	11
chr16	32429000	32429999	9
chr16	32430000	32430999	54
chr16	32431000	32431999	34
chr16	32432000	32432999	11
chr16	32433000	32433999	0
chr16	32434000	32434999	7
chr16	32435000	32435999	11
chr16	32436000	32436999	1
chr16	32437000	32437999	7
chr16	32438000	32438999	8
chr16	32439000	32439999	11
chr16	32440000	32440999	0
chr16	32441000	32441999	23
chr16	32442000	32442999	0
chr16	32443000	32443999	0
chr16	32444000	32444999	10
chr16	32445000	32445999	3
chr16	32446000	32446999	0
chr16	32447000	32447999	6
chr16	32448000	32448999	5
chr16	32449000	32449999	7
chr16	32450000	32450999	1
chr16	32451000	32451999	13
chr16	32452000	32452999	12
chr16	32453000	32453999	1
chr16	32454000	32454999	12
chr16	32455000	32455999	7
chr16	32456000	32456999	35
chr16	32457000	32457999	7
chr16	32458000	32458999	3
chr16	32459000	32459999	8
chr16	32460000	32460999	6
chr16	32461000	32461999	0
chr16	32462000	32462999	9
chr16	32463000	32463999	0
chr16	32464000	32464999	11
chr16	32465000	32465999	0
chr16	32466000	32466999	9
chr16	32467000	32467999	13
chr16	32468000	32468999	4
chr16	32469000	32469999	10
chr16	32470000	32470999	13
chr16	32471000	32471999	1
chr16	32472000	32472999	8
chr16	32473000	32473999	15
chr16	32474000	32474999	4
chr16	32475000	32475999	0
chr16	32476000	32476999	49
chr16	32477000	32477999	21
chr16	32478000	32478999	29
chr16	32479000	32479999	28
chr16	32480000	32480999	2
chr16	32481000	32481999	5
chr16	32482000	32482999	0
chr16	32483000	32483999	14
chr16	32484000	32484999	22
chr16	32485000	32485999	14
chr16	32486000	32486999	11
chr16	32487000	32487999	6
chr16	32488000	32488999	14
chr16	32489000	32489999	1
chr16	32490000	32490999	0
chr16	32491000	32491999	2
chr16	32492000	32492999	26
chr16	32493000	32493999	11
chr16	32494000	32494999	5
chr16	32495000	32495999	26
chr16	32496000	32496999	6
chr16	32497000	32497999	17
chr16	32498000	32498999	25
chr16	32499000	32499999	18
chr16	32500000	32500999	7
chr16	32501000	32501999	1
chr16	32502000	32502999	6
chr16	32503000	32503999	0
chr16	32504000	32504999	0
chr16	32505000	32505999	0
chr16	32506000	32506999	11
chr16	32507000	32507999	29
chr16	32508000	32508999	18
chr16	32509000	32509999	50
chr16	32510000	32510999	77
chr16	32511000	32511999	79
chr16	32512000	32512999	47
chr16	32513000	32513999	48
chr16	32514000	32514999	21
chr16	32515000	32515999	1
chr16	32516000	32516999	15
chr16	32517000	32517999	3
chr16	32518000	32518999	6
chr16	32519000	32519999	14
chr16	32520000	32520999	16
chr16	32521000	32521999	33
chr16	32522000	32522999	10
chr16	32523000	32523999	80
chr16	32524000	32524999	17
chr16	32525000	32525999	0
chr16	32526000	32526999	18
chr16	32527000	32527999	90
chr16	32528000	32528999	12
chr16	32529000	32529999	10
chr16	32530000	32530999	5
chr16	32531000	32531999	14
chr16	32532000	32532999	16
chr16	32533000	32533999	8
chr16	32534000	32534999	6
chr16	32535000	32535999	4
chr16	32536000	32536999	29
chr16	32537000	32537999	4
chr16	32538000	32538999	11
chr16	32539000	32539999	4
chr16	32540000	32540999	17
chr16	32541000	32541999	20
chr16	32542000	32542999	12
chr16	32543000	32543999	23
chr16	32544000	32544999	5
chr16	32545000	32545999	0
chr16	32546000	32546999	5
chr16	32547000	32547999	1
chr16	32548000	32548999	5
chr16	32549000	32549999	25
chr16	32550000	32550999	26
chr16	32551000	32551999	19
chr16	32552000	32552999	13
chr16	32553000	32553999	20
chr16	32554000	32554999	16
chr16	32555000	32555999	2
chr16	32556000	32556999	7
chr16	32557000	32557999	11
chr16	32558000	32558999	4
chr16	32559000	32559999	0
chr16	32560000	32560999	10
chr16	32561000	32561999	7
chr16	32562000	32562999	18
chr16	32563000	32563999	89
chr16	32564000	32564999	4
chr16	32565000	32565999	0
chr16	32566000	32566999	10
chr16	32567000	32567999	2
chr16	32568000	32568999	2
chr16	32569000	32569999	1
chr16	32570000	32570999	74
chr16	32571000	32571999	30
chr16	32572000	32572999	8
chr16	32573000	32573999	0
chr16	32574000	32574999	4
chr16	32575000	32575999	11
chr16	32576000	32576999	1
chr16	32577000	32577999	0
chr16	32578000	32578999	5
chr16	32579000	32579999	10
chr16	32580000	32580999	0
chr16	32581000	32581999	0
chr16	32582000	32582999	0
chr16	32583000	32583999	0
chr16	32584000	32584999	0
chr16	32585000	32585999	0
chr16	32586000	32586999	0
chr16	32587000	32587999	10
chr16	32588000	32588999	17
chr16	32589000	32589999	5
chr16	32590000	32590999	24
chr16	32591000	32591999	14
chr16	32592000	32592999	14
chr16	32593000	32593999	17
chr16	32594000	32594999	24
chr16	32595000	32595999	6
chr16	32596000	32596999	0
chr16	32597000	32597999	2
chr16	32598000	32598999	7
chr16	32599000	32599999	22
chr16	32600000	32600999	24
chr16	32601000	32601999	17
chr16	32602000	32602999	4
chr16	32603000	32603999	10
chr16	32604000	32604999	9
chr16	32605000	32605999	25
chr16	32606000	32606999	0
chr16	32607000	32607999	8
chr16	32608000	32608999	119
chr16	32609000	32609999	35
chr16	32610000	32610999	24
chr16	32611000	32611999	27
chr16	32612000	32612999	18
chr16	32613000	32613999	55
chr16	32614000	32614999	8
chr16	32615000	32615999	0
chr16	32616000	32616999	0
chr16	32617000	32617999	11
chr16	32618000	32618999	24
chr16	32619000	32619999	8
chr16	32620000	32620999	7
chr16	32621000	32621999	0
chr16	32622000	32622999	0
chr16	32623000	32623999	12
chr16	32624000	32624999	12
chr16	32625000	32625999	4
chr16	32626000	32626999	10
chr16	32627000	32627999	3
chr16	32628000	32628999	5
chr16	32629000	32629999	12
chr16	32630000	32630999	3
chr16	32631000	32631999	0
chr16	32632000	32632999	0
chr16	32633000	32633999	27
chr16	32634000	32634999	4
chr16	32635000	32635999	31
chr16	32636000	32636999	6
chr16	32637000	32637999	19
chr16	32638000	32638999	29
chr16	32639000	32639999	49
chr16	32640000	32640999	9
chr16	32641000	32641999	11
chr16	32642000	32642999	30
chr16	32643000	32643999	27
chr16	32644000	32644999	23
chr16	32645000	32645999	104
chr16	32646000	32646999	76
chr16	32647000	32647999	12
chr16	32648000	32648999	0
chr16	32649000	32649999	4
chr16	32650000	32650999	0
chr16	32651000	32651999	6
chr16	32652000	32652999	1
chr16	32653000	32653999	16
chr16	32654000	32654999	8
chr16	32655000	32655999	7
chr16	32656000	32656999	10
chr16	32657000	32657999	30
chr16	32658000	32658999	16
chr16	32659000	32659999	3
chr16	32660000	32660999	78
chr16	32661000	32661999	15
chr16	32662000	32662999	7
chr16	32663000	32663999	13
chr16	32664000	32664999	28
chr16	32665000	32665999	23
chr16	32666000	32666999	29
chr16	32667000	32667999	2
chr16	32668000	32668999	4
chr16	32669000	32669999	16
chr16	32670000	32670999	25
chr16	32671000	32671999	27
chr16	32672000	32672999	112
chr16	32673000	32673999	93
chr16	32674000	32674999	48
chr16	32675000	32675999	13
chr16	32676000	32676999	10
chr16	32677000	32677999	13
chr16	32678000	32678999	36
chr16	32679000	32679999	22
chr16	32680000	32680999	22
chr16	32681000	32681999	3
chr16	32682000	32682999	48
chr16	32683000	32683999	55
chr16	32684000	32684999	16
chr16	32685000	32685999	15
chr16	32686000	32686999	11
chr16	32687000	32687999	0
chr16	32688000	32688999	1
chr16	32689000	32689999	32
chr16	32690000	32690999	24
chr16	32691000	32691999	27
chr16	32692000	32692999	11
chr16	32693000	32693999	29
chr16	32694000	32694999	0
chr16	32695000	32695999	1
chr16	32696000	32696999	18
chr16	32697000	32697999	42
chr16	32698000	32698999	59
chr16	32699000	32699999	79
chr16	32700000	32700999	34
chr16	32701000	32701999	17
chr16	32702000	32702999	7
chr16	32703000	32703999	26
chr16	32704000	32704999	35
chr16	32705000	32705999	60
chr16	32706000	32706999	9
chr16	32707000	32707999	5
chr16	32708000	32708999	59
chr16	32709000	32709999	22
chr16	32710000	32710999	30
chr16	32711000	32711999	2
chr16	32712000	32712999	19
chr16	32713000	32713999	17
chr16	32714000	32714999	20
chr16	32715000	32715999	32
chr16	32716000	32716999	0
chr16	32717000	32717999	2
chr16	32718000	32718999	8
chr16	32719000	32719999	0
chr16	32720000	32720999	8
chr16	32721000	32721999	4
chr16	32722000	32722999	2
chr16	32723000	32723999	6
chr16	32724000	32724999	40
chr16	32725000	32725999	27
chr16	32726000	32726999	6
chr16	32727000	32727999	0
chr16	32728000	32728999	4
chr16	32729000	32729999	9
chr16	32730000	32730999	8
chr16	32731000	32731999	5
chr16	32732000	32732999	11
chr16	32733000	32733999	13
chr16	32734000	32734999	15
chr16	32735000	32735999	13
chr16	32736000	32736999	7
chr16	32737000	32737999	20
chr16	32738000	32738999	30
chr16	32739000	32739999	36
chr16	32740000	32740999	14
chr16	32741000	32741999	9
chr16	32742000	32742999	3
chr16	32743000	32743999	18
chr16	32744000	32744999	0
chr16	32745000	32745999	0
chr16	32746000	32746999	9
chr16	32747000	32747999	11
chr16	32748000	32748999	15
chr16	32749000	32749999	0
chr16	32750000	32750999	2
chr16	32751000	32751999	3
chr16	32752000	32752999	4
chr16	32753000	32753999	11
chr16	32754000	32754999	8
chr16	32755000	32755999	0
chr16	32756000	32756999	28
chr16	32757000	32757999	5
chr16	32758000	32758999	6
chr16	32759000	32759999	6
chr16	32760000	32760999	13
chr16	32761000	32761999	7
chr16	32762000	32762999	4
chr16	32763000	32763999	14
chr16	32764000	32764999	21
chr16	32765000	32765999	15
chr16	32766000	32766999	35
chr16	32767000	32767999	4
chr16	32768000	32768999	9
chr16	32769000	32769999	9
chr16	32770000	32770999	0
chr16	32771000	32771999	12
chr16	32772000	32772999	22
chr16	32773000	32773999	13
chr16	32774000	32774999	6
chr16	32775000	32775999	14
chr16	32776000	32776999	1
chr16	32777000	32777999	10
chr16	32778000	32778999	3
chr16	32779000	32779999	44
chr16	32780000	32780999	4
chr16	32781000	32781999	12
chr16	32782000	32782999	7
chr16	32783000	32783999	31
chr16	32784000	32784999	10
chr16	32785000	32785999	11
chr16	32786000	32786999	41
chr16	32787000	32787999	22
chr16	32788000	32788999	8
chr16	32789000	32789999	1
chr16	32790000	32790999	13
chr16	32791000	32791999	21
chr16	32792000	32792999	3
chr16	32793000	32793999	15
chr16	32794000	32794999	2
chr16	32795000	32795999	33
chr16	32796000	32796999	12
chr16	32797000	32797999	60
chr16	32798000	32798999	44
chr16	32799000	32799999	17
chr16	32800000	32800999	7
chr16	32801000	32801999	2
chr16	32802000	32802999	15
chr16	32803000	32803999	49
chr16	32804000	32804999	8
chr16	32805000	32805999	15
chr16	32806000	32806999	13
chr16	32807000	32807999	8
chr16	32808000	32808999	10
chr16	32809000	32809999	2
chr16	32810000	32810999	5
chr16	32811000	32811999	3
chr16	32812000	32812999	2
chr16	32813000	32813999	92
chr16	32814000	32814999	24
chr16	32815000	32815999	14
chr16	32816000	32816999	13
chr16	32817000	32817999	0
chr16	32818000	32818999	5
chr16	32819000	32819999	0
chr16	32820000	32820999	42
chr16	32821000	32821999	5
chr16	32822000	32822999	95
chr16	32823000	32823999	55
chr16	32824000	32824999	34
chr16	32825000	32825999	4
chr16	32826000	32826999	2
chr16	32827000	32827999	5
chr16	32828000	32828999	5
chr16	32829000	32829999	14
chr16	32830000	32830999	7
chr16	32831000	32831999	2
chr16	32832000	32832999	6
chr16	32833000	32833999	1
chr16	32834000	32834999	0
chr16	32835000	32835999	7
chr16	32836000	32836999	35
chr16	32837000	32837999	5
chr16	32838000	32838999	4
chr16	32839000	32839999	13
chr16	32840000	32840999	10
chr16	32841000	32841999	19
chr16	32842000	32842999	3
chr16	32843000	32843999	0
chr16	32844000	32844999	2
chr16	32845000	32845999	7
chr16	32846000	32846999	4
chr16	32847000	32847999	0
chr16	32848000	32848999	12
chr16	32849000	32849999	17
chr16	32850000	32850999	7
chr16	32851000	32851999	21
chr16	32852000	32852999	0
chr16	32853000	32853999	30
chr16	32854000	32854999	27
chr16	32855000	32855999	7
chr16	32856000	32856999	10
chr16	32857000	32857999	1
chr16	32858000	32858999	21
chr16	32859000	32859999	45
chr16	32860000	32860999	7
chr16	32861000	32861999	28
chr16	32862000	32862999	20
chr16	32863000	32863999	16
chr16	32864000	32864999	7
chr16	32865000	32865999	9
chr16	32866000	32866999	5
chr16	32867000	32867999	31
chr16	32868000	32868999	27
chr16	32869000	32869999	30
chr16	32870000	32870999	4
chr16	32871000	32871999	11
chr16	32872000	32872999	11
chr16	32873000	32873999	10
chr16	32874000	32874999	20
chr16	32875000	32875999	17
chr16	32876000	32876999	38
chr16	32877000	32877999	92
chr16	32878000	32878999	31
chr16	32879000	32879999	19
chr16	32880000	32880999	0
chr16	32881000	32881999	0
chr16	32882000	32882999	8
chr16	32883000	32883999	0
chr16	32884000	32884999	0
chr16	32885000	32885999	10
chr16	32886000	32886999	9
chr16	32887000	32887999	30
chr16	32888000	32888999	2
chr16	32889000	32889999	0
chr16	32890000	32890999	4
chr16	32891000	32891999	10
chr16	32892000	32892999	2
chr16	32893000	32893999	11
chr16	32894000	32894999	5
chr16	32895000	32895999	9
chr16	32896000	32896999	25
chr16	32897000	32897999	5
chr16	32898000	32898999	6
chr16	32899000	32899999	2
chr16	32900000	32900999	6
chr16	32901000	32901999	34
chr16	32902000	32902999	25
chr16	32903000	32903999	5
chr16	32904000	32904999	0
chr16	32905000	32905999	30
chr16	32906000	32906999	0
chr16	32907000	32907999	0
chr16	32908000	32908999	0
chr16	32909000	32909999	0
chr16	32910000	32910999	26
chr16	32911000	32911999	29
chr16	32912000	32912999	0
chr16	32913000	32913999	18
chr16	32914000	32914999	35
chr16	32915000	32915999	16
chr16	32916000	32916999	16
chr16	32917000	32917999	1
chr16	32918000	32918999	11
chr16	32919000	32919999	33
chr16	32920000	32920999	26
chr16	32921000	32921999	0
chr16	32922000	32922999	0
chr16	32923000	32923999	0
chr16	32924000	32924999	0
chr16	32925000	32925999	0
chr16	32926000	32926999	1
chr16	32927000	32927999	12
chr16	32928000	32928999	25
chr16	32929000	32929999	25
chr16	32930000	32930999	0
chr16	32931000	32931999	9
chr16	32932000	32932999	0
chr16	32933000	32933999	21
chr16	32934000	32934999	15
chr16	32935000	32935999	14
chr16	32936000	32936999	14
chr16	32937000	32937999	15
chr16	32938000	32938999	6
chr16	32939000	32939999	9
chr16	32940000	32940999	7
chr16	32941000	32941999	1
chr16	32942000	32942999	0
chr16	32943000	32943999	15
chr16	32944000	32944999	1
chr16	32945000	32945999	33
chr16	32946000	32946999	28
chr16	32947000	32947999	14
chr16	32948000	32948999	15
chr16	32949000	32949999	17
chr16	32950000	32950999	14
chr16	32951000	32951999	3
chr16	32952000	32952999	5
chr16	32953000	32953999	15
chr16	32954000	32954999	22
chr16	32955000	32955999	10
chr16	32956000	32956999	9
chr16	32957000	32957999	6
chr16	32958000	32958999	0
chr16	32959000	32959999	18
chr16	32960000	32960999	0
chr16	32961000	32961999	10
chr16	32962000	32962999	4
chr16	32963000	32963999	0
chr16	32964000	32964999	11
chr16	32965000	32965999	0
chr16	32966000	32966999	7
chr16	32967000	32967999	8
chr16	32968000	32968999	8
chr16	32969000	32969999	0
chr16	32970000	32970999	9
chr16	32971000	32971999	0
chr16	32972000	32972999	15
chr16	32973000	32973999	2
chr16	32974000	32974999	25
chr16	32975000	32975999	0
chr16	32976000	32976999	4
chr16	32977000	32977999	10
chr16	32978000	32978999	9
chr16	32979000	32979999	8
chr16	32980000	32980999	0
chr16	32981000	32981999	0
chr16	32982000	32982999	14
chr16	32983000	32983999	11
chr16	32984000	32984999	7
chr16	32985000	32985999	1
chr16	32986000	32986999	4
chr16	32987000	32987999	2
chr16	32988000	32988999	12
chr16	32989000	32989999	0
chr16	32990000	32990999	9
chr16	32991000	32991999	0
chr16	32992000	32992999	5
chr16	32993000	32993999	17
chr16	32994000	32994999	29
chr16	32995000	32995999	22
chr16	32996000	32996999	5
chr16	32997000	32997999	7
chr16	32998000	32998999	11
chr16	32999000	32999999	8
chr16	33000000	33000999	17
chr16	33001000	33001999	12
chr16	33002000	33002999	0
chr16	33003000	33003999	6
chr16	33004000	33004999	4
chr16	33005000	33005999	0
chr16	33006000	33006999	13
chr16	33007000	33007999	0
chr16	33008000	33008999	0
chr16	33009000	33009999	23
chr16	33010000	33010999	14
chr16	33011000	33011999	3
chr16	33012000	33012999	34
chr16	33013000	33013999	20
chr16	33014000	33014999	14
chr16	33015000	33015999	0
chr16	33016000	33016999	44
chr16	33017000	33017999	20
chr16	33018000	33018999	15
chr16	33019000	33019999	33
chr16	33020000	33020999	71
chr16	33021000	33021999	21
chr16	33022000	33022999	20
chr16	33023000	33023999	61
chr16	33024000	33024999	34
chr16	33025000	33025999	18
chr16	33026000	33026999	0
chr16	33027000	33027999	1
chr16	33028000	33028999	0
chr16	33029000	33029999	5
chr16	33030000	33030999	3
chr16	33031000	33031999	3
chr16	33032000	33032999	20
chr16	33033000	33033999	0
chr16	33034000	33034999	16
chr16	33035000	33035999	5
chr16	33036000	33036999	1
chr16	33037000	33037999	2
chr16	33038000	33038999	0
chr16	33039000	33039999	36
chr16	33040000	33040999	7
chr16	33041000	33041999	0
chr16	33042000	33042999	15
chr16	33043000	33043999	10
chr16	33044000	33044999	4
chr16	33045000	33045999	15
chr16	33046000	33046999	3
chr16	33047000	33047999	0
chr16	33048000	33048999	4
chr16	33049000	33049999	16
chr16	33050000	33050999	19
chr16	33051000	33051999	11
chr16	33052000	33052999	14
chr16	33053000	33053999	49
chr16	33054000	33054999	18
chr16	33055000	33055999	25
chr16	33056000	33056999	80
chr16	33057000	33057999	25
chr16	33058000	33058999	60
chr16	33059000	33059999	20
chr16	33060000	33060999	13
chr16	33061000	33061999	5
chr16	33062000	33062999	109
chr16	33063000	33063999	31
chr16	33064000	33064999	42
chr16	33065000	33065999	17
chr16	33066000	33066999	12
chr16	33067000	33067999	4
chr16	33068000	33068999	22
chr16	33069000	33069999	37
chr16	33070000	33070999	45
chr16	33071000	33071999	2
chr16	33072000	33072999	16
chr16	33073000	33073999	18
chr16	33074000	33074999	8
chr16	33075000	33075999	9
chr16	33076000	33076999	3
chr16	33077000	33077999	11
chr16	33078000	33078999	4
chr16	33079000	33079999	9
chr16	33080000	33080999	15
chr16	33081000	33081999	15
chr16	33082000	33082999	1
chr16	33083000	33083999	8
chr16	33084000	33084999	2
chr16	33085000	33085999	24
chr16	33086000	33086999	16
chr16	33087000	33087999	0
chr16	33088000	33088999	5
chr16	33089000	33089999	10
chr16	33090000	33090999	23
chr16	33091000	33091999	26
chr16	33092000	33092999	23
chr16	33093000	33093999	1
chr16	33094000	33094999	3
chr16	33095000	33095999	0
chr16	33096000	33096999	23
chr16	33097000	33097999	7
chr16	33098000	33098999	0
chr16	33099000	33099999	0
chr16	33100000	33100999	9
chr16	33101000	33101999	20
chr16	33102000	33102999	6
chr16	33103000	33103999	5
chr16	33104000	33104999	14
chr16	33105000	33105999	18
chr16	33106000	33106999	11
chr16	33107000	33107999	3
chr16	33108000	33108999	0
chr16	33109000	33109999	11
chr16	33110000	33110999	15
chr16	33111000	33111999	6
chr16	33112000	33112999	8
chr16	33113000	33113999	9
chr16	33114000	33114999	21
chr16	33115000	33115999	3
chr16	33116000	33116999	3
chr16	33117000	33117999	3
chr16	33118000	33118999	3
chr16	33119000	33119999	16
chr16	33120000	33120999	1
chr16	33121000	33121999	4
chr16	33122000	33122999	27
chr16	33123000	33123999	5
chr16	33124000	33124999	0
chr16	33125000	33125999	2
chr16	33126000	33126999	10
chr16	33127000	33127999	23
chr16	33128000	33128999	7
chr16	33129000	33129999	7
chr16	33130000	33130999	0
chr16	33131000	33131999	3
chr16	33132000	33132999	8
chr16	33133000	33133999	9
chr16	33134000	33134999	3
chr16	33135000	33135999	12
chr16	33136000	33136999	0
chr16	33137000	33137999	11
chr16	33138000	33138999	10
chr16	33139000	33139999	4
chr16	33140000	33140999	15
chr16	33141000	33141999	2
chr16	33142000	33142999	1
chr16	33143000	33143999	5
chr16	33144000	33144999	18
chr16	33145000	33145999	0
chr16	33146000	33146999	3
chr16	33147000	33147999	6
chr16	33148000	33148999	16
chr16	33149000	33149999	6
chr16	33150000	33150999	10
chr16	33151000	33151999	0
chr16	33152000	33152999	28
chr16	33153000	33153999	8
chr16	33154000	33154999	4
chr16	33155000	33155999	10
chr16	33156000	33156999	9
chr16	33157000	33157999	11
chr16	33158000	33158999	7
chr16	33159000	33159999	9
chr16	33160000	33160999	0
chr16	33161000	33161999	13
chr16	33162000	33162999	9
chr16	33163000	33163999	20
chr16	33164000	33164999	12
chr16	33165000	33165999	20
chr16	33166000	33166999	5
chr16	33167000	33167999	3
chr16	33168000	33168999	31
chr16	33169000	33169999	6
chr16	33170000	33170999	15
chr16	33171000	33171999	4
chr16	33172000	33172999	2
chr16	33173000	33173999	0
chr16	33174000	33174999	10
chr16	33175000	33175999	3
chr16	33176000	33176999	0
chr16	33177000	33177999	0
chr16	33178000	33178999	12
chr16	33179000	33179999	7
chr16	33180000	33180999	22
chr16	33181000	33181999	5
chr16	33182000	33182999	17
chr16	33183000	33183999	11
chr16	33184000	33184999	30
chr16	33185000	33185999	68
chr16	33186000	33186999	34
chr16	33187000	33187999	0
chr16	33188000	33188999	2
chr16	33189000	33189999	1
chr16	33190000	33190999	16
chr16	33191000	33191999	3
chr16	33192000	33192999	18
chr16	33193000	33193999	43
chr16	33194000	33194999	29
chr16	33195000	33195999	43
chr16	33196000	33196999	14
chr16	33197000	33197999	2
chr16	33198000	33198999	9
chr16	33199000	33199999	7
chr16	33200000	33200999	13
chr16	33201000	33201999	17
chr16	33202000	33202999	7
chr16	33203000	33203999	0
chr16	33204000	33204999	0
chr16	33205000	33205999	2
chr16	33206000	33206999	8
chr16	33207000	33207999	13
chr16	33208000	33208999	0
chr16	33209000	33209999	0
chr16	33210000	33210999	0
chr16	33211000	33211999	0
chr16	33212000	33212999	0
chr16	33213000	33213999	5
chr16	33214000	33214999	15
chr16	33215000	33215999	7
chr16	33216000	33216999	53
chr16	33217000	33217999	4
chr16	33218000	33218999	4
chr16	33219000	33219999	35
chr16	33220000	33220999	8
chr16	33221000	33221999	0
chr16	33222000	33222999	4
chr16	33223000	33223999	0
chr16	33224000	33224999	3
chr16	33225000	33225999	1
chr16	33226000	33226999	0
chr16	33227000	33227999	5
chr16	33228000	33228999	0
chr16	33229000	33229999	12
chr16	33230000	33230999	4
chr16	33231000	33231999	29
chr16	33232000	33232999	6
chr16	33233000	33233999	11
chr16	33234000	33234999	0
chr16	33235000	33235999	10
chr16	33236000	33236999	0
chr16	33237000	33237999	23
chr16	33238000	33238999	13
chr16	33239000	33239999	5
chr16	33240000	33240999	26
chr16	33241000	33241999	12
chr16	33242000	33242999	26
chr16	33243000	33243999	7
chr16	33244000	33244999	13
chr16	33245000	33245999	19
chr16	33246000	33246999	6
chr16	33247000	33247999	32
chr16	33248000	33248999	5
chr16	33249000	33249999	35
chr16	33250000	33250999	46
chr16	33251000	33251999	94
chr16	33252000	33252999	30
chr16	33253000	33253999	9
chr16	33254000	33254999	6
chr16	33255000	33255999	0
chr16	33256000	33256999	6
chr16	33257000	33257999	16
chr16	33258000	33258999	9
chr16	33259000	33259999	15
chr16	33260000	33260999	0
chr16	33261000	33261999	4
chr16	33262000	33262999	3
chr16	33263000	33263999	7
chr16	33264000	33264999	11
chr16	33265000	33265999	18
chr16	33266000	33266999	0
chr16	33267000	33267999	24
chr16	33268000	33268999	20
chr16	33269000	33269999	9
chr16	33270000	33270999	20
chr16	33271000	33271999	6
chr16	33272000	33272999	28
chr16	33273000	33273999	4
chr16	33274000	33274999	6
chr16	33275000	33275999	0
chr16	33276000	33276999	10
chr16	33277000	33277999	0
chr16	33278000	33278999	0
chr16	33279000	33279999	22
chr16	33280000	33280999	22
chr16	33281000	33281999	34
chr16	33282000	33282999	7
chr16	33283000	33283999	0
chr16	33284000	33284999	0
chr16	33285000	33285999	7
chr16	33286000	33286999	6
chr16	33287000	33287999	0
chr16	33288000	33288999	5
chr16	33289000	33289999	25
chr16	33290000	33290999	0
chr16	33291000	33291999	11
chr16	33292000	33292999	3
chr16	33293000	33293999	9
chr16	33294000	33294999	4
chr16	33295000	33295999	12
chr16	33296000	33296999	14
chr16	33297000	33297999	13
chr16	33298000	33298999	0
chr16	33299000	33299999	0
chr16	33300000	33300999	3
chr16	33301000	33301999	2
chr16	33302000	33302999	0
chr16	33303000	33303999	6
chr16	33304000	33304999	28
chr16	33305000	33305999	14
chr16	33306000	33306999	12
chr16	33307000	33307999	1
chr16	33308000	33308999	5
chr16	33309000	33309999	16
chr16	33310000	33310999	22
chr16	33311000	33311999	0
chr16	33312000	33312999	7
chr16	33313000	33313999	33
chr16	33314000	33314999	12
chr16	33315000	33315999	0
chr16	33316000	33316999	21
chr16	33317000	33317999	20
chr16	33318000	33318999	7
chr16	33319000	33319999	9
chr16	33320000	33320999	0
chr16	33321000	33321999	0
chr16	33322000	33322999	0
chr16	33323000	33323999	6
chr16	33324000	33324999	7
chr16	33325000	33325999	24
chr16	33326000	33326999	18
chr16	33327000	33327999	8
chr16	33328000	33328999	6
chr16	33329000	33329999	7
chr16	33330000	33330999	4
chr16	33331000	33331999	1
chr16	33332000	33332999	14
chr16	33333000	33333999	24
chr16	33334000	33334999	21
chr16	33335000	33335999	0
chr16	33336000	33336999	13
chr16	33337000	33337999	44
chr16	33338000	33338999	14
chr16	33339000	33339999	0
chr16	33340000	33340999	3
chr16	33341000	33341999	9
chr16	33342000	33342999	20
chr16	33343000	33343999	18
chr16	33344000	33344999	11
chr16	33345000	33345999	18
chr16	33346000	33346999	0
chr16	33347000	33347999	0
chr16	33348000	33348999	12
chr16	33349000	33349999	13
chr16	33350000	33350999	1
chr16	33351000	33351999	8
chr16	33352000	33352999	27
chr16	33353000	33353999	6
chr16	33354000	33354999	5
chr16	33355000	33355999	7
chr16	33356000	33356999	20
chr16	33357000	33357999	2
chr16	33358000	33358999	11
chr16	33359000	33359999	4
chr16	33360000	33360999	12
chr16	33361000	33361999	13
chr16	33362000	33362999	6
chr16	33363000	33363999	0
chr16	33364000	33364999	9
chr16	33365000	33365999	10
chr16	33366000	33366999	0
chr16	33367000	33367999	13
chr16	33368000	33368999	4
chr16	33369000	33369999	8
chr16	33370000	33370999	0
chr16	33371000	33371999	11
chr16	33372000	33372999	6
chr16	33373000	33373999	0
chr16	33374000	33374999	0
chr16	33375000	33375999	22
chr16	33376000	33376999	11
chr16	33377000	33377999	20
chr16	33378000	33378999	1
chr16	33379000	33379999	18
chr16	33380000	33380999	71
chr16	33381000	33381999	23
chr16	33382000	33382999	15
chr16	33383000	33383999	9
chr16	33384000	33384999	11
chr16	33385000	33385999	2
chr16	33386000	33386999	2
chr16	33387000	33387999	13
chr16	33388000	33388999	29
chr16	33389000	33389999	21
chr16	33390000	33390999	14
chr16	33391000	33391999	0
chr16	33392000	33392999	0
chr16	33393000	33393999	16
chr16	33394000	33394999	13
chr16	33395000	33395999	17
chr16	33396000	33396999	11
chr16	33397000	33397999	5
chr16	33398000	33398999	17
chr16	33399000	33399999	29
chr16	33400000	33400999	77
chr16	33401000	33401999	13
chr16	33402000	33402999	1
chr16	33403000	33403999	8
chr16	33404000	33404999	1
chr16	33405000	33405999	13
chr16	33406000	33406999	12
chr16	33407000	33407999	11
chr16	33408000	33408999	0
chr16	33409000	33409999	6
chr16	33410000	33410999	26
chr16	33411000	33411999	18
chr16	33412000	33412999	11
chr16	33413000	33413999	16
chr16	33414000	33414999	1
chr16	33415000	33415999	3
chr16	33416000	33416999	35
chr16	33417000	33417999	34
chr16	33418000	33418999	24
chr16	33419000	33419999	10
chr16	33420000	33420999	18
chr16	33421000	33421999	0
chr16	33422000	33422999	5
chr16	33423000	33423999	7
chr16	33424000	33424999	2
chr16	33425000	33425999	13
chr16	33426000	33426999	7
chr16	33427000	33427999	9
chr16	33428000	33428999	9
chr16	33429000	33429999	21
chr16	33430000	33430999	16
chr16	33431000	33431999	31
chr16	33432000	33432999	27
chr16	33433000	33433999	8
chr16	33434000	33434999	6
chr16	33435000	33435999	31
chr16	33436000	33436999	21
chr16	33437000	33437999	20
chr16	33438000	33438999	24
chr16	33439000	33439999	12
chr16	33440000	33440999	3
chr16	33441000	33441999	28
chr16	33442000	33442999	19
chr16	33443000	33443999	5
chr16	33444000	33444999	6
chr16	33445000	33445999	0
chr16	33446000	33446999	12
chr16	33447000	33447999	11
chr16	33448000	33448999	10
chr16	33449000	33449999	33
chr16	33450000	33450999	0
chr16	33451000	33451999	23
chr16	33452000	33452999	1
chr16	33453000	33453999	2
chr16	33454000	33454999	4
chr16	33455000	33455999	10
chr16	33456000	33456999	0
chr16	33457000	33457999	14
chr16	33458000	33458999	18
chr16	33459000	33459999	13
chr16	33460000	33460999	0
chr16	33461000	33461999	4
chr16	33462000	33462999	17
chr16	33463000	33463999	0
chr16	33464000	33464999	6
chr16	33465000	33465999	31
chr16	33466000	33466999	9
chr16	33467000	33467999	2
chr16	33468000	33468999	0
chr16	33469000	33469999	9
chr16	33470000	33470999	5
chr16	33471000	33471999	11
chr16	33472000	33472999	7
chr16	33473000	33473999	8
chr16	33474000	33474999	17
chr16	33475000	33475999	8
chr16	33476000	33476999	8
chr16	33477000	33477999	7
chr16	33478000	33478999	0
chr16	33479000	33479999	5
chr16	33480000	33480999	10
chr16	33481000	33481999	0
chr16	33482000	33482999	7
chr16	33483000	33483999	17
chr16	33484000	33484999	6
chr16	33485000	33485999	3
chr16	33486000	33486999	11
chr16	33487000	33487999	7
chr16	33488000	33488999	13
chr16	33489000	33489999	19
chr16	33490000	33490999	2
chr16	33491000	33491999	4
chr16	33492000	33492999	7
chr16	33493000	33493999	6
chr16	33494000	33494999	18
chr16	33495000	33495999	13
chr16	33496000	33496999	14
chr16	33497000	33497999	1
chr16	33498000	33498999	0
chr16	33499000	33499999	0
chr16	33500000	33500999	18
chr16	33501000	33501999	0
chr16	33502000	33502999	4
chr16	33503000	33503999	4
chr16	33504000	33504999	26
chr16	33505000	33505999	5
chr16	33506000	33506999	9
chr16	33507000	33507999	0
chr16	33508000	33508999	18
chr16	33509000	33509999	9
chr16	33510000	33510999	9
chr16	33511000	33511999	15
chr16	33512000	33512999	8
chr16	33513000	33513999	4
chr16	33514000	33514999	45
chr16	33515000	33515999	0
chr16	33516000	33516999	15
chr16	33517000	33517999	34
chr16	33518000	33518999	3
chr16	33519000	33519999	12
chr16	33520000	33520999	20
chr16	33521000	33521999	1
chr16	33522000	33522999	0
chr16	33523000	33523999	5
chr16	33524000	33524999	18
chr16	33525000	33525999	0
chr16	33526000	33526999	30
chr16	33527000	33527999	3
chr16	33528000	33528999	2
chr16	33529000	33529999	20
chr16	33530000	33530999	15
chr16	33531000	33531999	15
chr16	33532000	33532999	4
chr16	33533000	33533999	13
chr16	33534000	33534999	0
chr16	33535000	33535999	26
chr16	33536000	33536999	18
chr16	33537000	33537999	7
chr16	33538000	33538999	25
chr16	33539000	33539999	6
chr16	33540000	33540999	9
chr16	33541000	33541999	9
chr16	33542000	33542999	0
chr16	33543000	33543999	3
chr16	33544000	33544999	9
chr16	33545000	33545999	30
chr16	33546000	33546999	2
chr16	33547000	33547999	7
chr16	33548000	33548999	3
chr16	33549000	33549999	17
chr16	33550000	33550999	20
chr16	33551000	33551999	0
chr16	33552000	33552999	0
chr16	33553000	33553999	24
chr16	33554000	33554999	11
chr16	33555000	33555999	5
chr16	33556000	33556999	0
chr16	33557000	33557999	14
chr16	33558000	33558999	11
chr16	33559000	33559999	24
chr16	33560000	33560999	26
chr16	33561000	33561999	3
chr16	33562000	33562999	21
chr16	33563000	33563999	10
chr16	33564000	33564999	4
chr16	33565000	33565999	17
chr16	33566000	33566999	35
chr16	33567000	33567999	0
chr16	33568000	33568999	5
chr16	33569000	33569999	18
chr16	33570000	33570999	5
chr16	33571000	33571999	7
chr16	33572000	33572999	12
chr16	33573000	33573999	21
chr16	33574000	33574999	2
chr16	33575000	33575999	7
chr16	33576000	33576999	43
chr16	33577000	33577999	18
chr16	33578000	33578999	1
chr16	33579000	33579999	5
chr16	33580000	33580999	1
chr16	33581000	33581999	1
chr16	33582000	33582999	10
chr16	33583000	33583999	9
chr16	33584000	33584999	39
chr16	33585000	33585999	7
chr16	33586000	33586999	0
chr16	33587000	33587999	18
chr16	33588000	33588999	16
chr16	33589000	33589999	11
chr16	33590000	33590999	4
chr16	33591000	33591999	3
chr16	33592000	33592999	7
chr16	33593000	33593999	17
chr16	33594000	33594999	1
chr16	33595000	33595999	34
chr16	33596000	33596999	25
chr16	33597000	33597999	5
chr16	33598000	33598999	0
chr16	33599000	33599999	3
chr16	33600000	33600999	9
chr16	33601000	33601999	28
chr16	33602000	33602999	18
chr16	33603000	33603999	2
chr16	33604000	33604999	10
chr16	33605000	33605999	10
chr16	33606000	33606999	3
chr16	33607000	33607999	9
chr16	33608000	33608999	8
chr16	33609000	33609999	13
chr16	33610000	33610999	6
chr16	33611000	33611999	6
chr16	33612000	33612999	23
chr16	33613000	33613999	14
chr16	33614000	33614999	7
chr16	33615000	33615999	19
chr16	33616000	33616999	9
chr16	33617000	33617999	26
chr16	33618000	33618999	17
chr16	33619000	33619999	4
chr16	33620000	33620999	0
chr16	33621000	33621999	23
chr16	33622000	33622999	4
chr16	33623000	33623999	0
chr16	33624000	33624999	12
chr16	33625000	33625999	0
chr16	33626000	33626999	16
chr16	33627000	33627999	5
chr16	33628000	33628999	10
chr16	33629000	33629999	20
chr16	33630000	33630999	7
chr16	33631000	33631999	6
chr16	33632000	33632999	6
chr16	33633000	33633999	17
chr16	33634000	33634999	16
chr16	33635000	33635999	0
chr16	33636000	33636999	13
chr16	33637000	33637999	4
chr16	33638000	33638999	3
chr16	33639000	33639999	43
chr16	33640000	33640999	3
chr16	33641000	33641999	16
chr16	33642000	33642999	3
chr16	33643000	33643999	12
chr16	33644000	33644999	10
chr16	33645000	33645999	1
chr16	33646000	33646999	15
chr16	33647000	33647999	1
chr16	33648000	33648999	14
chr16	33649000	33649999	0
chr16	33650000	33650999	10
chr16	33651000	33651999	10
chr16	33652000	33652999	0
chr16	33653000	33653999	21
chr16	33654000	33654999	1
chr16	33655000	33655999	4
chr16	33656000	33656999	8
chr16	33657000	33657999	18
chr16	33658000	33658999	4
chr16	33659000	33659999	26
chr16	33660000	33660999	31
chr16	33661000	33661999	10
chr16	33662000	33662999	7
chr16	33663000	33663999	10
chr16	33664000	33664999	2
chr16	33665000	33665999	8
chr16	33666000	33666999	18
chr16	33667000	33667999	13
chr16	33668000	33668999	25
chr16	33669000	33669999	14
chr16	33670000	33670999	12
chr16	33671000	33671999	0
chr16	33672000	33672999	9
chr16	33673000	33673999	33
chr16	33674000	33674999	3
chr16	33675000	33675999	93
chr16	33676000	33676999	262
chr16	33677000	33677999	65
chr16	33678000	33678999	40
chr16	33679000	33679999	8
chr16	33680000	33680999	39
chr16	33681000	33681999	17
chr16	33682000	33682999	27
chr16	33683000	33683999	25
chr16	33684000	33684999	38
chr16	33685000	33685999	44
chr16	33686000	33686999	46
chr16	33687000	33687999	12
chr16	33688000	33688999	12
chr16	33689000	33689999	16
chr16	33690000	33690999	3
chr16	33691000	33691999	48
chr16	33692000	33692999	14
chr16	33693000	33693999	20
chr16	33694000	33694999	17
chr16	33695000	33695999	22
chr16	33696000	33696999	57
chr16	33697000	33697999	45
chr16	33698000	33698999	2
chr16	33699000	33699999	5
chr16	33700000	33700999	7
chr16	33701000	33701999	17
chr16	33702000	33702999	1
chr16	33703000	33703999	9
chr16	33704000	33704999	25
chr16	33705000	33705999	11
chr16	33706000	33706999	8
chr16	33707000	33707999	1
chr16	33708000	33708999	24
chr16	33709000	33709999	10
chr16	33710000	33710999	7
chr16	33711000	33711999	3
chr16	33712000	33712999	11
chr16	33713000	33713999	20
chr16	33714000	33714999	19
chr16	33715000	33715999	3
chr16	33716000	33716999	16
chr16	33717000	33717999	9
chr16	33718000	33718999	1
chr16	33719000	33719999	18
chr16	33720000	33720999	17
chr16	33721000	33721999	0
chr16	33722000	33722999	4
chr16	33723000	33723999	3
chr16	33724000	33724999	1
chr16	33725000	33725999	29
chr16	33726000	33726999	1
chr16	33727000	33727999	22
chr16	33728000	33728999	0
chr16	33729000	33729999	16
chr16	33730000	33730999	14
chr16	33731000	33731999	3
chr16	33732000	33732999	7
chr16	33733000	33733999	19
chr16	33734000	33734999	19
chr16	33735000	33735999	4
chr16	33736000	33736999	11
chr16	33737000	33737999	16
chr16	33738000	33738999	7
chr16	33739000	33739999	23
chr16	33740000	33740999	9
chr16	33741000	33741999	28
chr16	33742000	33742999	24
chr16	33743000	33743999	21
chr16	33744000	33744999	4
chr16	33745000	33745999	1
chr16	33746000	33746999	17
chr16	33747000	33747999	4
chr16	33748000	33748999	2
chr16	33749000	33749999	6
chr16	33750000	33750999	22
chr16	33751000	33751999	16
chr16	33752000	33752999	3
chr16	33753000	33753999	10
chr16	33754000	33754999	24
chr16	33755000	33755999	4
chr16	33756000	33756999	13
chr16	33757000	33757999	9
chr16	33758000	33758999	0
chr16	33759000	33759999	11
chr16	33760000	33760999	17
chr16	33761000	33761999	0
chr16	33762000	33762999	5
chr16	33763000	33763999	6
chr16	33764000	33764999	0
chr16	33765000	33765999	0
chr16	33766000	33766999	18
chr16	33767000	33767999	10
chr16	33768000	33768999	11
chr16	33769000	33769999	19
chr16	33770000	33770999	0
chr16	33771000	33771999	5
chr16	33772000	33772999	13
chr16	33773000	33773999	2
chr16	33774000	33774999	29
chr16	33775000	33775999	8
chr16	33776000	33776999	5
chr16	33777000	33777999	2
chr16	33778000	33778999	10
chr16	33779000	33779999	23
chr16	33780000	33780999	6
chr16	33781000	33781999	0
chr16	33782000	33782999	22
chr16	33783000	33783999	4
chr16	33784000	33784999	0
chr16	33785000	33785999	19
chr16	33786000	33786999	22
chr16	33787000	33787999	0
chr16	33788000	33788999	8
chr16	33789000	33789999	10
chr16	33790000	33790999	10
chr16	33791000	33791999	14
chr16	33792000	33792999	4
chr16	33793000	33793999	9
chr16	33794000	33794999	13
chr16	33795000	33795999	3
chr16	33796000	33796999	5
chr16	33797000	33797999	16
chr16	33798000	33798999	16
chr16	33799000	33799999	0
chr16	33800000	33800999	29
chr16	33801000	33801999	15
chr16	33802000	33802999	10
chr16	33803000	33803999	3
chr16	33804000	33804999	2
chr16	33805000	33805999	8
chr16	33806000	33806999	26
chr16	33807000	33807999	9
chr16	33808000	33808999	1
chr16	33809000	33809999	2
chr16	33810000	33810999	27
chr16	33811000	33811999	5
chr16	33812000	33812999	0
chr16	33813000	33813999	13
chr16	33814000	33814999	10
chr16	33815000	33815999	4
chr16	33816000	33816999	16
chr16	33817000	33817999	21
chr16	33818000	33818999	11
chr16	33819000	33819999	21
chr16	33820000	33820999	7
chr16	33821000	33821999	9
chr16	33822000	33822999	17
chr16	33823000	33823999	0
chr16	33824000	33824999	23
chr16	33825000	33825999	23
chr16	33826000	33826999	8
chr16	33827000	33827999	8
chr16	33828000	33828999	26
chr16	33829000	33829999	117
chr16	33830000	33830999	42
chr16	33831000	33831999	7
chr16	33832000	33832999	10
chr16	33833000	33833999	52
chr16	33834000	33834999	19
chr16	33835000	33835999	22
chr16	33836000	33836999	59
chr16	33837000	33837999	30
chr16	33838000	33838999	0
chr16	33839000	33839999	12
chr16	33840000	33840999	14
chr16	33841000	33841999	24
chr16	33842000	33842999	21
chr16	33843000	33843999	18
chr16	33844000	33844999	61
chr16	33845000	33845999	19
chr16	33846000	33846999	9
chr16	33847000	33847999	0
chr16	33848000	33848999	0
chr16	33849000	33849999	1
chr16	33850000	33850999	0
chr16	33851000	33851999	0
chr16	33852000	33852999	1
chr16	33853000	33853999	9
chr16	33854000	33854999	9
chr16	33855000	33855999	25
chr16	33856000	33856999	9
chr16	33857000	33857999	25
chr16	33858000	33858999	5
chr16	33859000	33859999	11
chr16	33860000	33860999	80
chr16	33861000	33861999	10
chr16	33862000	33862999	2
chr16	33863000	33863999	9
chr16	33864000	33864999	1
chr16	33865000	33865999	1
chr16	33866000	33866999	17
chr16	33867000	33867999	3
chr16	33868000	33868999	11
chr16	33869000	33869999	8
chr16	33870000	33870999	7
chr16	33871000	33871999	33
chr16	33872000	33872999	6
chr16	33873000	33873999	19
chr16	33874000	33874999	0
chr16	33875000	33875999	23
chr16	33876000	33876999	6
chr16	33877000	33877999	0
chr16	33878000	33878999	17
chr16	33879000	33879999	0
chr16	33880000	33880999	0
chr16	33881000	33881999	3
chr16	33882000	33882999	18
chr16	33883000	33883999	8
chr16	33884000	33884999	16
chr16	33885000	33885999	45
chr16	33886000	33886999	7
chr16	33887000	33887999	0
chr16	33888000	33888999	17
chr16	33889000	33889999	2
chr16	33890000	33890999	0
chr16	33891000	33891999	40
chr16	33892000	33892999	45
chr16	33893000	33893999	4
chr16	33894000	33894999	14
chr16	33895000	33895999	0
chr16	33896000	33896999	12
chr16	33897000	33897999	1
chr16	33898000	33898999	9
chr16	33899000	33899999	8
chr16	33900000	33900999	0
chr16	33901000	33901999	14
chr16	33902000	33902999	0
chr16	33903000	33903999	23
chr16	33904000	33904999	10
chr16	33905000	33905999	2
chr16	33906000	33906999	9
chr16	33907000	33907999	7
chr16	33908000	33908999	20
chr16	33909000	33909999	19
chr16	33910000	33910999	6
chr16	33911000	33911999	2
chr16	33912000	33912999	23
chr16	33913000	33913999	10
chr16	33914000	33914999	6
chr16	33915000	33915999	14
chr16	33916000	33916999	7
chr16	33917000	33917999	10
chr16	33918000	33918999	3
chr16	33919000	33919999	8
chr16	33920000	33920999	6
chr16	33921000	33921999	2
chr16	33922000	33922999	20
chr16	33923000	33923999	18
chr16	33924000	33924999	5
chr16	33925000	33925999	12
chr16	33926000	33926999	14
chr16	33927000	33927999	0
chr16	33928000	33928999	18
chr16	33929000	33929999	0
chr16	33930000	33930999	10
chr16	33931000	33931999	3
chr16	33932000	33932999	41
chr16	33933000	33933999	68
chr16	33934000	33934999	24
chr16	33935000	33935999	15
chr16	33936000	33936999	4
chr16	33937000	33937999	32
chr16	33938000	33938999	12
chr16	33939000	33939999	4
chr16	33940000	33940999	11
chr16	33941000	33941999	18
chr16	33942000	33942999	14
chr16	33943000	33943999	6
chr16	33944000	33944999	14
chr16	33945000	33945999	16
chr16	33946000	33946999	2
chr16	33947000	33947999	8
chr16	33948000	33948999	4
chr16	33949000	33949999	13
chr16	33950000	33950999	24
chr16	33951000	33951999	28
chr16	33952000	33952999	11
chr16	33953000	33953999	15
chr16	33954000	33954999	0
chr16	33955000	33955999	13
chr16	33956000	33956999	3
chr16	33957000	33957999	0
chr16	33958000	33958999	37
chr16	33959000	33959999	18
chr16	33960000	33960999	15
chr16	33961000	33961999	13
chr16	33962000	33962999	0
chr16	33963000	33963999	3
chr16	33964000	33964999	4
chr16	33965000	33965999	15
chr16	33966000	33966999	31
chr16	33967000	33967999	40
chr16	33968000	33968999	8
chr16	33969000	33969999	4
chr16	33970000	33970999	1
chr16	33971000	33971999	1
chr16	33972000	33972999	2
chr16	33973000	33973999	0
chr16	33974000	33974999	2
chr16	33975000	33975999	0
chr16	33976000	33976999	4
chr16	33977000	33977999	23
chr16	33978000	33978999	11
chr16	33979000	33979999	9
chr16	33980000	33980999	0
chr16	33981000	33981999	3
chr16	33982000	33982999	8
chr16	33983000	33983999	0
chr16	33984000	33984999	23
chr16	33985000	33985999	13
chr16	33986000	33986999	14
chr16	33987000	33987999	37
chr16	33988000	33988999	11
chr16	33989000	33989999	5
chr16	33990000	33990999	2
chr16	33991000	33991999	3
chr16	33992000	33992999	7
chr16	33993000	33993999	1
chr16	33994000	33994999	2
chr16	33995000	33995999	2
chr16	33996000	33996999	14
chr16	33997000	33997999	46
chr16	33998000	33998999	0
chr16	33999000	33999999	50
chr16	34000000	34000999	56
chr16	34001000	34001999	10
chr16	34002000	34002999	16
chr16	34003000	34003999	17
chr16	34004000	34004999	9
chr16	34005000	34005999	18
chr16	34006000	34006999	7
chr16	34007000	34007999	10
chr16	34008000	34008999	13
chr16	34009000	34009999	0
chr16	34010000	34010999	5
chr16	34011000	34011999	0
chr16	34012000	34012999	0
chr16	34013000	34013999	4
chr16	34014000	34014999	4
chr16	34015000	34015999	10
chr16	34016000	34016999	12
chr16	34017000	34017999	0
chr16	34018000	34018999	30
chr16	34019000	34019999	0
chr16	34020000	34020999	0
chr16	34021000	34021999	0
chr16	34022000	34022999	0
chr16	34023000	34023999	0
chr16	34024000	34024999	0
chr16	34025000	34025999	5
chr16	34026000	34026999	2
chr16	34027000	34027999	12
chr16	34028000	34028999	1
chr16	34029000	34029999	19
chr16	34030000	34030999	57
chr16	34031000	34031999	0
chr16	34032000	34032999	2
chr16	34033000	34033999	24
chr16	34034000	34034999	5
chr16	34035000	34035999	4
chr16	34036000	34036999	18
chr16	34037000	34037999	23
chr16	34038000	34038999	6
chr16	34039000	34039999	14
chr16	34040000	34040999	18
chr16	34041000	34041999	0
chr16	34042000	34042999	18
chr16	34043000	34043999	0
chr16	34044000	34044999	14
chr16	34045000	34045999	13
chr16	34046000	34046999	15
chr16	34047000	34047999	19
chr16	34048000	34048999	11
chr16	34049000	34049999	2
chr16	34050000	34050999	18
chr16	34051000	34051999	7
chr16	34052000	34052999	18
chr16	34053000	34053999	18
chr16	34054000	34054999	29
chr16	34055000	34055999	12
chr16	34056000	34056999	10
chr16	34057000	34057999	15
chr16	34058000	34058999	12
chr16	34059000	34059999	13
chr16	34060000	34060999	7
chr16	34061000	34061999	8
chr16	34062000	34062999	2
chr16	34063000	34063999	9
chr16	34064000	34064999	6
chr16	34065000	34065999	4
chr16	34066000	34066999	10
chr16	34067000	34067999	8
chr16	34068000	34068999	19
chr16	34069000	34069999	3
chr16	34070000	34070999	0
chr16	34071000	34071999	0
chr16	34072000	34072999	9
chr16	34073000	34073999	15
chr16	34074000	34074999	2
chr16	34075000	34075999	25
chr16	34076000	34076999	8
chr16	34077000	34077999	0
chr16	34078000	34078999	6
chr16	34079000	34079999	2
chr16	34080000	34080999	7
chr16	34081000	34081999	26
chr16	34082000	34082999	0
chr16	34083000	34083999	0
chr16	34084000	34084999	3
chr16	34085000	34085999	10
chr16	34086000	34086999	0
chr16	34087000	34087999	3
chr16	34088000	34088999	5
chr16	34089000	34089999	8
chr16	34090000	34090999	19
chr16	34091000	34091999	0
chr16	34092000	34092999	4
chr16	34093000	34093999	0
chr16	34094000	34094999	20
chr16	34095000	34095999	27
chr16	34096000	34096999	10
chr16	34097000	34097999	9
chr16	34098000	34098999	12
chr16	34099000	34099999	2
chr16	34100000	34100999	31
chr16	34101000	34101999	5
chr16	34102000	34102999	7
chr16	34103000	34103999	20
chr16	34104000	34104999	24
chr16	34105000	34105999	9
chr16	34106000	34106999	7
chr16	34107000	34107999	17
chr16	34108000	34108999	5
chr16	34109000	34109999	5
chr16	34110000	34110999	7
chr16	34111000	34111999	6
chr16	34112000	34112999	4
chr16	34113000	34113999	16
chr16	34114000	34114999	6
chr16	34115000	34115999	10
chr16	34116000	34116999	4
chr16	34117000	34117999	14
chr16	34118000	34118999	0
chr16	34119000	34119999	36
chr16	34120000	34120999	30
chr16	34121000	34121999	24
chr16	34122000	34122999	7
chr16	34123000	34123999	12
chr16	34124000	34124999	6
chr16	34125000	34125999	11
chr16	34126000	34126999	12
chr16	34127000	34127999	40
chr16	34128000	34128999	4
chr16	34129000	34129999	22
chr16	34130000	34130999	4
chr16	34131000	34131999	2
chr16	34132000	34132999	1
chr16	34133000	34133999	22
chr16	34134000	34134999	18
chr16	34135000	34135999	7
chr16	34136000	34136999	29
chr16	34137000	34137999	15
chr16	34138000	34138999	7
chr16	34139000	34139999	11
chr16	34140000	34140999	0
chr16	34141000	34141999	0
chr16	34142000	34142999	0
chr16	34143000	34143999	20
chr16	34144000	34144999	6
chr16	34145000	34145999	15
chr16	34146000	34146999	0
chr16	34147000	34147999	11
chr16	34148000	34148999	0
chr16	34149000	34149999	0
chr16	34150000	34150999	0
chr16	34151000	34151999	0
chr16	34152000	34152999	17
chr16	34153000	34153999	48
chr16	34154000	34154999	6
chr16	34155000	34155999	6
chr16	34156000	34156999	24
chr16	34157000	34157999	1
chr16	34158000	34158999	3
chr16	34159000	34159999	0
chr16	34160000	34160999	18
chr16	34161000	34161999	6
chr16	34162000	34162999	17
chr16	34163000	34163999	22
chr16	34164000	34164999	3
chr16	34165000	34165999	0
chr16	34166000	34166999	0
chr16	34167000	34167999	2
chr16	34168000	34168999	6
chr16	34169000	34169999	7
chr16	34170000	34170999	22
chr16	34171000	34171999	3
chr16	34172000	34172999	5
chr16	34173000	34173999	10
chr16	34174000	34174999	17
chr16	34175000	34175999	18
chr16	34176000	34176999	40
chr16	34177000	34177999	17
chr16	34178000	34178999	2
chr16	34179000	34179999	0
chr16	34180000	34180999	17
chr16	34181000	34181999	1
chr16	34182000	34182999	11
chr16	34183000	34183999	9
chr16	34184000	34184999	15
chr16	34185000	34185999	5
chr16	34186000	34186999	4
chr16	34187000	34187999	8
chr16	34188000	34188999	0
chr16	34189000	34189999	2
chr16	34190000	34190999	0
chr16	34191000	34191999	1
chr16	34192000	34192999	7
chr16	34193000	34193999	9
chr16	34194000	34194999	5
chr16	34195000	34195999	7
chr16	34196000	34196999	21
chr16	34197000	34197999	12
chr16	34198000	34198999	12
chr16	34199000	34199999	18
chr16	34200000	34200999	7
chr16	34201000	34201999	9
chr16	34202000	34202999	22
chr16	34203000	34203999	2
chr16	34204000	34204999	11
chr16	34205000	34205999	11
chr16	34206000	34206999	7
chr16	34207000	34207999	3
chr16	34208000	34208999	6
chr16	34209000	34209999	3
chr16	34210000	34210999	6
chr16	34211000	34211999	15
chr16	34212000	34212999	18
chr16	34213000	34213999	0
chr16	34214000	34214999	8
chr16	34215000	34215999	13
chr16	34216000	34216999	6
chr16	34217000	34217999	11
chr16	34218000	34218999	2
chr16	34219000	34219999	0
chr16	34220000	34220999	8
chr16	34221000	34221999	0
chr16	34222000	34222999	1
chr16	34223000	34223999	0
chr16	34224000	34224999	9
chr16	34225000	34225999	9
chr16	34226000	34226999	0
chr16	34227000	34227999	0
chr16	34228000	34228999	36
chr16	34229000	34229999	4
chr16	34230000	34230999	3
chr16	34231000	34231999	10
chr16	34232000	34232999	1
chr16	34233000	34233999	20
chr16	34234000	34234999	4
chr16	34235000	34235999	17
chr16	34236000	34236999	1
chr16	34237000	34237999	12
chr16	34238000	34238999	13
chr16	34239000	34239999	14
chr16	34240000	34240999	0
chr16	34241000	34241999	9
chr16	34242000	34242999	10
chr16	34243000	34243999	21
chr16	34244000	34244999	9
chr16	34245000	34245999	15
chr16	34246000	34246999	16
chr16	34247000	34247999	6
chr16	34248000	34248999	0
chr16	34249000	34249999	0
chr16	34250000	34250999	0
chr16	34251000	34251999	10
chr16	34252000	34252999	2
chr16	34253000	34253999	7
chr16	34254000	34254999	16
chr16	34255000	34255999	9
chr16	34256000	34256999	10
chr16	34257000	34257999	13
chr16	34258000	34258999	14
chr16	34259000	34259999	15
chr16	34260000	34260999	0
chr16	34261000	34261999	8
chr16	34262000	34262999	16
chr16	34263000	34263999	15
chr16	34264000	34264999	33
chr16	34265000	34265999	13
chr16	34266000	34266999	0
chr16	34267000	34267999	10
chr16	34268000	34268999	31
chr16	34269000	34269999	59
chr16	34270000	34270999	2
chr16	34271000	34271999	10
chr16	34272000	34272999	8
chr16	34273000	34273999	11
chr16	34274000	34274999	9
chr16	34275000	34275999	3
chr16	34276000	34276999	1
chr16	34277000	34277999	9
chr16	34278000	34278999	14
chr16	34279000	34279999	9
chr16	34280000	34280999	36
chr16	34281000	34281999	2
chr16	34282000	34282999	33
chr16	34283000	34283999	18
chr16	34284000	34284999	18
chr16	34285000	34285999	25
chr16	34286000	34286999	11
chr16	34287000	34287999	0
chr16	34288000	34288999	10
chr16	34289000	34289999	5
chr16	34290000	34290999	16
chr16	34291000	34291999	0
chr16	34292000	34292999	4
chr16	34293000	34293999	0
chr16	34294000	34294999	1
chr16	34295000	34295999	9
chr16	34296000	34296999	13
chr16	34297000	34297999	11
chr16	34298000	34298999	16
chr16	34299000	34299999	5
chr16	34300000	34300999	3
chr16	34301000	34301999	23
chr16	34302000	34302999	20
chr16	34303000	34303999	16
chr16	34304000	34304999	13
chr16	34305000	34305999	10
chr16	34306000	34306999	9
chr16	34307000	34307999	19
chr16	34308000	34308999	11
chr16	34309000	34309999	22
chr16	34310000	34310999	17
chr16	34311000	34311999	47
chr16	34312000	34312999	3
chr16	34313000	34313999	16
chr16	34314000	34314999	18
chr16	34315000	34315999	0
chr16	34316000	34316999	5
chr16	34317000	34317999	5
chr16	34318000	34318999	35
chr16	34319000	34319999	22
chr16	34320000	34320999	86
chr16	34321000	34321999	24
chr16	34322000	34322999	6
chr16	34323000	34323999	58
chr16	34324000	34324999	55
chr16	34325000	34325999	21
chr16	34326000	34326999	14
chr16	34327000	34327999	30
chr16	34328000	34328999	12
chr16	34329000	34329999	54
chr16	34330000	34330999	4
chr16	34331000	34331999	13
chr16	34332000	34332999	4
chr16	34333000	34333999	10
chr16	34334000	34334999	21
chr16	34335000	34335999	19
chr16	34336000	34336999	3
chr16	34337000	34337999	0
chr16	34338000	34338999	8
chr16	34339000	34339999	22
chr16	34340000	34340999	35
chr16	34341000	34341999	17
chr16	34342000	34342999	7
chr16	34343000	34343999	11
chr16	34344000	34344999	40
chr16	34345000	34345999	0
chr16	34346000	34346999	13
chr16	34347000	34347999	25
chr16	34348000	34348999	32
chr16	34349000	34349999	19
chr16	34350000	34350999	26
chr16	34351000	34351999	0
chr16	34352000	34352999	11
chr16	34353000	34353999	15
chr16	34354000	34354999	25
chr16	34355000	34355999	8
chr16	34356000	34356999	3
chr16	34357000	34357999	25
chr16	34358000	34358999	18
chr16	34359000	34359999	4
chr16	34360000	34360999	0
chr16	34361000	34361999	10
chr16	34362000	34362999	22
chr16	34363000	34363999	8
chr16	34364000	34364999	5
chr16	34365000	34365999	3
chr16	34366000	34366999	0
chr16	34367000	34367999	10
chr16	34368000	34368999	4
chr16	34369000	34369999	9
chr16	34370000	34370999	18
chr16	34371000	34371999	3
chr16	34372000	34372999	49
chr16	34373000	34373999	16
chr16	34374000	34374999	0
chr16	34375000	34375999	10
chr16	34376000	34376999	14
chr16	34377000	34377999	21
chr16	34378000	34378999	5
chr16	34379000	34379999	2
chr16	34380000	34380999	15
chr16	34381000	34381999	0
chr16	34382000	34382999	11
chr16	34383000	34383999	3
chr16	34384000	34384999	20
chr16	34385000	34385999	38
chr16	34386000	34386999	6
chr16	34387000	34387999	4
chr16	34388000	34388999	21
chr16	34389000	34389999	4
chr16	34390000	34390999	38
chr16	34391000	34391999	0
chr16	34392000	34392999	6
chr16	34393000	34393999	7
chr16	34394000	34394999	14
chr16	34395000	34395999	36
chr16	34396000	34396999	25
chr16	34397000	34397999	22
chr16	34398000	34398999	6
chr16	34399000	34399999	12
chr16	34400000	34400999	15
chr16	34401000	34401999	4
chr16	34402000	34402999	8
chr16	34403000	34403999	19
chr16	34404000	34404999	10
chr16	34405000	34405999	16
chr16	34406000	34406999	8
chr16	34407000	34407999	2
chr16	34408000	34408999	7
chr16	34409000	34409999	18
chr16	34410000	34410999	11
chr16	34411000	34411999	12
chr16	34412000	34412999	12
chr16	34413000	34413999	44
chr16	34414000	34414999	73
chr16	34415000	34415999	12
chr16	34416000	34416999	12
chr16	34417000	34417999	16
chr16	34418000	34418999	12
chr16	34419000	34419999	18
chr16	34420000	34420999	23
chr16	34421000	34421999	23
chr16	34422000	34422999	10
chr16	34423000	34423999	11
chr16	34424000	34424999	3
chr16	34425000	34425999	7
chr16	34426000	34426999	4
chr16	34427000	34427999	10
chr16	34428000	34428999	6
chr16	34429000	34429999	4
chr16	34430000	34430999	9
chr16	34431000	34431999	2
chr16	34432000	34432999	12
chr16	34433000	34433999	23
chr16	34434000	34434999	6
chr16	34435000	34435999	0
chr16	34436000	34436999	4
chr16	34437000	34437999	8
chr16	34438000	34438999	0
chr16	34439000	34439999	19
chr16	34440000	34440999	29
chr16	34441000	34441999	53
chr16	34442000	34442999	7
chr16	34443000	34443999	8
chr16	34444000	34444999	13
chr16	34445000	34445999	17
chr16	34446000	34446999	4
chr16	34447000	34447999	9
chr16	34448000	34448999	0
chr16	34449000	34449999	18
chr16	34450000	34450999	10
chr16	34451000	34451999	0
chr16	34452000	34452999	12
chr16	34453000	34453999	9
chr16	34454000	34454999	10
chr16	34455000	34455999	0
chr16	34456000	34456999	3
chr16	34457000	34457999	12
chr16	34458000	34458999	14
chr16	34459000	34459999	6
chr16	34460000	34460999	4
chr16	34461000	34461999	15
chr16	34462000	34462999	3
chr16	34463000	34463999	6
chr16	34464000	34464999	8
chr16	34465000	34465999	0
chr16	34466000	34466999	8
chr16	34467000	34467999	12
chr16	34468000	34468999	7
chr16	34469000	34469999	3
chr16	34470000	34470999	5
chr16	34471000	34471999	26
chr16	34472000	34472999	16
chr16	34473000	34473999	7
chr16	34474000	34474999	16
chr16	34475000	34475999	18
chr16	34476000	34476999	17
chr16	34477000	34477999	0
chr16	34478000	34478999	6
chr16	34479000	34479999	3
chr16	34480000	34480999	6
chr16	34481000	34481999	19
chr16	34482000	34482999	26
chr16	34483000	34483999	3
chr16	34484000	34484999	8
chr16	34485000	34485999	4
chr16	34486000	34486999	0
chr16	34487000	34487999	34
chr16	34488000	34488999	2
chr16	34489000	34489999	19
chr16	34490000	34490999	6
chr16	34491000	34491999	12
chr16	34492000	34492999	21
chr16	34493000	34493999	13
chr16	34494000	34494999	5
chr16	34495000	34495999	12
chr16	34496000	34496999	1
chr16	34497000	34497999	18
chr16	34498000	34498999	0
chr16	34499000	34499999	20
chr16	34500000	34500999	6
chr16	34501000	34501999	14
chr16	34502000	34502999	0
chr16	34503000	34503999	8
chr16	34504000	34504999	0
chr16	34505000	34505999	15
chr16	34506000	34506999	0
chr16	34507000	34507999	11
chr16	34508000	34508999	2
chr16	34509000	34509999	14
chr16	34510000	34510999	25
chr16	34511000	34511999	19
chr16	34512000	34512999	0
chr16	34513000	34513999	13
chr16	34514000	34514999	6
chr16	34515000	34515999	39
chr16	34516000	34516999	5
chr16	34517000	34517999	9
chr16	34518000	34518999	6
chr16	34519000	34519999	12
chr16	34520000	34520999	0
chr16	34521000	34521999	8
chr16	34522000	34522999	0
chr16	34523000	34523999	5
chr16	34524000	34524999	0
chr16	34525000	34525999	28
chr16	34526000	34526999	11
chr16	34527000	34527999	10
chr16	34528000	34528999	17
chr16	34529000	34529999	42
chr16	34530000	34530999	0
chr16	34531000	34531999	23
chr16	34532000	34532999	13
chr16	34533000	34533999	7
chr16	34534000	34534999	20
chr16	34535000	34535999	11
chr16	34536000	34536999	4
chr16	34537000	34537999	9
chr16	34538000	34538999	2
chr16	34539000	34539999	1
chr16	34540000	34540999	0
chr16	34541000	34541999	16
chr16	34542000	34542999	5
chr16	34543000	34543999	3
chr16	34544000	34544999	14
chr16	34545000	34545999	4
chr16	34546000	34546999	6
chr16	34547000	34547999	10
chr16	34548000	34548999	12
chr16	34549000	34549999	12
chr16	34550000	34550999	16
chr16	34551000	34551999	8
chr16	34552000	34552999	15
chr16	34553000	34553999	2
chr16	34554000	34554999	0
chr16	34555000	34555999	17
chr16	34556000	34556999	21
chr16	34557000	34557999	8
chr16	34558000	34558999	0
chr16	34559000	34559999	21
chr16	34560000	34560999	2
chr16	34561000	34561999	10
chr16	34562000	34562999	0
chr16	34563000	34563999	9
chr16	34564000	34564999	5
chr16	34565000	34565999	10
chr16	34566000	34566999	23
chr16	34567000	34567999	13
chr16	34568000	34568999	6
chr16	34569000	34569999	5
chr16	34570000	34570999	5
chr16	34571000	34571999	1
chr16	34572000	34572999	12
chr16	34573000	34573999	32
chr16	34574000	34574999	6
chr16	34575000	34575999	23
chr16	34576000	34576999	12
chr16	34577000	34577999	2
chr16	34578000	34578999	0
chr16	34579000	34579999	0
chr16	34580000	34580999	0
chr16	34581000	34581999	0
chr16	34582000	34582999	0
chr16	34583000	34583999	0
chr16	34584000	34584999	0
chr16	34585000	34585999	0
chr16	34586000	34586999	9
chr16	34587000	34587999	0
chr16	34588000	34588999	0
chr16	34589000	34589999	0
chr16	34590000	34590999	0
chr16	34591000	34591999	1
chr16	34592000	34592999	8
chr16	34593000	34593999	10
chr16	34594000	34594999	2
chr16	34595000	34595999	0
chr16	34596000	34596999	0
chr16	34597000	34597999	11
chr16	34598000	34598999	0
chr16	34599000	34599999	2
chr16	34600000	34600999	7
chr16	34601000	34601999	0
chr16	34602000	34602999	14
chr16	34603000	34603999	15
chr16	34604000	34604999	8
chr16	34605000	34605999	13
chr16	34606000	34606999	6
chr16	34607000	34607999	32
chr16	34608000	34608999	1
chr16	34609000	34609999	0
chr16	34610000	34610999	11
chr16	34611000	34611999	1
chr16	34612000	34612999	0
chr16	34613000	34613999	3
chr16	34614000	34614999	15
chr16	34615000	34615999	5
chr16	34616000	34616999	8
chr16	34617000	34617999	0
chr16	34618000	34618999	19
chr16	34619000	34619999	10
chr16	34620000	34620999	1
chr16	34621000	34621999	10
chr16	34622000	34622999	13
chr16	34623000	34623999	13
chr16	34624000	34624999	45
chr16	34625000	34625999	18
chr16	34626000	34626999	5
chr16	34627000	34627999	0
chr16	34628000	34628999	50
chr16	34629000	34629999	24
chr16	34630000	34630999	9
chr16	34631000	34631999	0
chr16	34632000	34632999	0
chr16	34633000	34633999	0
chr16	34634000	34634999	16
chr16	34635000	34635999	6
chr16	34636000	34636999	6
chr16	34637000	34637999	6
chr16	34638000	34638999	3
chr16	34639000	34639999	24
chr16	34640000	34640999	6
chr16	34641000	34641999	24
chr16	34642000	34642999	4
chr16	34643000	34643999	14
chr16	34644000	34644999	15
chr16	34645000	34645999	18
chr16	34646000	34646999	5
chr16	34647000	34647999	11
chr16	34648000	34648999	13
chr16	34649000	34649999	15
chr16	34650000	34650999	1
chr16	34651000	34651999	0
chr16	34652000	34652999	9
chr16	34653000	34653999	10
chr16	34654000	34654999	8
chr16	34655000	34655999	7
chr16	34656000	34656999	3
chr16	34657000	34657999	32
chr16	34658000	34658999	11
chr16	34659000	34659999	14
chr16	34660000	34660999	10
chr16	34661000	34661999	16
chr16	34662000	34662999	0
chr16	34663000	34663999	9
chr16	34664000	34664999	1
chr16	34665000	34665999	12
chr16	34666000	34666999	13
chr16	34667000	34667999	33
chr16	34668000	34668999	15
chr16	34669000	34669999	4
chr16	34670000	34670999	28
chr16	34671000	34671999	0
chr16	34672000	34672999	19
chr16	34673000	34673999	1
chr16	34674000	34674999	7
chr16	34675000	34675999	6
chr16	34676000	34676999	0
chr16	34677000	34677999	1
chr16	34678000	34678999	0
chr16	34679000	34679999	16
chr16	34680000	34680999	3
chr16	34681000	34681999	9
chr16	34682000	34682999	15
chr16	34683000	34683999	6
chr16	34684000	34684999	3
chr16	34685000	34685999	0
chr16	34686000	34686999	0
chr16	34687000	34687999	2
chr16	34688000	34688999	7
chr16	34689000	34689999	0
chr16	34690000	34690999	45
chr16	34691000	34691999	35
chr16	34692000	34692999	38
chr16	34693000	34693999	1
chr16	34694000	34694999	18
chr16	34695000	34695999	29
chr16	34696000	34696999	1
chr16	34697000	34697999	0
chr16	34698000	34698999	7
chr16	34699000	34699999	15
chr16	34700000	34700999	2
chr16	34701000	34701999	0
chr16	34702000	34702999	3
chr16	34703000	34703999	14
chr16	34704000	34704999	9
chr16	34705000	34705999	0
chr16	34706000	34706999	19
chr16	34707000	34707999	19
chr16	34708000	34708999	3
chr16	34709000	34709999	34
chr16	34710000	34710999	17
chr16	34711000	34711999	4
chr16	34712000	34712999	5
chr16	34713000	34713999	0
chr16	34714000	34714999	21
chr16	34715000	34715999	7
chr16	34716000	34716999	2
chr16	34717000	34717999	18
chr16	34718000	34718999	7
chr16	34719000	34719999	22
chr16	34720000	34720999	13
chr16	34721000	34721999	16
chr16	34722000	34722999	6
chr16	34723000	34723999	0
chr16	34724000	34724999	13
chr16	34725000	34725999	3
chr16	34726000	34726999	21
chr16	34727000	34727999	12
chr16	34728000	34728999	4
chr16	34729000	34729999	5
chr16	34730000	34730999	3
chr16	34731000	34731999	23
chr16	34732000	34732999	6
chr16	34733000	34733999	14
chr16	34734000	34734999	4
chr16	34735000	34735999	7
chr16	34736000	34736999	10
chr16	34737000	34737999	2
chr16	34738000	34738999	12
chr16	34739000	34739999	0
chr16	34740000	34740999	0
chr16	34741000	34741999	0
chr16	34742000	34742999	11
chr16	34743000	34743999	3
chr16	34744000	34744999	10
chr16	34745000	34745999	55
chr16	34746000	34746999	20
chr16	34747000	34747999	24
chr16	34748000	34748999	10
chr16	34749000	34749999	30
chr16	34750000	34750999	3
chr16	34751000	34751999	13
chr16	34752000	34752999	0
chr16	34753000	34753999	0
chr16	34754000	34754999	18
chr16	34755000	34755999	0
chr16	34756000	34756999	8
chr16	34757000	34757999	0
chr16	34758000	34758999	20
chr16	34759000	34759999	9
chr16	34760000	34760999	0
chr16	34761000	34761999	0
chr16	34762000	34762999	11
chr16	34763000	34763999	2
chr16	34764000	34764999	19
chr16	34765000	34765999	46
chr16	34766000	34766999	10
chr16	34767000	34767999	1
chr16	34768000	34768999	6
chr16	34769000	34769999	1
chr16	34770000	34770999	7
chr16	34771000	34771999	6
chr16	34772000	34772999	0
chr16	34773000	34773999	20
chr16	34774000	34774999	2
chr16	34775000	34775999	20
chr16	34776000	34776999	10
chr16	34777000	34777999	0
chr16	34778000	34778999	6
chr16	34779000	34779999	26
chr16	34780000	34780999	20
chr16	34781000	34781999	40
chr16	34782000	34782999	19
chr16	34783000	34783999	1
chr16	34784000	34784999	2
chr16	34785000	34785999	9
chr16	34786000	34786999	5
chr16	34787000	34787999	9
chr16	34788000	34788999	24
chr16	34789000	34789999	4
chr16	34790000	34790999	31
chr16	34791000	34791999	0
chr16	34792000	34792999	0
chr16	34793000	34793999	4
chr16	34794000	34794999	2
chr16	34795000	34795999	21
chr16	34796000	34796999	3
chr16	34797000	34797999	8
chr16	34798000	34798999	4
chr16	34799000	34799999	0
chr16	34800000	34800999	4
chr16	34801000	34801999	19
chr16	34802000	34802999	0
chr16	34803000	34803999	0
chr16	34804000	34804999	3
chr16	34805000	34805999	21
chr16	34806000	34806999	7
chr16	34807000	34807999	16
chr16	34808000	34808999	14
chr16	34809000	34809999	2
chr16	34810000	34810999	3
chr16	34811000	34811999	19
chr16	34812000	34812999	9
chr16	34813000	34813999	0
chr16	34814000	34814999	8
chr16	34815000	34815999	0
chr16	34816000	34816999	3
chr16	34817000	34817999	4
chr16	34818000	34818999	7
chr16	34819000	34819999	21
chr16	34820000	34820999	11
chr16	34821000	34821999	0
chr16	34822000	34822999	0
chr16	34823000	34823999	6
chr16	34824000	34824999	7
chr16	34825000	34825999	21
chr16	34826000	34826999	4
chr16	34827000	34827999	10
chr16	34828000	34828999	3
chr16	34829000	34829999	14
chr16	34830000	34830999	4
chr16	34831000	34831999	0
chr16	34832000	34832999	4
chr16	34833000	34833999	0
chr16	34834000	34834999	14
chr16	34835000	34835999	0
chr16	34836000	34836999	3
chr16	34837000	34837999	4
chr16	34838000	34838999	7
chr16	34839000	34839999	0
chr16	34840000	34840999	3
chr16	34841000	34841999	12
chr16	34842000	34842999	4
chr16	34843000	34843999	5
chr16	34844000	34844999	10
chr16	34845000	34845999	2
chr16	34846000	34846999	10
chr16	34847000	34847999	32
chr16	34848000	34848999	16
chr16	34849000	34849999	0
chr16	34850000	34850999	18
chr16	34851000	34851999	19
chr16	34852000	34852999	12
chr16	34853000	34853999	5
chr16	34854000	34854999	9
chr16	34855000	34855999	24
chr16	34856000	34856999	17
chr16	34857000	34857999	13
chr16	34858000	34858999	6
chr16	34859000	34859999	7
chr16	34860000	34860999	11
chr16	34861000	34861999	6
chr16	34862000	34862999	11
chr16	34863000	34863999	0
chr16	34864000	34864999	16
chr16	34865000	34865999	7
chr16	34866000	34866999	0
chr16	34867000	34867999	3
chr16	34868000	34868999	2
chr16	34869000	34869999	29
chr16	34870000	34870999	0
chr16	34871000	34871999	9
chr16	34872000	34872999	27
chr16	34873000	34873999	1
chr16	34874000	34874999	1
chr16	34875000	34875999	8
chr16	34876000	34876999	16
chr16	34877000	34877999	0
chr16	34878000	34878999	11
chr16	34879000	34879999	13
chr16	34880000	34880999	7
chr16	34881000	34881999	2
chr16	34882000	34882999	20
chr16	34883000	34883999	28
chr16	34884000	34884999	32
chr16	34885000	34885999	0
chr16	34886000	34886999	1
chr16	34887000	34887999	2
chr16	34888000	34888999	0
chr16	34889000	34889999	0
chr16	34890000	34890999	0
chr16	34891000	34891999	0
chr16	34892000	34892999	0
chr16	34893000	34893999	0
chr16	34894000	34894999	4
chr16	34895000	34895999	4
chr16	34896000	34896999	18
chr16	34897000	34897999	0
chr16	34898000	34898999	10
chr16	34899000	34899999	7
chr16	34900000	34900999	6
chr16	34901000	34901999	29
chr16	34902000	34902999	38
chr16	34903000	34903999	1
chr16	34904000	34904999	5
chr16	34905000	34905999	10
chr16	34906000	34906999	14
chr16	34907000	34907999	1
chr16	34908000	34908999	27
chr16	34909000	34909999	11
chr16	34910000	34910999	0
chr16	34911000	34911999	20
chr16	34912000	34912999	11
chr16	34913000	34913999	18
chr16	34914000	34914999	7
chr16	34915000	34915999	0
chr16	34916000	34916999	4
chr16	34917000	34917999	33
chr16	34918000	34918999	5
chr16	34919000	34919999	3
chr16	34920000	34920999	37
chr16	34921000	34921999	33
chr16	34922000	34922999	3
chr16	34923000	34923999	24
chr16	34924000	34924999	5
chr16	34925000	34925999	12
chr16	34926000	34926999	8
chr16	34927000	34927999	5
chr16	34928000	34928999	11
chr16	34929000	34929999	21
chr16	34930000	34930999	32
chr16	34931000	34931999	9
chr16	34932000	34932999	10
chr16	34933000	34933999	38
chr16	34934000	34934999	13
chr16	34935000	34935999	6
chr16	34936000	34936999	21
chr16	34937000	34937999	8
chr16	34938000	34938999	22
chr16	34939000	34939999	24
chr16	34940000	34940999	6
chr16	34941000	34941999	9
chr16	34942000	34942999	17
chr16	34943000	34943999	1
chr16	34944000	34944999	2
chr16	34945000	34945999	10
chr16	34946000	34946999	0
chr16	34947000	34947999	11
chr16	34948000	34948999	13
chr16	34949000	34949999	20
chr16	34950000	34950999	5
chr16	34951000	34951999	10
chr16	34952000	34952999	5
chr16	34953000	34953999	22
chr16	34954000	34954999	12
chr16	34955000	34955999	0
chr16	34956000	34956999	24
chr16	34957000	34957999	2
chr16	34958000	34958999	6
chr16	34959000	34959999	13
chr16	34960000	34960999	14
chr16	34961000	34961999	11
chr16	34962000	34962999	7
chr16	34963000	34963999	12
chr16	34964000	34964999	7
chr16	34965000	34965999	7
chr16	34966000	34966999	15
chr16	34967000	34967999	40
chr16	34968000	34968999	0
chr16	34969000	34969999	15
chr16	34970000	34970999	14
chr16	34971000	34971999	4
chr16	34972000	34972999	2
chr16	34973000	34973999	5
chr16	34974000	34974999	0
chr16	34975000	34975999	0
chr16	34976000	34976999	15
chr16	34977000	34977999	27
chr16	34978000	34978999	37
chr16	34979000	34979999	9
chr16	34980000	34980999	16
chr16	34981000	34981999	6
chr16	34982000	34982999	15
chr16	34983000	34983999	15
chr16	34984000	34984999	6
chr16	34985000	34985999	1
chr16	34986000	34986999	11
chr16	34987000	34987999	5
chr16	34988000	34988999	0
chr16	34989000	34989999	36
chr16	34990000	34990999	41
chr16	34991000	34991999	33
chr16	34992000	34992999	17
chr16	34993000	34993999	19
chr16	34994000	34994999	2
chr16	34995000	34995999	21
chr16	34996000	34996999	21
chr16	34997000	34997999	4
chr16	34998000	34998999	3
chr16	34999000	34999999	22
chr16	35000000	35000999	3
chr16	35001000	35001999	10
chr16	35002000	35002999	1
chr16	35003000	35003999	14
chr16	35004000	35004999	8
chr16	35005000	35005999	13
chr16	35006000	35006999	11
chr16	35007000	35007999	21
chr16	35008000	35008999	0
chr16	35009000	35009999	2
chr16	35010000	35010999	2
chr16	35011000	35011999	0
chr16	35012000	35012999	1
chr16	35013000	35013999	5
chr16	35014000	35014999	0
chr16	35015000	35015999	19
chr16	35016000	35016999	2
chr16	35017000	35017999	14
chr16	35018000	35018999	31
chr16	35019000	35019999	16
chr16	35020000	35020999	1
chr16	35021000	35021999	31
chr16	35022000	35022999	148
chr16	35023000	35023999	28
chr16	35024000	35024999	15
chr16	35025000	35025999	6
chr16	35026000	35026999	0
chr16	35027000	35027999	2
chr16	35028000	35028999	0
chr16	35029000	35029999	15
chr16	35030000	35030999	0
chr16	35031000	35031999	26
chr16	35032000	35032999	9
chr16	35033000	35033999	36
chr16	35034000	35034999	16
chr16	35035000	35035999	30
chr16	35036000	35036999	2
chr16	35037000	35037999	5
chr16	35038000	35038999	4
chr16	35039000	35039999	7
chr16	35040000	35040999	8
chr16	35041000	35041999	0
chr16	35042000	35042999	7
chr16	35043000	35043999	10
chr16	35044000	35044999	15
chr16	35045000	35045999	3
chr16	35046000	35046999	7
chr16	35047000	35047999	6
chr16	35048000	35048999	6
chr16	35049000	35049999	12
chr16	35050000	35050999	10
chr16	35051000	35051999	9
chr16	35052000	35052999	35
chr16	35053000	35053999	18
chr16	35054000	35054999	56
chr16	35055000	35055999	63
chr16	35056000	35056999	64
chr16	35057000	35057999	4
chr16	35058000	35058999	7
chr16	35059000	35059999	30
chr16	35060000	35060999	11
chr16	35061000	35061999	4
chr16	35062000	35062999	15
chr16	35063000	35063999	8
chr16	35064000	35064999	3
chr16	35065000	35065999	0
chr16	35066000	35066999	1
chr16	35067000	35067999	5
chr16	35068000	35068999	22
chr16	35069000	35069999	9
chr16	35070000	35070999	27
chr16	35071000	35071999	11
chr16	35072000	35072999	0
chr16	35073000	35073999	56
chr16	35074000	35074999	45
chr16	35075000	35075999	17
chr16	35076000	35076999	35
chr16	35077000	35077999	23
chr16	35078000	35078999	22
chr16	35079000	35079999	8
chr16	35080000	35080999	0
chr16	35081000	35081999	2
chr16	35082000	35082999	0
chr16	35083000	35083999	2
chr16	35084000	35084999	8
chr16	35085000	35085999	4
chr16	35086000	35086999	20
chr16	35087000	35087999	2
chr16	35088000	35088999	6
chr16	35089000	35089999	4
chr16	35090000	35090999	3
chr16	35091000	35091999	39
chr16	35092000	35092999	13
chr16	35093000	35093999	8
chr16	35094000	35094999	25
chr16	35095000	35095999	37
chr16	35096000	35096999	2
chr16	35097000	35097999	6
chr16	35098000	35098999	31
chr16	35099000	35099999	10
chr16	35100000	35100999	18
chr16	35101000	35101999	7
chr16	35102000	35102999	6
chr16	35103000	35103999	8
chr16	35104000	35104999	8
chr16	35105000	35105999	14
chr16	35106000	35106999	8
chr16	35107000	35107999	4
chr16	35108000	35108999	9
chr16	35109000	35109999	4
chr16	35110000	35110999	29
chr16	35111000	35111999	1
chr16	35112000	35112999	16
chr16	35113000	35113999	9
chr16	35114000	35114999	0
chr16	35115000	35115999	3
chr16	35116000	35116999	22
chr16	35117000	35117999	18
chr16	35118000	35118999	27
chr16	35119000	35119999	10
chr16	35120000	35120999	9
chr16	35121000	35121999	15
chr16	35122000	35122999	11
chr16	35123000	35123999	7
chr16	35124000	35124999	9
chr16	35125000	35125999	15
chr16	35126000	35126999	7
chr16	35127000	35127999	21
chr16	35128000	35128999	10
chr16	35129000	35129999	0
chr16	35130000	35130999	20
chr16	35131000	35131999	4
chr16	35132000	35132999	2
chr16	35133000	35133999	6
chr16	35134000	35134999	13
chr16	35135000	35135999	1
chr16	35136000	35136999	4
chr16	35137000	35137999	4
chr16	35138000	35138999	0
chr16	35139000	35139999	0
chr16	35140000	35140999	0
chr16	35141000	35141999	17
chr16	35142000	35142999	11
chr16	35143000	35143999	7
chr16	35144000	35144999	3
chr16	35145000	35145999	1
chr16	35146000	35146999	9
chr16	35147000	35147999	19
chr16	35148000	35148999	0
chr16	35149000	35149999	3
chr16	35150000	35150999	9
chr16	35151000	35151999	17
chr16	35152000	35152999	9
chr16	35153000	35153999	0
chr16	35154000	35154999	25
chr16	35155000	35155999	41
chr16	35156000	35156999	36
chr16	35157000	35157999	1
chr16	35158000	35158999	6
chr16	35159000	35159999	0
chr16	35160000	35160999	2
chr16	35161000	35161999	12
chr16	35162000	35162999	8
chr16	35163000	35163999	25
chr16	35164000	35164999	4
chr16	35165000	35165999	2
chr16	35166000	35166999	23
chr16	35167000	35167999	1
chr16	35168000	35168999	25
chr16	35169000	35169999	0
chr16	35170000	35170999	27
chr16	35171000	35171999	3
chr16	35172000	35172999	0
chr16	35173000	35173999	0
chr16	35174000	35174999	7
chr16	35175000	35175999	24
chr16	35176000	35176999	10
chr16	35177000	35177999	12
chr16	35178000	35178999	23
chr16	35179000	35179999	9
chr16	35180000	35180999	7
chr16	35181000	35181999	19
chr16	35182000	35182999	17
chr16	35183000	35183999	16
chr16	35184000	35184999	35
chr16	35185000	35185999	12
chr16	35186000	35186999	29
chr16	35187000	35187999	18
chr16	35188000	35188999	10
chr16	35189000	35189999	20
chr16	35190000	35190999	23
chr16	35191000	35191999	14
chr16	35192000	35192999	36
chr16	35193000	35193999	1
chr16	35194000	35194999	8
chr16	35195000	35195999	3
chr16	35196000	35196999	22
chr16	35197000	35197999	0
chr16	35198000	35198999	21
chr16	35199000	35199999	19
chr16	35200000	35200999	28
chr16	35201000	35201999	14
chr16	35202000	35202999	15
chr16	35203000	35203999	52
chr16	35204000	35204999	30
chr16	35205000	35205999	12
chr16	35206000	35206999	69
chr16	35207000	35207999	26
chr16	35208000	35208999	13
chr16	35209000	35209999	10
chr16	35210000	35210999	5
chr16	35211000	35211999	4
chr16	35212000	35212999	11
chr16	35213000	35213999	14
chr16	35214000	35214999	17
chr16	35215000	35215999	20
chr16	35216000	35216999	5
chr16	35217000	35217999	9
chr16	35218000	35218999	6
chr16	35219000	35219999	24
chr16	35220000	35220999	15
chr16	35221000	35221999	2
chr16	35222000	35222999	19
chr16	35223000	35223999	11
chr16	35224000	35224999	0
chr16	35225000	35225999	1
chr16	35226000	35226999	26
chr16	35227000	35227999	9
chr16	35228000	35228999	27
chr16	35229000	35229999	52
chr16	35230000	35230999	38
chr16	35231000	35231999	15
chr16	35232000	35232999	36
chr16	35233000	35233999	16
chr16	35234000	35234999	3
chr16	35235000	35235999	0
chr16	35236000	35236999	0
chr16	35237000	35237999	3
chr16	35238000	35238999	13
chr16	35239000	35239999	4
chr16	35240000	35240999	14
chr16	35241000	35241999	9
chr16	35242000	35242999	3
chr16	35243000	35243999	11
chr16	35244000	35244999	14
chr16	35245000	35245999	25
chr16	35246000	35246999	1
chr16	35247000	35247999	7
chr16	35248000	35248999	55
chr16	35249000	35249999	27
chr16	35250000	35250999	0
chr16	35251000	35251999	10
chr16	35252000	35252999	1
chr16	35253000	35253999	0
chr16	35254000	35254999	37
chr16	35255000	35255999	18
chr16	35256000	35256999	3
chr16	35257000	35257999	4
chr16	35258000	35258999	5
chr16	35259000	35259999	1
chr16	35260000	35260999	9
chr16	35261000	35261999	5
chr16	35262000	35262999	0
chr16	35263000	35263999	0
chr16	35264000	35264999	15
chr16	35265000	35265999	24
chr16	35266000	35266999	10
chr16	35267000	35267999	24
chr16	35268000	35268999	0
chr16	35269000	35269999	20
chr16	35270000	35270999	43
chr16	35271000	35271999	16
chr16	35272000	35272999	42
chr16	35273000	35273999	11
chr16	35274000	35274999	4
chr16	35275000	35275999	0
chr16	35276000	35276999	12
chr16	35277000	35277999	17
chr16	35278000	35278999	9
chr16	35279000	35279999	0
chr16	35280000	35280999	31
chr16	35281000	35281999	18
chr16	35282000	35282999	7
chr16	35283000	35283999	2
chr16	35284000	35284999	12
chr16	35285000	35285999	13
chr16	35286000	35286999	22
chr16	35287000	35287999	14
chr16	35288000	35288999	18
chr16	35289000	35289999	7
chr16	35290000	35290999	16
chr16	35291000	35291999	9
chr16	35292000	35292999	0
chr16	35293000	35293999	10
chr16	35294000	35294999	0
chr16	35295000	35295999	6
chr16	35296000	35296999	20
chr16	35297000	35297999	11
chr16	35298000	35298999	17
chr16	35299000	35299999	2
chr16	35300000	35300999	11
chr16	35301000	35301999	10
chr16	35302000	35302999	15
chr16	35303000	35303999	24
chr16	35304000	35304999	7
chr16	35305000	35305999	5
chr16	35306000	35306999	0
chr16	35307000	35307999	0
chr16	35308000	35308999	20
chr16	35309000	35309999	5
chr16	35310000	35310999	19
chr16	35311000	35311999	1
chr16	35312000	35312999	4
chr16	35313000	35313999	3
chr16	35314000	35314999	19
chr16	35315000	35315999	0
chr16	35316000	35316999	0
chr16	35317000	35317999	15
chr16	35318000	35318999	1
chr16	35319000	35319999	25
chr16	35320000	35320999	4
chr16	35321000	35321999	10
chr16	35322000	35322999	15
chr16	35323000	35323999	26
chr16	35324000	35324999	0
chr16	35325000	35325999	11
chr16	35326000	35326999	4
chr16	35327000	35327999	12
chr16	35328000	35328999	5
chr16	35329000	35329999	7
chr16	35330000	35330999	21
chr16	35331000	35331999	0
chr16	35332000	35332999	3
chr16	35333000	35333999	14
chr16	35334000	35334999	3
chr16	35335000	35335999	8
chr16	35336000	35336999	3
chr16	35337000	35337999	15
chr16	35338000	35338999	0
chr16	35339000	35339999	0
chr16	35340000	35340999	30
chr16	35341000	35341999	6
chr16	35342000	35342999	3
chr16	35343000	35343999	13
chr16	35344000	35344999	10
chr16	35345000	35345999	1
chr16	35346000	35346999	15
chr16	35347000	35347999	4
chr16	35348000	35348999	12
chr16	35349000	35349999	9
chr16	35350000	35350999	7
chr16	35351000	35351999	2
chr16	35352000	35352999	9
chr16	35353000	35353999	4
chr16	35354000	35354999	17
chr16	35355000	35355999	29
chr16	35356000	35356999	3
chr16	35357000	35357999	0
chr16	35358000	35358999	0
chr16	35359000	35359999	7
chr16	35360000	35360999	0
chr16	35361000	35361999	7
chr16	35362000	35362999	3
chr16	35363000	35363999	102
chr16	35364000	35364999	59
chr16	35365000	35365999	14
chr16	35366000	35366999	2
chr16	35367000	35367999	0
chr16	35368000	35368999	0
chr16	35369000	35369999	32
chr16	35370000	35370999	23
chr16	35371000	35371999	1
chr16	35372000	35372999	21
chr16	35373000	35373999	4
chr16	35374000	35374999	8
chr16	35375000	35375999	19
chr16	35376000	35376999	38
chr16	35377000	35377999	2
chr16	35378000	35378999	28
chr16	35379000	35379999	11
chr16	35380000	35380999	51
chr16	35381000	35381999	17
chr16	35382000	35382999	15
chr16	35383000	35383999	14
chr16	35384000	35384999	9
chr16	35385000	35385999	2
chr16	35386000	35386999	1
chr16	35387000	35387999	3
chr16	35388000	35388999	0
chr16	35389000	35389999	4
chr16	35390000	35390999	4
chr16	35391000	35391999	6
chr16	35392000	35392999	2
chr16	35393000	35393999	0
chr16	35394000	35394999	27
chr16	35395000	35395999	12
chr16	35396000	35396999	1
chr16	35397000	35397999	1
chr16	35398000	35398999	5
chr16	35399000	35399999	21
chr16	35400000	35400999	9
chr16	35401000	35401999	6
chr16	35402000	35402999	10
chr16	35403000	35403999	28
chr16	35404000	35404999	13
chr16	35405000	35405999	40
chr16	35406000	35406999	13
chr16	35407000	35407999	10
chr16	35408000	35408999	2
chr16	35409000	35409999	16
chr16	35410000	35410999	10
chr16	35411000	35411999	5
chr16	35412000	35412999	9
chr16	35413000	35413999	8
chr16	35414000	35414999	1
chr16	35415000	35415999	6
chr16	35416000	35416999	11
chr16	35417000	35417999	7
chr16	35418000	35418999	0
chr16	35419000	35419999	0
chr16	35420000	35420999	35
chr16	35421000	35421999	0
chr16	35422000	35422999	7
chr16	35423000	35423999	4
chr16	35424000	35424999	6
chr16	35425000	35425999	4
chr16	35426000	35426999	1
chr16	35427000	35427999	12
chr16	35428000	35428999	12
chr16	35429000	35429999	14
chr16	35430000	35430999	14
chr16	35431000	35431999	4
chr16	35432000	35432999	15
chr16	35433000	35433999	4
chr16	35434000	35434999	11
chr16	35435000	35435999	4
chr16	35436000	35436999	0
chr16	35437000	35437999	12
chr16	35438000	35438999	16
chr16	35439000	35439999	5
chr16	35440000	35440999	3
chr16	35441000	35441999	23
chr16	35442000	35442999	0
chr16	35443000	35443999	0
chr16	35444000	35444999	0
chr16	35445000	35445999	0
chr16	35446000	35446999	0
chr16	35447000	35447999	0
chr16	35448000	35448999	0
chr16	35449000	35449999	3
chr16	35450000	35450999	4
chr16	35451000	35451999	4
chr16	35452000	35452999	0
chr16	35453000	35453999	26
chr16	35454000	35454999	6
chr16	35455000	35455999	18
chr16	35456000	35456999	0
chr16	35457000	35457999	20
chr16	35458000	35458999	6
chr16	35459000	35459999	18
chr16	35460000	35460999	1
chr16	35461000	35461999	22
chr16	35462000	35462999	2
chr16	35463000	35463999	4
chr16	35464000	35464999	4
chr16	35465000	35465999	12
chr16	35466000	35466999	4
chr16	35467000	35467999	8
chr16	35468000	35468999	9
chr16	35469000	35469999	18
chr16	35470000	35470999	12
chr16	35471000	35471999	6
chr16	35472000	35472999	11
chr16	35473000	35473999	11
chr16	35474000	35474999	33
chr16	35475000	35475999	46
chr16	35476000	35476999	32
chr16	35477000	35477999	21
chr16	35478000	35478999	29
chr16	35479000	35479999	42
chr16	35480000	35480999	14
chr16	35481000	35481999	6
chr16	35482000	35482999	14
chr16	35483000	35483999	17
chr16	35484000	35484999	28
chr16	35485000	35485999	24
chr16	35486000	35486999	21
chr16	35487000	35487999	42
chr16	35488000	35488999	37
chr16	35489000	35489999	63
chr16	35490000	35490999	134
chr16	35491000	35491999	18
chr16	35492000	35492999	14
chr16	35493000	35493999	19
chr16	35494000	35494999	30
chr16	35495000	35495999	2
chr16	35496000	35496999	11
chr16	35497000	35497999	17
chr16	35498000	35498999	24
chr16	35499000	35499999	1
chr16	35500000	35500999	17
chr16	35501000	35501999	14
chr16	35502000	35502999	15
chr16	35503000	35503999	4
chr16	35504000	35504999	8
chr16	35505000	35505999	0
chr16	35506000	35506999	45
chr16	35507000	35507999	13
chr16	35508000	35508999	21
chr16	35509000	35509999	10
chr16	35510000	35510999	19
chr16	35511000	35511999	13
chr16	35512000	35512999	18
chr16	35513000	35513999	28
chr16	35514000	35514999	20
chr16	35515000	35515999	13
chr16	35516000	35516999	27
chr16	35517000	35517999	23
chr16	35518000	35518999	17
chr16	35519000	35519999	28
chr16	35520000	35520999	10
chr16	35521000	35521999	0
chr16	35522000	35522999	11
chr16	35523000	35523999	6
chr16	35524000	35524999	23
chr16	35525000	35525999	15
chr16	35526000	35526999	17
chr16	35527000	35527999	19
chr16	35528000	35528999	11
chr16	35529000	35529999	25
chr16	35530000	35530999	2
chr16	35531000	35531999	33
chr16	35532000	35532999	23
chr16	35533000	35533999	19
chr16	35534000	35534999	16
chr16	35535000	35535999	28
chr16	35536000	35536999	35
chr16	35537000	35537999	16
chr16	35538000	35538999	20
chr16	35539000	35539999	3
chr16	35540000	35540999	21
chr16	35541000	35541999	33
chr16	35542000	35542999	29
chr16	35543000	35543999	19
chr16	35544000	35544999	13
chr16	35545000	35545999	39
chr16	35546000	35546999	37
chr16	35547000	35547999	20
chr16	35548000	35548999	26
chr16	35549000	35549999	10
chr16	35550000	35550999	17
chr16	35551000	35551999	4
chr16	35552000	35552999	17
chr16	35553000	35553999	12
chr16	35554000	35554999	12
chr16	35555000	35555999	44
chr16	35556000	35556999	6
chr16	35557000	35557999	6
chr16	35558000	35558999	14
chr16	35559000	35559999	24
chr16	35560000	35560999	17
chr16	35561000	35561999	6
chr16	35562000	35562999	27
chr16	35563000	35563999	6
chr16	35564000	35564999	8
chr16	35565000	35565999	16
chr16	35566000	35566999	0
chr16	35567000	35567999	47
chr16	35568000	35568999	12
chr16	35569000	35569999	9
chr16	35570000	35570999	3
chr16	35571000	35571999	9
chr16	35572000	35572999	6
chr16	35573000	35573999	0
chr16	35574000	35574999	11
chr16	35575000	35575999	4
chr16	35576000	35576999	19
chr16	35577000	35577999	0
chr16	35578000	35578999	10
chr16	35579000	35579999	17
chr16	35580000	35580999	2
chr16	35581000	35581999	3
chr16	35582000	35582999	4
chr16	35583000	35583999	8
chr16	35584000	35584999	8
chr16	35585000	35585999	18
chr16	35586000	35586999	0
chr16	35587000	35587999	12
chr16	35588000	35588999	11
chr16	35589000	35589999	9
chr16	35590000	35590999	9
chr16	35591000	35591999	0
chr16	35592000	35592999	3
chr16	35593000	35593999	8
chr16	35594000	35594999	13
chr16	35595000	35595999	4
chr16	35596000	35596999	0
chr16	35597000	35597999	22
chr16	35598000	35598999	35
chr16	35599000	35599999	5
chr16	35600000	35600999	24
chr16	35601000	35601999	6
chr16	35602000	35602999	10
chr16	35603000	35603999	20
chr16	35604000	35604999	12
chr16	35605000	35605999	5
chr16	35606000	35606999	0
chr16	35607000	35607999	15
chr16	35608000	35608999	11
chr16	35609000	35609999	10
chr16	35610000	35610999	24
chr16	35611000	35611999	3
chr16	35612000	35612999	21
chr16	35613000	35613999	4
chr16	35614000	35614999	2
chr16	35615000	35615999	21
chr16	35616000	35616999	10
chr16	35617000	35617999	17
chr16	35618000	35618999	12
chr16	35619000	35619999	16
chr16	35620000	35620999	0
chr16	35621000	35621999	11
chr16	35622000	35622999	3
chr16	35623000	35623999	4
chr16	35624000	35624999	23
chr16	35625000	35625999	6
chr16	35626000	35626999	10
chr16	35627000	35627999	0
chr16	35628000	35628999	16
chr16	35629000	35629999	0
chr16	35630000	35630999	16
chr16	35631000	35631999	14
chr16	35632000	35632999	15
chr16	35633000	35633999	6
chr16	35634000	35634999	0
chr16	35635000	35635999	4
chr16	35636000	35636999	22
chr16	35637000	35637999	27
chr16	35638000	35638999	0
chr16	35639000	35639999	10
chr16	35640000	35640999	3
chr16	35641000	35641999	12
chr16	35642000	35642999	0
chr16	35643000	35643999	11
chr16	35644000	35644999	3
chr16	35645000	35645999	14
chr16	35646000	35646999	9
chr16	35647000	35647999	0
chr16	35648000	35648999	15
chr16	35649000	35649999	12
chr16	35650000	35650999	9
chr16	35651000	35651999	12
chr16	35652000	35652999	5
chr16	35653000	35653999	8
chr16	35654000	35654999	18
chr16	35655000	35655999	13
chr16	35656000	35656999	14
chr16	35657000	35657999	5
chr16	35658000	35658999	4
chr16	35659000	35659999	9
chr16	35660000	35660999	18
chr16	35661000	35661999	1
chr16	35662000	35662999	2
chr16	35663000	35663999	6
chr16	35664000	35664999	0
chr16	35665000	35665999	12
chr16	35666000	35666999	6
chr16	35667000	35667999	0
chr16	35668000	35668999	2
chr16	35669000	35669999	13
chr16	35670000	35670999	14
chr16	35671000	35671999	11
chr16	35672000	35672999	8
chr16	35673000	35673999	6
chr16	35674000	35674999	0
chr16	35675000	35675999	0
chr16	35676000	35676999	5
chr16	35677000	35677999	0
chr16	35678000	35678999	0
chr16	35679000	35679999	0
chr16	35680000	35680999	15
chr16	35681000	35681999	5
chr16	35682000	35682999	8
chr16	35683000	35683999	0
chr16	35684000	35684999	21
chr16	35685000	35685999	0
chr16	35686000	35686999	9
chr16	35687000	35687999	12
chr16	35688000	35688999	11
chr16	35689000	35689999	7
chr16	35690000	35690999	3
chr16	35691000	35691999	27
chr16	35692000	35692999	2
chr16	35693000	35693999	9
chr16	35694000	35694999	18
chr16	35695000	35695999	5
chr16	35696000	35696999	4
chr16	35697000	35697999	15
chr16	35698000	35698999	12
chr16	35699000	35699999	0
chr16	35700000	35700999	2
chr16	35701000	35701999	19
chr16	35702000	35702999	7
chr16	35703000	35703999	4
chr16	35704000	35704999	52
chr16	35705000	35705999	2
chr16	35706000	35706999	18
chr16	35707000	35707999	19
chr16	35708000	35708999	4
chr16	35709000	35709999	41
chr16	35710000	35710999	16
chr16	35711000	35711999	21
chr16	35712000	35712999	9
chr16	35713000	35713999	21
chr16	35714000	35714999	0
chr16	35715000	35715999	21
chr16	35716000	35716999	5
chr16	35717000	35717999	13
chr16	35718000	35718999	0
chr16	35719000	35719999	14
chr16	35720000	35720999	19
chr16	35721000	35721999	0
chr16	35722000	35722999	33
chr16	35723000	35723999	13
chr16	35724000	35724999	5
chr16	35725000	35725999	20
chr16	35726000	35726999	0
chr16	35727000	35727999	8
chr16	35728000	35728999	6
chr16	35729000	35729999	19
chr16	35730000	35730999	10
chr16	35731000	35731999	8
chr16	35732000	35732999	9
chr16	35733000	35733999	6
chr16	35734000	35734999	24
chr16	35735000	35735999	8
chr16	35736000	35736999	3
chr16	35737000	35737999	21
chr16	35738000	35738999	14
chr16	35739000	35739999	7
chr16	35740000	35740999	12
chr16	35741000	35741999	9
chr16	35742000	35742999	32
chr16	35743000	35743999	20
chr16	35744000	35744999	15
chr16	35745000	35745999	0
chr16	35746000	35746999	10
chr16	35747000	35747999	7
chr16	35748000	35748999	0
chr16	35749000	35749999	4
chr16	35750000	35750999	24
chr16	35751000	35751999	3
chr16	35752000	35752999	2
chr16	35753000	35753999	30
chr16	35754000	35754999	13
chr16	35755000	35755999	2
chr16	35756000	35756999	18
chr16	35757000	35757999	3
chr16	35758000	35758999	0
chr16	35759000	35759999	3
chr16	35760000	35760999	0
chr16	35761000	35761999	16
chr16	35762000	35762999	9
chr16	35763000	35763999	11
chr16	35764000	35764999	27
chr16	35765000	35765999	18
chr16	35766000	35766999	0
chr16	35767000	35767999	11
chr16	35768000	35768999	80
chr16	35769000	35769999	53
chr16	35770000	35770999	42
chr16	35771000	35771999	14
chr16	35772000	35772999	20
chr16	35773000	35773999	19
chr16	35774000	35774999	0
chr16	35775000	35775999	7
chr16	35776000	35776999	21
chr16	35777000	35777999	0
chr16	35778000	35778999	6
chr16	35779000	35779999	12
chr16	35780000	35780999	8
chr16	35781000	35781999	15
chr16	35782000	35782999	0
chr16	35783000	35783999	11
chr16	35784000	35784999	19
chr16	35785000	35785999	0
chr16	35786000	35786999	1
chr16	35787000	35787999	17
chr16	35788000	35788999	1
chr16	35789000	35789999	0
chr16	35790000	35790999	18
chr16	35791000	35791999	26
chr16	35792000	35792999	2
chr16	35793000	35793999	7
chr16	35794000	35794999	17
chr16	35795000	35795999	0
chr16	35796000	35796999	5
chr16	35797000	35797999	17
chr16	35798000	35798999	15
chr16	35799000	35799999	0
chr16	35800000	35800999	0
chr16	35801000	35801999	4
chr16	35802000	35802999	10
chr16	35803000	35803999	36
chr16	35804000	35804999	12
chr16	35805000	35805999	0
chr16	35806000	35806999	6
chr16	35807000	35807999	24
chr16	35808000	35808999	11
chr16	35809000	35809999	30
chr16	35810000	35810999	13
chr16	35811000	35811999	26
chr16	35812000	35812999	0
chr16	35813000	35813999	5
chr16	35814000	35814999	19
chr16	35815000	35815999	13
chr16	35816000	35816999	5
chr16	35817000	35817999	9
chr16	35818000	35818999	4
chr16	35819000	35819999	7
chr16	35820000	35820999	8
chr16	35821000	35821999	2
chr16	35822000	35822999	0
chr16	35823000	35823999	16
chr16	35824000	35824999	5
chr16	35825000	35825999	8
chr16	35826000	35826999	27
chr16	35827000	35827999	4
chr16	35828000	35828999	12
chr16	35829000	35829999	6
chr16	35830000	35830999	18
chr16	35831000	35831999	10
chr16	35832000	35832999	14
chr16	35833000	35833999	7
chr16	35834000	35834999	12
chr16	35835000	35835999	67
chr16	35836000	35836999	0
chr16	35837000	35837999	2
chr16	35838000	35838999	16
chr16	35839000	35839999	15
chr16	35840000	35840999	21
chr16	35841000	35841999	0
chr16	35842000	35842999	0
chr16	35843000	35843999	12
chr16	35844000	35844999	4
chr16	35845000	35845999	27
chr16	35846000	35846999	0
chr16	35847000	35847999	11
chr16	35848000	35848999	22
chr16	35849000	35849999	1
chr16	35850000	35850999	0
chr16	35851000	35851999	25
chr16	35852000	35852999	11
chr16	35853000	35853999	0
chr16	35854000	35854999	7
chr16	35855000	35855999	0
chr16	35856000	35856999	19
chr16	35857000	35857999	21
chr16	35858000	35858999	35
chr16	35859000	35859999	12
chr16	35860000	35860999	0
chr16	35861000	35861999	17
chr16	35862000	35862999	6
chr16	35863000	35863999	0
chr16	35864000	35864999	12
chr16	35865000	35865999	3
chr16	35866000	35866999	48
chr16	35867000	35867999	32
chr16	35868000	35868999	6
chr16	35869000	35869999	64
chr16	35870000	35870999	38
chr16	35871000	35871999	47
chr16	35872000	35872999	27
chr16	35873000	35873999	0
chr16	35874000	35874999	12
chr16	35875000	35875999	5
chr16	35876000	35876999	18
chr16	35877000	35877999	0
chr16	35878000	35878999	0
chr16	35879000	35879999	3
chr16	35880000	35880999	50
chr16	35881000	35881999	6
chr16	35882000	35882999	0
chr16	35883000	35883999	4
chr16	35884000	35884999	4
chr16	35885000	35885999	7
chr16	35886000	35886999	3
chr16	35887000	35887999	4
chr16	35888000	35888999	13
chr16	35889000	35889999	9
chr16	35890000	35890999	2
chr16	35891000	35891999	8
chr16	35892000	35892999	7
chr16	35893000	35893999	13
chr16	35894000	35894999	0
chr16	35895000	35895999	9
chr16	35896000	35896999	15
chr16	35897000	35897999	0
chr16	35898000	35898999	25
chr16	35899000	35899999	0
chr16	35900000	35900999	9
chr16	35901000	35901999	14
chr16	35902000	35902999	0
chr16	35903000	35903999	3
chr16	35904000	35904999	13
chr16	35905000	35905999	33
chr16	35906000	35906999	4
chr16	35907000	35907999	29
chr16	35908000	35908999	10
chr16	35909000	35909999	25
chr16	35910000	35910999	5
chr16	35911000	35911999	0
chr16	35912000	35912999	13
chr16	35913000	35913999	4
chr16	35914000	35914999	4
chr16	35915000	35915999	0
chr16	35916000	35916999	0
chr16	35917000	35917999	6
chr16	35918000	35918999	15
chr16	35919000	35919999	17
chr16	35920000	35920999	1
chr16	35921000	35921999	0
chr16	35922000	35922999	19
chr16	35923000	35923999	9
chr16	35924000	35924999	17
chr16	35925000	35925999	0
chr16	35926000	35926999	16
chr16	35927000	35927999	0
chr16	35928000	35928999	9
chr16	35929000	35929999	16
chr16	35930000	35930999	1
chr16	35931000	35931999	21
chr16	35932000	35932999	3
chr16	35933000	35933999	36
chr16	35934000	35934999	7
chr16	35935000	35935999	26
chr16	35936000	35936999	10
chr16	35937000	35937999	20
chr16	35938000	35938999	68
chr16	35939000	35939999	102
chr16	35940000	35940999	3
chr16	35941000	35941999	6
chr16	35942000	35942999	15
chr16	35943000	35943999	25
chr16	35944000	35944999	7
chr16	35945000	35945999	10
chr16	35946000	35946999	0
chr16	35947000	35947999	16
chr16	35948000	35948999	25
chr16	35949000	35949999	39
chr16	35950000	35950999	19
chr16	35951000	35951999	17
chr16	35952000	35952999	3
chr16	35953000	35953999	9
chr16	35954000	35954999	49
chr16	35955000	35955999	15
chr16	35956000	35956999	5
chr16	35957000	35957999	21
chr16	35958000	35958999	4
chr16	35959000	35959999	22
chr16	35960000	35960999	2
chr16	35961000	35961999	18
chr16	35962000	35962999	0
chr16	35963000	35963999	8
chr16	35964000	35964999	2
chr16	35965000	35965999	0
chr16	35966000	35966999	0
chr16	35967000	35967999	18
chr16	35968000	35968999	5
chr16	35969000	35969999	0
chr16	35970000	35970999	37
chr16	35971000	35971999	19
chr16	35972000	35972999	21
chr16	35973000	35973999	8
chr16	35974000	35974999	5
chr16	35975000	35975999	0
chr16	35976000	35976999	19
chr16	35977000	35977999	7
chr16	35978000	35978999	19
chr16	35979000	35979999	14
chr16	35980000	35980999	5
chr16	35981000	35981999	265
chr16	35982000	35982999	22
chr16	35983000	35983999	151
chr16	35984000	35984999	4
chr16	35985000	35985999	2
chr16	35986000	35986999	25
chr16	35987000	35987999	10
chr16	35988000	35988999	0
chr16	35989000	35989999	7
chr16	35990000	35990999	0
chr16	35991000	35991999	2
chr16	35992000	35992999	0
chr16	35993000	35993999	4
chr16	35994000	35994999	0
chr16	35995000	35995999	11
chr16	35996000	35996999	31
chr16	35997000	35997999	47
chr16	35998000	35998999	14
chr16	35999000	35999999	16
chr16	36000000	36000999	15
chr16	36001000	36001999	0
chr16	36002000	36002999	4
chr16	36003000	36003999	0
chr16	36004000	36004999	3
chr16	36005000	36005999	0
chr16	36006000	36006999	15
chr16	36007000	36007999	6
chr16	36008000	36008999	20
chr16	36009000	36009999	0
chr16	36010000	36010999	14
chr16	36011000	36011999	7
chr16	36012000	36012999	6
chr16	36013000	36013999	27
chr16	36014000	36014999	3
chr16	36015000	36015999	5
chr16	36016000	36016999	8
chr16	36017000	36017999	0
chr16	36018000	36018999	16
chr16	36019000	36019999	6
chr16	36020000	36020999	0
chr16	36021000	36021999	3
chr16	36022000	36022999	4
chr16	36023000	36023999	22
chr16	36024000	36024999	6
chr16	36025000	36025999	36
chr16	36026000	36026999	15
chr16	36027000	36027999	1
chr16	36028000	36028999	5
chr16	36029000	36029999	15
chr16	36030000	36030999	3
chr16	36031000	36031999	5
chr16	36032000	36032999	20
chr16	36033000	36033999	9
chr16	36034000	36034999	17
chr16	36035000	36035999	20
chr16	36036000	36036999	18
chr16	36037000	36037999	9
chr16	36038000	36038999	10
chr16	36039000	36039999	5
chr16	36040000	36040999	32
chr16	36041000	36041999	97
chr16	36042000	36042999	35
chr16	36043000	36043999	27
chr16	36044000	36044999	24
chr16	36045000	36045999	16
chr16	36046000	36046999	14
chr16	36047000	36047999	8
chr16	36048000	36048999	14
chr16	36049000	36049999	0
chr16	36050000	36050999	13
chr16	36051000	36051999	0
chr16	36052000	36052999	9
chr16	36053000	36053999	21
chr16	36054000	36054999	14
chr16	36055000	36055999	17
chr16	36056000	36056999	19
chr16	36057000	36057999	0
chr16	36058000	36058999	4
chr16	36059000	36059999	8
chr16	36060000	36060999	7
chr16	36061000	36061999	6
chr16	36062000	36062999	24
chr16	36063000	36063999	0
chr16	36064000	36064999	4
chr16	36065000	36065999	5
chr16	36066000	36066999	5
chr16	36067000	36067999	22
chr16	36068000	36068999	18
chr16	36069000	36069999	0
chr16	36070000	36070999	2
chr16	36071000	36071999	59
chr16	36072000	36072999	41
chr16	36073000	36073999	5
chr16	36074000	36074999	11
chr16	36075000	36075999	17
chr16	36076000	36076999	4
chr16	36077000	36077999	6
chr16	36078000	36078999	0
chr16	36079000	36079999	7
chr16	36080000	36080999	1
chr16	36081000	36081999	2
chr16	36082000	36082999	4
chr16	36083000	36083999	12
chr16	36084000	36084999	3
chr16	36085000	36085999	5
chr16	36086000	36086999	16
chr16	36087000	36087999	9
chr16	36088000	36088999	7
chr16	36089000	36089999	5
chr16	36090000	36090999	4
chr16	36091000	36091999	5
chr16	36092000	36092999	1
chr16	36093000	36093999	1
chr16	36094000	36094999	7
chr16	36095000	36095999	3
chr16	36096000	36096999	8
chr16	36097000	36097999	9
chr16	36098000	36098999	0
chr16	36099000	36099999	7
chr16	36100000	36100999	0
chr16	36101000	36101999	3
chr16	36102000	36102999	2
chr16	36103000	36103999	16
chr16	36104000	36104999	0
chr16	36105000	36105999	4
chr16	36106000	36106999	0
chr16	36107000	36107999	2
chr16	36108000	36108999	6
chr16	36109000	36109999	6
chr16	36110000	36110999	13
chr16	36111000	36111999	0
chr16	36112000	36112999	22
chr16	36113000	36113999	33
chr16	36114000	36114999	15
chr16	36115000	36115999	3
chr16	36116000	36116999	9
chr16	36117000	36117999	10
chr16	36118000	36118999	6
chr16	36119000	36119999	14
chr16	36120000	36120999	6
chr16	36121000	36121999	10
chr16	36122000	36122999	15
chr16	36123000	36123999	6
chr16	36124000	36124999	0
chr16	36125000	36125999	9
chr16	36126000	36126999	26
chr16	36127000	36127999	17
chr16	36128000	36128999	1
chr16	36129000	36129999	18
chr16	36130000	36130999	11
chr16	36131000	36131999	2
chr16	36132000	36132999	5
chr16	36133000	36133999	38
chr16	36134000	36134999	2
chr16	36135000	36135999	2
chr16	36136000	36136999	7
chr16	36137000	36137999	9
chr16	36138000	36138999	0
chr16	36139000	36139999	0
chr16	36140000	36140999	21
chr16	36141000	36141999	6
chr16	36142000	36142999	0
chr16	36143000	36143999	0
chr16	36144000	36144999	12
chr16	36145000	36145999	0
chr16	36146000	36146999	3
chr16	36147000	36147999	17
chr16	36148000	36148999	1
chr16	36149000	36149999	0
chr16	36150000	36150999	2
chr16	36151000	36151999	8
chr16	36152000	36152999	0
chr16	36153000	36153999	1
chr16	36154000	36154999	6
chr16	36155000	36155999	22
chr16	36156000	36156999	21
chr16	36157000	36157999	28
chr16	36158000	36158999	10
chr16	36159000	36159999	9
chr16	36160000	36160999	5
chr16	36161000	36161999	0
chr16	36162000	36162999	6
chr16	36163000	36163999	3
chr16	36164000	36164999	0
chr16	36165000	36165999	0
chr16	36166000	36166999	7
chr16	36167000	36167999	4
chr16	36168000	36168999	9
chr16	36169000	36169999	6
chr16	36170000	36170999	13
chr16	36171000	36171999	13
chr16	36172000	36172999	8
chr16	36173000	36173999	14
chr16	36174000	36174999	0
chr16	36175000	36175999	10
chr16	36176000	36176999	3
chr16	36177000	36177999	27
chr16	36178000	36178999	6
chr16	36179000	36179999	3
chr16	36180000	36180999	0
chr16	36181000	36181999	2
chr16	36182000	36182999	21
chr16	36183000	36183999	1
chr16	36184000	36184999	24
chr16	36185000	36185999	7
chr16	36186000	36186999	11
chr16	36187000	36187999	31
chr16	36188000	36188999	0
chr16	36189000	36189999	3
chr16	36190000	36190999	2
chr16	36191000	36191999	8
chr16	36192000	36192999	14
chr16	36193000	36193999	10
chr16	36194000	36194999	16
chr16	36195000	36195999	0
chr16	36196000	36196999	10
chr16	36197000	36197999	14
chr16	36198000	36198999	24
chr16	36199000	36199999	13
chr16	36200000	36200999	12
chr16	36201000	36201999	3
chr16	36202000	36202999	8
chr16	36203000	36203999	17
chr16	36204000	36204999	1
chr16	36205000	36205999	24
chr16	36206000	36206999	3
chr16	36207000	36207999	0
chr16	36208000	36208999	0
chr16	36209000	36209999	13
chr16	36210000	36210999	4
chr16	36211000	36211999	4
chr16	36212000	36212999	0
chr16	36213000	36213999	8
chr16	36214000	36214999	6
chr16	36215000	36215999	15
chr16	36216000	36216999	8
chr16	36217000	36217999	29
chr16	36218000	36218999	2
chr16	36219000	36219999	8
chr16	36220000	36220999	0
chr16	36221000	36221999	0
chr16	36222000	36222999	3
chr16	36223000	36223999	0
chr16	36224000	36224999	0
chr16	36225000	36225999	0
chr16	36226000	36226999	0
chr16	36227000	36227999	0
chr16	36228000	36228999	0
chr16	36229000	36229999	3
chr16	36230000	36230999	0
chr16	36231000	36231999	4
chr16	36232000	36232999	0
chr16	36233000	36233999	0
chr16	36234000	36234999	0
chr16	36235000	36235999	6
chr16	36236000	36236999	0
chr16	36237000	36237999	0
chr16	36238000	36238999	0
chr16	36239000	36239999	9
chr16	36240000	36240999	12
chr16	36241000	36241999	0
chr16	36242000	36242999	0
chr16	36243000	36243999	3
chr16	36244000	36244999	0
chr16	36245000	36245999	0
chr16	36246000	36246999	0
chr16	36247000	36247999	0
chr16	36248000	36248999	0
chr16	36249000	36249999	0
chr16	36250000	36250999	0
chr16	36251000	36251999	0
chr16	36252000	36252999	0
chr16	36253000	36253999	0
chr16	36254000	36254999	0
chr16	36255000	36255999	0
chr16	36256000	36256999	0
chr16	36257000	36257999	0
chr16	36258000	36258999	0
chr16	36259000	36259999	0
chr16	36260000	36260999	0
chr16	36261000	36261999	0
chr16	36262000	36262999	0
chr16	36263000	36263999	0
chr16	36264000	36264999	0
chr16	36265000	36265999	0
chr16	36266000	36266999	0
chr16	36267000	36267999	0
chr16	36268000	36268999	0
chr16	36269000	36269999	0
chr16	36270000	36270999	0
chr16	36271000	36271999	0
chr16	36272000	36272999	0
chr16	36273000	36273999	0
chr16	36274000	36274999	0
chr16	36275000	36275999	0
chr16	36276000	36276999	0
chr16	36277000	36277999	0
chr16	36278000	36278999	0
chr16	36279000	36279999	0
chr16	36280000	36280999	0
chr16	36281000	36281999	0
chr16	36282000	36282999	0
chr16	36283000	36283999	0
chr16	36284000	36284999	0
chr16	36285000	36285999	0
chr16	36286000	36286999	0
chr16	36287000	36287999	0
chr16	36288000	36288999	0
chr16	36289000	36289999	0
chr16	36290000	36290999	0
chr16	36291000	36291999	0
chr16	36292000	36292999	0
chr16	36293000	36293999	0
chr16	36294000	36294999	0
chr16	36295000	36295999	0
chr16	36296000	36296999	0
chr16	36297000	36297999	0
chr16	36298000	36298999	0
chr16	36299000	36299999	0
chr16	36300000	36300999	0
chr16	36301000	36301999	5
chr16	36302000	36302999	0
chr16	36303000	36303999	0
chr16	36304000	36304999	0
chr16	36305000	36305999	0
chr16	36306000	36306999	0
chr16	36307000	36307999	0
chr16	36308000	36308999	0
chr16	36309000	36309999	0
chr16	36310000	36310999	0
chr16	36311000	36311999	0
chr16	36312000	36312999	0
chr16	36313000	36313999	0
chr16	36314000	36314999	0
chr16	36315000	36315999	0
chr16	36316000	36316999	0
chr16	36317000	36317999	0
chr16	36318000	36318999	0
chr16	36319000	36319999	0
chr16	36320000	36320999	0
chr16	36321000	36321999	0
chr16	36322000	36322999	3
chr16	36323000	36323999	0
chr16	36324000	36324999	0
chr16	36325000	36325999	0
chr16	36326000	36326999	0
chr16	36327000	36327999	0
chr16	36328000	36328999	0
chr16	36329000	36329999	0
chr16	36330000	36330999	0
chr16	36331000	36331999	0
chr16	36332000	36332999	0
chr16	36333000	36333999	0
chr16	36334000	36334999	8
chr16	36335000	36335999	10
chr16	36336000	36336999	34
chr16	36337000	36337999	20
chr16	36338000	36338999	22
chr16	36339000	36339999	12
chr16	36340000	36340999	4
chr16	36341000	36341999	12
chr16	36342000	36342999	5
chr16	36343000	36343999	0
chr16	36344000	36344999	3
chr16	36345000	36345999	13
chr16	36346000	36346999	5
chr16	36347000	36347999	4
chr16	36348000	36348999	0
chr16	36349000	36349999	0
chr16	36350000	36350999	0
chr16	36351000	36351999	0
chr16	36352000	36352999	0
chr16	36353000	36353999	0
chr16	36354000	36354999	1
chr16	36355000	36355999	39
chr16	36356000	36356999	0
chr16	36357000	36357999	0
chr16	36358000	36358999	0
chr16	36359000	36359999	9
chr16	36360000	36360999	10
chr16	36361000	36361999	22
chr16	36362000	36362999	4
chr16	36363000	36363999	0
chr16	36364000	36364999	0
chr16	36365000	36365999	0
chr16	36366000	36366999	5
chr16	36367000	36367999	11
chr16	36368000	36368999	0
chr16	36369000	36369999	0
chr16	36370000	36370999	2
chr16	36371000	36371999	0
chr16	36372000	36372999	10
chr16	36373000	36373999	0
chr16	36374000	36374999	0
chr16	36375000	36375999	3
chr16	36376000	36376999	0
chr16	36377000	36377999	5
chr16	36378000	36378999	4
chr16	36379000	36379999	0
chr16	36380000	36380999	0
chr16	36381000	36381999	19
chr16	36382000	36382999	0
chr16	36383000	36383999	0
chr16	36384000	36384999	22
chr16	36385000	36385999	0
chr16	36386000	36386999	12
chr16	36387000	36387999	10
chr16	36388000	36388999	0
chr16	36389000	36389999	10
chr16	36390000	36390999	11
chr16	36391000	36391999	5
chr16	36392000	36392999	0
chr16	36393000	36393999	25
chr16	36394000	36394999	12
chr16	36395000	36395999	4
chr16	36396000	36396999	11
chr16	36397000	36397999	7
chr16	36398000	36398999	14
chr16	36399000	36399999	1
chr16	36400000	36400999	0
chr16	36401000	36401999	0
chr16	36402000	36402999	4
chr16	36403000	36403999	6
chr16	36404000	36404999	0
chr16	36405000	36405999	2
chr16	36406000	36406999	7
chr16	36407000	36407999	3
chr16	36408000	36408999	3
chr16	36409000	36409999	22
chr16	36410000	36410999	35
chr16	36411000	36411999	0
chr16	36412000	36412999	6
chr16	36413000	36413999	14
chr16	36414000	36414999	25
chr16	36415000	36415999	0
chr16	36416000	36416999	4
chr16	36417000	36417999	20
chr16	36418000	36418999	7
chr16	36419000	36419999	11
chr16	36420000	36420999	14
chr16	36421000	36421999	26
chr16	36422000	36422999	0
chr16	36423000	36423999	5
chr16	36424000	36424999	19
chr16	36425000	36425999	12
chr16	36426000	36426999	6
chr16	36427000	36427999	0
chr16	36428000	36428999	12
chr16	36429000	36429999	3
chr16	36430000	36430999	6
chr16	36431000	36431999	3
chr16	36432000	36432999	2
chr16	36433000	36433999	2
chr16	36434000	36434999	3
chr16	36435000	36435999	2
chr16	36436000	36436999	7
chr16	36437000	36437999	6
chr16	36438000	36438999	48
chr16	36439000	36439999	20
chr16	36440000	36440999	1
chr16	36441000	36441999	0
chr16	36442000	36442999	0
chr16	36443000	36443999	17
chr16	36444000	36444999	6
chr16	36445000	36445999	0
chr16	36446000	36446999	0
chr16	36447000	36447999	0
chr16	36448000	36448999	0
chr16	36449000	36449999	24
chr16	36450000	36450999	8
chr16	36451000	36451999	13
chr16	36452000	36452999	0
chr16	36453000	36453999	3
chr16	36454000	36454999	5
chr16	36455000	36455999	2
chr16	36456000	36456999	2
chr16	36457000	36457999	17
chr16	36458000	36458999	7
chr16	36459000	36459999	28
chr16	36460000	36460999	5
chr16	36461000	36461999	16
chr16	36462000	36462999	4
chr16	36463000	36463999	22
chr16	36464000	36464999	0
chr16	36465000	36465999	0
chr16	36466000	36466999	0
chr16	36467000	36467999	7
chr16	36468000	36468999	24
chr16	36469000	36469999	2
chr16	36470000	36470999	32
chr16	36471000	36471999	21
chr16	36472000	36472999	5
chr16	36473000	36473999	27
chr16	36474000	36474999	3
chr16	36475000	36475999	6
chr16	36476000	36476999	15
chr16	36477000	36477999	7
chr16	36478000	36478999	2
chr16	36479000	36479999	11
chr16	36480000	36480999	8
chr16	36481000	36481999	28
chr16	36482000	36482999	3
chr16	36483000	36483999	0
chr16	36484000	36484999	8
chr16	36485000	36485999	3
chr16	36486000	36486999	15
chr16	36487000	36487999	0
chr16	36488000	36488999	0
chr16	36489000	36489999	18
chr16	36490000	36490999	11
chr16	36491000	36491999	5
chr16	36492000	36492999	0
chr16	36493000	36493999	26
chr16	36494000	36494999	7
chr16	36495000	36495999	4
chr16	36496000	36496999	12
chr16	36497000	36497999	10
chr16	36498000	36498999	1
chr16	36499000	36499999	0
chr16	36500000	36500999	9
chr16	36501000	36501999	12
chr16	36502000	36502999	27
chr16	36503000	36503999	3
chr16	36504000	36504999	24
chr16	36505000	36505999	1
chr16	36506000	36506999	49
chr16	36507000	36507999	6
chr16	36508000	36508999	18
chr16	36509000	36509999	0
chr16	36510000	36510999	8
chr16	36511000	36511999	7
chr16	36512000	36512999	15
chr16	36513000	36513999	21
chr16	36514000	36514999	14
chr16	36515000	36515999	8
chr16	36516000	36516999	2
chr16	36517000	36517999	0
chr16	36518000	36518999	0
chr16	36519000	36519999	17
chr16	36520000	36520999	15
chr16	36521000	36521999	8
chr16	36522000	36522999	16
chr16	36523000	36523999	20
chr16	36524000	36524999	1
chr16	36525000	36525999	23
chr16	36526000	36526999	27
chr16	36527000	36527999	32
chr16	36528000	36528999	1
chr16	36529000	36529999	0
chr16	36530000	36530999	3
chr16	36531000	36531999	10
chr16	36532000	36532999	28
chr16	36533000	36533999	2
chr16	36534000	36534999	6
chr16	36535000	36535999	0
chr16	36536000	36536999	7
chr16	36537000	36537999	0
chr16	36538000	36538999	14
chr16	36539000	36539999	8
chr16	36540000	36540999	2
chr16	36541000	36541999	26
chr16	36542000	36542999	7
chr16	36543000	36543999	11
chr16	36544000	36544999	0
chr16	36545000	36545999	17
chr16	36546000	36546999	3
chr16	36547000	36547999	3
chr16	36548000	36548999	20
chr16	36549000	36549999	23
chr16	36550000	36550999	2
chr16	36551000	36551999	2
chr16	36552000	36552999	7
chr16	36553000	36553999	15
chr16	36554000	36554999	14
chr16	36555000	36555999	13
chr16	36556000	36556999	2
chr16	36557000	36557999	3
chr16	36558000	36558999	8
chr16	36559000	36559999	21
chr16	36560000	36560999	13
chr16	36561000	36561999	0
chr16	36562000	36562999	16
chr16	36563000	36563999	25
chr16	36564000	36564999	24
chr16	36565000	36565999	0
chr16	36566000	36566999	12
chr16	36567000	36567999	2
chr16	36568000	36568999	10
chr16	36569000	36569999	20
chr16	36570000	36570999	7
chr16	36571000	36571999	20
chr16	36572000	36572999	3
chr16	36573000	36573999	6
chr16	36574000	36574999	6
chr16	36575000	36575999	5
chr16	36576000	36576999	5
chr16	36577000	36577999	2
chr16	36578000	36578999	21
chr16	36579000	36579999	12
chr16	36580000	36580999	17
chr16	36581000	36581999	0
chr16	36582000	36582999	0
chr16	36583000	36583999	0
chr16	36584000	36584999	6
chr16	36585000	36585999	2
chr16	36586000	36586999	0
chr16	36587000	36587999	17
chr16	36588000	36588999	5
chr16	36589000	36589999	8
chr16	36590000	36590999	8
chr16	36591000	36591999	0
chr16	36592000	36592999	30
chr16	36593000	36593999	0
chr16	36594000	36594999	16
chr16	36595000	36595999	14
chr16	36596000	36596999	17
chr16	36597000	36597999	2
chr16	36598000	36598999	24
chr16	36599000	36599999	4
chr16	36600000	36600999	21
chr16	36601000	36601999	2
chr16	36602000	36602999	10
chr16	36603000	36603999	6
chr16	36604000	36604999	4
chr16	36605000	36605999	7
chr16	36606000	36606999	2
chr16	36607000	36607999	17
chr16	36608000	36608999	5
chr16	36609000	36609999	30
chr16	36610000	36610999	6
chr16	36611000	36611999	0
chr16	36612000	36612999	5
chr16	36613000	36613999	1
chr16	36614000	36614999	2
chr16	36615000	36615999	6
chr16	36616000	36616999	18
chr16	36617000	36617999	13
chr16	36618000	36618999	15
chr16	36619000	36619999	17
chr16	36620000	36620999	4
chr16	36621000	36621999	0
chr16	36622000	36622999	14
chr16	36623000	36623999	4
chr16	36624000	36624999	0
chr16	36625000	36625999	14
chr16	36626000	36626999	6
chr16	36627000	36627999	19
chr16	36628000	36628999	0
chr16	36629000	36629999	4
chr16	36630000	36630999	14
chr16	36631000	36631999	27
chr16	36632000	36632999	11
chr16	36633000	36633999	9
chr16	36634000	36634999	0
chr16	36635000	36635999	5
chr16	36636000	36636999	0
chr16	36637000	36637999	8
chr16	36638000	36638999	0
chr16	36639000	36639999	2
chr16	36640000	36640999	5
chr16	36641000	36641999	16
chr16	36642000	36642999	37
chr16	36643000	36643999	15
chr16	36644000	36644999	8
chr16	36645000	36645999	12
chr16	36646000	36646999	7
chr16	36647000	36647999	1
chr16	36648000	36648999	9
chr16	36649000	36649999	11
chr16	36650000	36650999	0
chr16	36651000	36651999	9
chr16	36652000	36652999	11
chr16	36653000	36653999	18
chr16	36654000	36654999	2
chr16	36655000	36655999	0
chr16	36656000	36656999	11
chr16	36657000	36657999	0
chr16	36658000	36658999	2
chr16	36659000	36659999	0
chr16	36660000	36660999	5
chr16	36661000	36661999	2
chr16	36662000	36662999	0
chr16	36663000	36663999	7
chr16	36664000	36664999	7
chr16	36665000	36665999	18
chr16	36666000	36666999	25
chr16	36667000	36667999	16
chr16	36668000	36668999	0
chr16	36669000	36669999	3
chr16	36670000	36670999	21
chr16	36671000	36671999	38
chr16	36672000	36672999	7
chr16	36673000	36673999	9
chr16	36674000	36674999	0
chr16	36675000	36675999	19
chr16	36676000	36676999	5
chr16	36677000	36677999	6
chr16	36678000	36678999	8
chr16	36679000	36679999	14
chr16	36680000	36680999	4
chr16	36681000	36681999	10
chr16	36682000	36682999	8
chr16	36683000	36683999	11
chr16	36684000	36684999	35
chr16	36685000	36685999	0
chr16	36686000	36686999	14
chr16	36687000	36687999	5
chr16	36688000	36688999	9
chr16	36689000	36689999	6
chr16	36690000	36690999	12
chr16	36691000	36691999	32
chr16	36692000	36692999	2
chr16	36693000	36693999	68
chr16	36694000	36694999	106
chr16	36695000	36695999	23
chr16	36696000	36696999	10
chr16	36697000	36697999	8
chr16	36698000	36698999	1
chr16	36699000	36699999	9
chr16	36700000	36700999	5
chr16	36701000	36701999	14
chr16	36702000	36702999	16
chr16	36703000	36703999	12
chr16	36704000	36704999	11
chr16	36705000	36705999	22
chr16	36706000	36706999	0
chr16	36707000	36707999	17
chr16	36708000	36708999	47
chr16	36709000	36709999	34
chr16	36710000	36710999	35
chr16	36711000	36711999	7
chr16	36712000	36712999	20
chr16	36713000	36713999	3
chr16	36714000	36714999	6
chr16	36715000	36715999	7
chr16	36716000	36716999	14
chr16	36717000	36717999	6
chr16	36718000	36718999	13
chr16	36719000	36719999	7
chr16	36720000	36720999	5
chr16	36721000	36721999	20
chr16	36722000	36722999	10
chr16	36723000	36723999	5
chr16	36724000	36724999	30
chr16	36725000	36725999	23
chr16	36726000	36726999	31
chr16	36727000	36727999	25
chr16	36728000	36728999	18
chr16	36729000	36729999	19
chr16	36730000	36730999	20
chr16	36731000	36731999	19
chr16	36732000	36732999	31
chr16	36733000	36733999	7
chr16	36734000	36734999	7
chr16	36735000	36735999	18
chr16	36736000	36736999	20
chr16	36737000	36737999	0
chr16	36738000	36738999	0
chr16	36739000	36739999	5
chr16	36740000	36740999	15
chr16	36741000	36741999	0
chr16	36742000	36742999	0
chr16	36743000	36743999	9
chr16	36744000	36744999	22
chr16	36745000	36745999	39
chr16	36746000	36746999	20
chr16	36747000	36747999	17
chr16	36748000	36748999	10
chr16	36749000	36749999	16
chr16	36750000	36750999	3
chr16	36751000	36751999	18
chr16	36752000	36752999	15
chr16	36753000	36753999	12
chr16	36754000	36754999	8
chr16	36755000	36755999	18
chr16	36756000	36756999	15
chr16	36757000	36757999	20
chr16	36758000	36758999	0
chr16	36759000	36759999	10
chr16	36760000	36760999	14
chr16	36761000	36761999	20
chr16	36762000	36762999	29
chr16	36763000	36763999	6
chr16	36764000	36764999	16
chr16	36765000	36765999	0
chr16	36766000	36766999	0
chr16	36767000	36767999	0
chr16	36768000	36768999	0
chr16	36769000	36769999	0
chr16	36770000	36770999	13
chr16	36771000	36771999	46
chr16	36772000	36772999	7
chr16	36773000	36773999	16
chr16	36774000	36774999	20
chr16	36775000	36775999	12
chr16	36776000	36776999	15
chr16	36777000	36777999	0
chr16	36778000	36778999	3
chr16	36779000	36779999	7
chr16	36780000	36780999	0
chr16	36781000	36781999	16
chr16	36782000	36782999	1
chr16	36783000	36783999	11
chr16	36784000	36784999	54
chr16	36785000	36785999	35
chr16	36786000	36786999	20
chr16	36787000	36787999	12
chr16	36788000	36788999	0
chr16	36789000	36789999	14
chr16	36790000	36790999	43
chr16	36791000	36791999	16
chr16	36792000	36792999	13
chr16	36793000	36793999	1
chr16	36794000	36794999	0
chr16	36795000	36795999	3
chr16	36796000	36796999	4
chr16	36797000	36797999	4
chr16	36798000	36798999	5
chr16	36799000	36799999	15
chr16	36800000	36800999	20
chr16	36801000	36801999	4
chr16	36802000	36802999	20
chr16	36803000	36803999	15
chr16	36804000	36804999	4
chr16	36805000	36805999	8
chr16	36806000	36806999	13
chr16	36807000	36807999	14
chr16	36808000	36808999	9
chr16	36809000	36809999	0
chr16	36810000	36810999	4
chr16	36811000	36811999	1
chr16	36812000	36812999	2
chr16	36813000	36813999	11
chr16	36814000	36814999	7
chr16	36815000	36815999	10
chr16	36816000	36816999	34
chr16	36817000	36817999	68
chr16	36818000	36818999	0
chr16	36819000	36819999	16
chr16	36820000	36820999	37
chr16	36821000	36821999	55
chr16	36822000	36822999	17
chr16	36823000	36823999	17
chr16	36824000	36824999	3
chr16	36825000	36825999	0
chr16	36826000	36826999	7
chr16	36827000	36827999	18
chr16	36828000	36828999	81
chr16	36829000	36829999	0
chr16	36830000	36830999	0
chr16	36831000	36831999	3
chr16	36832000	36832999	0
chr16	36833000	36833999	23
chr16	36834000	36834999	0
chr16	36835000	36835999	0
chr16	36836000	36836999	8
chr16	36837000	36837999	27
chr16	36838000	36838999	13
chr16	36839000	36839999	13
chr16	36840000	36840999	4
chr16	36841000	36841999	7
chr16	36842000	36842999	6
chr16	36843000	36843999	8
chr16	36844000	36844999	4
chr16	36845000	36845999	11
chr16	36846000	36846999	0
chr16	36847000	36847999	0
chr16	36848000	36848999	13
chr16	36849000	36849999	9
chr16	36850000	36850999	12
chr16	36851000	36851999	4
chr16	36852000	36852999	0
chr16	36853000	36853999	0
chr16	36854000	36854999	5
chr16	36855000	36855999	24
chr16	36856000	36856999	4
chr16	36857000	36857999	1
chr16	36858000	36858999	0
chr16	36859000	36859999	0
chr16	36860000	36860999	0
chr16	36861000	36861999	0
chr16	36862000	36862999	0
chr16	36863000	36863999	8
chr16	36864000	36864999	0
chr16	36865000	36865999	4
chr16	36866000	36866999	38
chr16	36867000	36867999	0
chr16	36868000	36868999	4
chr16	36869000	36869999	11
chr16	36870000	36870999	0
chr16	36871000	36871999	2
chr16	36872000	36872999	12
chr16	36873000	36873999	9
chr16	36874000	36874999	92
chr16	36875000	36875999	104
chr16	36876000	36876999	11
chr16	36877000	36877999	5
chr16	36878000	36878999	3
chr16	36879000	36879999	17
chr16	36880000	36880999	0
chr16	36881000	36881999	15
chr16	36882000	36882999	8
chr16	36883000	36883999	0
chr16	36884000	36884999	0
chr16	36885000	36885999	15
chr16	36886000	36886999	11
chr16	36887000	36887999	10
chr16	36888000	36888999	8
chr16	36889000	36889999	17
chr16	36890000	36890999	17
chr16	36891000	36891999	13
chr16	36892000	36892999	5
chr16	36893000	36893999	23
chr16	36894000	36894999	12
chr16	36895000	36895999	44
chr16	36896000	36896999	21
chr16	36897000	36897999	20
chr16	36898000	36898999	23
chr16	36899000	36899999	0
chr16	36900000	36900999	4
chr16	36901000	36901999	20
chr16	36902000	36902999	0
chr16	36903000	36903999	18
chr16	36904000	36904999	7
chr16	36905000	36905999	8
chr16	36906000	36906999	15
chr16	36907000	36907999	22
chr16	36908000	36908999	27
chr16	36909000	36909999	4
chr16	36910000	36910999	5
chr16	36911000	36911999	9
chr16	36912000	36912999	45
chr16	36913000	36913999	18
chr16	36914000	36914999	6
chr16	36915000	36915999	0
chr16	36916000	36916999	17
chr16	36917000	36917999	0
chr16	36918000	36918999	17
chr16	36919000	36919999	32
chr16	36920000	36920999	10
chr16	36921000	36921999	0
chr16	36922000	36922999	10
chr16	36923000	36923999	8
chr16	36924000	36924999	10
chr16	36925000	36925999	6
chr16	36926000	36926999	19
chr16	36927000	36927999	12
chr16	36928000	36928999	13
chr16	36929000	36929999	12
chr16	36930000	36930999	5
chr16	36931000	36931999	6
chr16	36932000	36932999	16
chr16	36933000	36933999	32
chr16	36934000	36934999	19
chr16	36935000	36935999	16
chr16	36936000	36936999	7
chr16	36937000	36937999	0
chr16	36938000	36938999	9
chr16	36939000	36939999	0
chr16	36940000	36940999	3
chr16	36941000	36941999	9
chr16	36942000	36942999	12
chr16	36943000	36943999	12
chr16	36944000	36944999	26
chr16	36945000	36945999	13
chr16	36946000	36946999	8
chr16	36947000	36947999	6
chr16	36948000	36948999	12
chr16	36949000	36949999	12
chr16	36950000	36950999	8
chr16	36951000	36951999	13
chr16	36952000	36952999	2
chr16	36953000	36953999	9
chr16	36954000	36954999	57
chr16	36955000	36955999	9
chr16	36956000	36956999	0
chr16	36957000	36957999	9
chr16	36958000	36958999	8
chr16	36959000	36959999	0
chr16	36960000	36960999	25
chr16	36961000	36961999	18
chr16	36962000	36962999	20
chr16	36963000	36963999	2
chr16	36964000	36964999	31
chr16	36965000	36965999	8
chr16	36966000	36966999	1
chr16	36967000	36967999	4
chr16	36968000	36968999	13
chr16	36969000	36969999	6
chr16	36970000	36970999	4
chr16	36971000	36971999	10
chr16	36972000	36972999	0
chr16	36973000	36973999	0
chr16	36974000	36974999	0
chr16	36975000	36975999	0
chr16	36976000	36976999	0
chr16	36977000	36977999	0
chr16	36978000	36978999	26
chr16	36979000	36979999	0
chr16	36980000	36980999	5
chr16	36981000	36981999	10
chr16	36982000	36982999	11
chr16	36983000	36983999	0
chr16	36984000	36984999	0
chr16	36985000	36985999	16
chr16	36986000	36986999	13
chr16	36987000	36987999	17
chr16	36988000	36988999	5
chr16	36989000	36989999	6
chr16	36990000	36990999	4
chr16	36991000	36991999	14
chr16	36992000	36992999	8
chr16	36993000	36993999	0
chr16	36994000	36994999	14
chr16	36995000	36995999	14
chr16	36996000	36996999	2
chr16	36997000	36997999	27
chr16	36998000	36998999	7
chr16	36999000	36999999	2
chr16	37000000	37000999	19
chr16	37001000	37001999	9
chr16	37002000	37002999	8
chr16	37003000	37003999	24
chr16	37004000	37004999	14
chr16	37005000	37005999	8
chr16	37006000	37006999	8
chr16	37007000	37007999	30
chr16	37008000	37008999	2
chr16	37009000	37009999	0
chr16	37010000	37010999	5
chr16	37011000	37011999	47
chr16	37012000	37012999	13
chr16	37013000	37013999	3
chr16	37014000	37014999	11
chr16	37015000	37015999	0
chr16	37016000	37016999	0
chr16	37017000	37017999	31
chr16	37018000	37018999	13
chr16	37019000	37019999	12
chr16	37020000	37020999	2
chr16	37021000	37021999	3
chr16	37022000	37022999	10
chr16	37023000	37023999	4
chr16	37024000	37024999	0
chr16	37025000	37025999	0
chr16	37026000	37026999	1
chr16	37027000	37027999	13
chr16	37028000	37028999	8
chr16	37029000	37029999	1
chr16	37030000	37030999	0
chr16	37031000	37031999	0
chr16	37032000	37032999	25
chr16	37033000	37033999	0
chr16	37034000	37034999	25
chr16	37035000	37035999	13
chr16	37036000	37036999	2
chr16	37037000	37037999	17
chr16	37038000	37038999	12
chr16	37039000	37039999	0
chr16	37040000	37040999	12
chr16	37041000	37041999	21
chr16	37042000	37042999	21
chr16	37043000	37043999	8
chr16	37044000	37044999	5
chr16	37045000	37045999	5
chr16	37046000	37046999	0
chr16	37047000	37047999	1
chr16	37048000	37048999	2
chr16	37049000	37049999	4
chr16	37050000	37050999	18
chr16	37051000	37051999	11
chr16	37052000	37052999	16
chr16	37053000	37053999	3
chr16	37054000	37054999	0
chr16	37055000	37055999	10
chr16	37056000	37056999	16
chr16	37057000	37057999	0
chr16	37058000	37058999	8
chr16	37059000	37059999	0
chr16	37060000	37060999	16
chr16	37061000	37061999	5
chr16	37062000	37062999	4
chr16	37063000	37063999	10
chr16	37064000	37064999	7
chr16	37065000	37065999	3
chr16	37066000	37066999	23
chr16	37067000	37067999	0
chr16	37068000	37068999	24
chr16	37069000	37069999	26
chr16	37070000	37070999	4
chr16	37071000	37071999	9
chr16	37072000	37072999	6
chr16	37073000	37073999	8
chr16	37074000	37074999	2
chr16	37075000	37075999	9
chr16	37076000	37076999	4
chr16	37077000	37077999	5
chr16	37078000	37078999	10
chr16	37079000	37079999	4
chr16	37080000	37080999	6
chr16	37081000	37081999	0
chr16	37082000	37082999	1
chr16	37083000	37083999	6
chr16	37084000	37084999	42
chr16	37085000	37085999	7
chr16	37086000	37086999	36
chr16	37087000	37087999	8
chr16	37088000	37088999	27
chr16	37089000	37089999	0
chr16	37090000	37090999	0
chr16	37091000	37091999	2
chr16	37092000	37092999	0
chr16	37093000	37093999	0
chr16	37094000	37094999	18
chr16	37095000	37095999	3
chr16	37096000	37096999	11
chr16	37097000	37097999	17
chr16	37098000	37098999	40
chr16	37099000	37099999	12
chr16	37100000	37100999	10
chr16	37101000	37101999	0
chr16	37102000	37102999	13
chr16	37103000	37103999	2
chr16	37104000	37104999	17
chr16	37105000	37105999	1
chr16	37106000	37106999	4
chr16	37107000	37107999	2
chr16	37108000	37108999	8
chr16	37109000	37109999	36
chr16	37110000	37110999	1
chr16	37111000	37111999	17
chr16	37112000	37112999	14
chr16	37113000	37113999	6
chr16	37114000	37114999	2
chr16	37115000	37115999	14
chr16	37116000	37116999	10
chr16	37117000	37117999	20
chr16	37118000	37118999	0
chr16	37119000	37119999	13
chr16	37120000	37120999	0
chr16	37121000	37121999	0
chr16	37122000	37122999	7
chr16	37123000	37123999	5
chr16	37124000	37124999	0
chr16	37125000	37125999	5
chr16	37126000	37126999	11
chr16	37127000	37127999	0
chr16	37128000	37128999	0
chr16	37129000	37129999	4
chr16	37130000	37130999	1
chr16	37131000	37131999	6
chr16	37132000	37132999	8
chr16	37133000	37133999	6
chr16	37134000	37134999	32
chr16	37135000	37135999	0
chr16	37136000	37136999	6
chr16	37137000	37137999	14
chr16	37138000	37138999	11
chr16	37139000	37139999	14
chr16	37140000	37140999	13
chr16	37141000	37141999	6
chr16	37142000	37142999	26
chr16	37143000	37143999	7
chr16	37144000	37144999	10
chr16	37145000	37145999	24
chr16	37146000	37146999	3
chr16	37147000	37147999	28
chr16	37148000	37148999	1
chr16	37149000	37149999	10
chr16	37150000	37150999	21
chr16	37151000	37151999	8
chr16	37152000	37152999	1
chr16	37153000	37153999	4
chr16	37154000	37154999	10
chr16	37155000	37155999	22
chr16	37156000	37156999	13
chr16	37157000	37157999	5
chr16	37158000	37158999	11
chr16	37159000	37159999	0
chr16	37160000	37160999	1
chr16	37161000	37161999	12
chr16	37162000	37162999	0
chr16	37163000	37163999	0
chr16	37164000	37164999	0
chr16	37165000	37165999	0
chr16	37166000	37166999	6
chr16	37167000	37167999	24
chr16	37168000	37168999	17
chr16	37169000	37169999	15
chr16	37170000	37170999	13
chr16	37171000	37171999	3
chr16	37172000	37172999	3
chr16	37173000	37173999	0
chr16	37174000	37174999	5
chr16	37175000	37175999	14
chr16	37176000	37176999	2
chr16	37177000	37177999	22
chr16	37178000	37178999	0
chr16	37179000	37179999	1
chr16	37180000	37180999	16
chr16	37181000	37181999	1
chr16	37182000	37182999	0
chr16	37183000	37183999	14
chr16	37184000	37184999	11
chr16	37185000	37185999	2
chr16	37186000	37186999	10
chr16	37187000	37187999	5
chr16	37188000	37188999	1
chr16	37189000	37189999	8
chr16	37190000	37190999	3
chr16	37191000	37191999	0
chr16	37192000	37192999	0
chr16	37193000	37193999	10
chr16	37194000	37194999	9
chr16	37195000	37195999	6
chr16	37196000	37196999	0
chr16	37197000	37197999	3
chr16	37198000	37198999	0
chr16	37199000	37199999	0
chr16	37200000	37200999	0
chr16	37201000	37201999	9
chr16	37202000	37202999	5
chr16	37203000	37203999	6
chr16	37204000	37204999	3
chr16	37205000	37205999	2
chr16	37206000	37206999	0
chr16	37207000	37207999	0
chr16	37208000	37208999	6
chr16	37209000	37209999	18
chr16	37210000	37210999	9
chr16	37211000	37211999	7
chr16	37212000	37212999	4
chr16	37213000	37213999	17
chr16	37214000	37214999	0
chr16	37215000	37215999	0
chr16	37216000	37216999	0
chr16	37217000	37217999	19
chr16	37218000	37218999	0
chr16	37219000	37219999	9
chr16	37220000	37220999	11
chr16	37221000	37221999	5
chr16	37222000	37222999	8
chr16	37223000	37223999	20
chr16	37224000	37224999	11
chr16	37225000	37225999	0
chr16	37226000	37226999	0
chr16	37227000	37227999	21
chr16	37228000	37228999	5
chr16	37229000	37229999	9
chr16	37230000	37230999	6
chr16	37231000	37231999	1
chr16	37232000	37232999	0
chr16	37233000	37233999	0
chr16	37234000	37234999	9
chr16	37235000	37235999	8
chr16	37236000	37236999	4
chr16	37237000	37237999	10
chr16	37238000	37238999	12
chr16	37239000	37239999	3
chr16	37240000	37240999	19
chr16	37241000	37241999	0
chr16	37242000	37242999	11
chr16	37243000	37243999	3
chr16	37244000	37244999	5
chr16	37245000	37245999	2
chr16	37246000	37246999	2
chr16	37247000	37247999	6
chr16	37248000	37248999	0
chr16	37249000	37249999	1
chr16	37250000	37250999	20
chr16	37251000	37251999	6
chr16	37252000	37252999	0
chr16	37253000	37253999	0
chr16	37254000	37254999	0
chr16	37255000	37255999	6
chr16	37256000	37256999	6
chr16	37257000	37257999	8
chr16	37258000	37258999	6
chr16	37259000	37259999	6
chr16	37260000	37260999	0
chr16	37261000	37261999	16
chr16	37262000	37262999	0
chr16	37263000	37263999	0
chr16	37264000	37264999	11
chr16	37265000	37265999	4
chr16	37266000	37266999	0
chr16	37267000	37267999	2
chr16	37268000	37268999	0
chr16	37269000	37269999	2
chr16	37270000	37270999	5
chr16	37271000	37271999	0
chr16	37272000	37272999	3
chr16	37273000	37273999	28
chr16	37274000	37274999	27
chr16	37275000	37275999	4
chr16	37276000	37276999	0
chr16	37277000	37277999	0
chr16	37278000	37278999	0
chr16	37279000	37279999	9
chr16	37280000	37280999	21
chr16	37281000	37281999	4
chr16	37282000	37282999	2
chr16	37283000	37283999	15
chr16	37284000	37284999	14
chr16	37285000	37285999	10
chr16	37286000	37286999	7
chr16	37287000	37287999	0
chr16	37288000	37288999	0
chr16	37289000	37289999	0
chr16	37290000	37290999	0
chr16	37291000	37291999	10
chr16	37292000	37292999	28
chr16	37293000	37293999	11
chr16	37294000	37294999	0
chr16	37295000	37295999	4
chr16	37296000	37296999	0
chr16	37297000	37297999	17
chr16	37298000	37298999	2
chr16	37299000	37299999	3
chr16	37300000	37300999	1
chr16	37301000	37301999	0
chr16	37302000	37302999	0
chr16	37303000	37303999	8
chr16	37304000	37304999	3
chr16	37305000	37305999	15
chr16	37306000	37306999	0
chr16	37307000	37307999	0
chr16	37308000	37308999	3
chr16	37309000	37309999	0
chr16	37310000	37310999	7
chr16	37311000	37311999	14
chr16	37312000	37312999	0
chr16	37313000	37313999	0
chr16	37314000	37314999	2
chr16	37315000	37315999	7
chr16	37316000	37316999	0
chr16	37317000	37317999	0
chr16	37318000	37318999	0
chr16	37319000	37319999	14
chr16	37320000	37320999	0
chr16	37321000	37321999	3
chr16	37322000	37322999	8
chr16	37323000	37323999	0
chr16	37324000	37324999	2
chr16	37325000	37325999	4
chr16	37326000	37326999	17
chr16	37327000	37327999	1
chr16	37328000	37328999	0
chr16	37329000	37329999	11
chr16	37330000	37330999	13
chr16	37331000	37331999	10
chr16	37332000	37332999	5
chr16	37333000	37333999	5
chr16	37334000	37334999	6
chr16	37335000	37335999	2
chr16	37336000	37336999	10
chr16	37337000	37337999	8
chr16	37338000	37338999	7
chr16	37339000	37339999	0
chr16	37340000	37340999	7
chr16	37341000	37341999	4
chr16	37342000	37342999	27
chr16	37343000	37343999	3
chr16	37344000	37344999	24
chr16	37345000	37345999	5
chr16	37346000	37346999	12
chr16	37347000	37347999	47
chr16	37348000	37348999	8
chr16	37349000	37349999	0
chr16	37350000	37350999	5
chr16	37351000	37351999	0
chr16	37352000	37352999	18
chr16	37353000	37353999	12
chr16	37354000	37354999	1
chr16	37355000	37355999	6
chr16	37356000	37356999	10
chr16	37357000	37357999	7
chr16	37358000	37358999	0
chr16	37359000	37359999	22
chr16	37360000	37360999	0
chr16	37361000	37361999	1
chr16	37362000	37362999	4
chr16	37363000	37363999	27
chr16	37364000	37364999	19
chr16	37365000	37365999	0
chr16	37366000	37366999	0
chr16	37367000	37367999	0
chr16	37368000	37368999	31
chr16	37369000	37369999	0
chr16	37370000	37370999	3
chr16	37371000	37371999	12
chr16	37372000	37372999	7
chr16	37373000	37373999	16
chr16	37374000	37374999	0
chr16	37375000	37375999	6
chr16	37376000	37376999	0
chr16	37377000	37377999	4
chr16	37378000	37378999	0
chr16	37379000	37379999	0
chr16	37380000	37380999	15
chr16	37381000	37381999	22
chr16	37382000	37382999	12
chr16	37383000	37383999	19
chr16	37384000	37384999	36
chr16	37385000	37385999	16
chr16	37386000	37386999	7
chr16	37387000	37387999	6
chr16	37388000	37388999	20
chr16	37389000	37389999	9
chr16	37390000	37390999	23
chr16	37391000	37391999	4
chr16	37392000	37392999	8
chr16	37393000	37393999	0
chr16	37394000	37394999	10
chr16	37395000	37395999	0
chr16	37396000	37396999	7
chr16	37397000	37397999	21
chr16	37398000	37398999	0
chr16	37399000	37399999	19
chr16	37400000	37400999	5
chr16	37401000	37401999	0
chr16	37402000	37402999	1
chr16	37403000	37403999	5
chr16	37404000	37404999	13
chr16	37405000	37405999	0
chr16	37406000	37406999	25
chr16	37407000	37407999	7
chr16	37408000	37408999	27
chr16	37409000	37409999	6
chr16	37410000	37410999	0
chr16	37411000	37411999	0
chr16	37412000	37412999	0
chr16	37413000	37413999	0
chr16	37414000	37414999	0
chr16	37415000	37415999	0
chr16	37416000	37416999	16
chr16	37417000	37417999	4
chr16	37418000	37418999	23
chr16	37419000	37419999	9
chr16	37420000	37420999	11
chr16	37421000	37421999	10
chr16	37422000	37422999	11
chr16	37423000	37423999	12
chr16	37424000	37424999	4
chr16	37425000	37425999	12
chr16	37426000	37426999	14
chr16	37427000	37427999	0
chr16	37428000	37428999	0
chr16	37429000	37429999	7
chr16	37430000	37430999	0
chr16	37431000	37431999	4
chr16	37432000	37432999	1
chr16	37433000	37433999	6
chr16	37434000	37434999	7
chr16	37435000	37435999	0
chr16	37436000	37436999	12
chr16	37437000	37437999	19
chr16	37438000	37438999	11
chr16	37439000	37439999	19
chr16	37440000	37440999	18
chr16	37441000	37441999	16
chr16	37442000	37442999	14
chr16	37443000	37443999	4
chr16	37444000	37444999	21
chr16	37445000	37445999	0
chr16	37446000	37446999	2
chr16	37447000	37447999	14
chr16	37448000	37448999	13
chr16	37449000	37449999	19
chr16	37450000	37450999	0
chr16	37451000	37451999	0
chr16	37452000	37452999	15
chr16	37453000	37453999	24
chr16	37454000	37454999	0
chr16	37455000	37455999	18
chr16	37456000	37456999	11
chr16	37457000	37457999	12
chr16	37458000	37458999	10
chr16	37459000	37459999	30
chr16	37460000	37460999	0
chr16	37461000	37461999	38
chr16	37462000	37462999	8
chr16	37463000	37463999	0
chr16	37464000	37464999	9
chr16	37465000	37465999	10
chr16	37466000	37466999	0
chr16	37467000	37467999	0
chr16	37468000	37468999	14
chr16	37469000	37469999	15
chr16	37470000	37470999	28
chr16	37471000	37471999	9
chr16	37472000	37472999	22
chr16	37473000	37473999	7
chr16	37474000	37474999	7
chr16	37475000	37475999	1
chr16	37476000	37476999	16
chr16	37477000	37477999	1
chr16	37478000	37478999	11
chr16	37479000	37479999	10
chr16	37480000	37480999	0
chr16	37481000	37481999	10
chr16	37482000	37482999	18
chr16	37483000	37483999	6
chr16	37484000	37484999	6
chr16	37485000	37485999	2
chr16	37486000	37486999	9
chr16	37487000	37487999	16
chr16	37488000	37488999	0
chr16	37489000	37489999	0
chr16	37490000	37490999	1
chr16	37491000	37491999	6
chr16	37492000	37492999	30
chr16	37493000	37493999	4
chr16	37494000	37494999	0
chr16	37495000	37495999	19
chr16	37496000	37496999	3
chr16	37497000	37497999	18
chr16	37498000	37498999	8
chr16	37499000	37499999	8
chr16	37500000	37500999	3
chr16	37501000	37501999	7
chr16	37502000	37502999	3
chr16	37503000	37503999	16
chr16	37504000	37504999	6
chr16	37505000	37505999	6
chr16	37506000	37506999	19
chr16	37507000	37507999	8
chr16	37508000	37508999	7
chr16	37509000	37509999	9
chr16	37510000	37510999	6
chr16	37511000	37511999	6
chr16	37512000	37512999	26
chr16	37513000	37513999	9
chr16	37514000	37514999	11
chr16	37515000	37515999	0
chr16	37516000	37516999	7
chr16	37517000	37517999	9
chr16	37518000	37518999	5
chr16	37519000	37519999	9
chr16	37520000	37520999	2
chr16	37521000	37521999	11
chr16	37522000	37522999	9
chr16	37523000	37523999	15
chr16	37524000	37524999	13
chr16	37525000	37525999	16
chr16	37526000	37526999	18
chr16	37527000	37527999	18
chr16	37528000	37528999	3
chr16	37529000	37529999	1
chr16	37530000	37530999	3
chr16	37531000	37531999	0
chr16	37532000	37532999	15
chr16	37533000	37533999	8
chr16	37534000	37534999	14
chr16	37535000	37535999	31
chr16	37536000	37536999	11
chr16	37537000	37537999	17
chr16	37538000	37538999	3
chr16	37539000	37539999	99
chr16	37540000	37540999	62
chr16	37541000	37541999	9
chr16	37542000	37542999	16
chr16	37543000	37543999	14
chr16	37544000	37544999	7
chr16	37545000	37545999	0
chr16	37546000	37546999	6
chr16	37547000	37547999	4
chr16	37548000	37548999	0
chr16	37549000	37549999	2
chr16	37550000	37550999	32
chr16	37551000	37551999	8
chr16	37552000	37552999	0
chr16	37553000	37553999	41
chr16	37554000	37554999	6
chr16	37555000	37555999	4
chr16	37556000	37556999	3
chr16	37557000	37557999	0
chr16	37558000	37558999	3
chr16	37559000	37559999	1
chr16	37560000	37560999	11
chr16	37561000	37561999	5
chr16	37562000	37562999	15
chr16	37563000	37563999	2
chr16	37564000	37564999	6
chr16	37565000	37565999	17
chr16	37566000	37566999	0
chr16	37567000	37567999	2
chr16	37568000	37568999	16
chr16	37569000	37569999	16
chr16	37570000	37570999	8
chr16	37571000	37571999	0
chr16	37572000	37572999	0
chr16	37573000	37573999	2
chr16	37574000	37574999	3
chr16	37575000	37575999	0
chr16	37576000	37576999	9
chr16	37577000	37577999	0
chr16	37578000	37578999	22
chr16	37579000	37579999	8
chr16	37580000	37580999	9
chr16	37581000	37581999	10
chr16	37582000	37582999	0
chr16	37583000	37583999	18
chr16	37584000	37584999	11
chr16	37585000	37585999	0
chr16	37586000	37586999	6
chr16	37587000	37587999	7
chr16	37588000	37588999	0
chr16	37589000	37589999	4
chr16	37590000	37590999	36
chr16	37591000	37591999	15
chr16	37592000	37592999	0
chr16	37593000	37593999	21
chr16	37594000	37594999	0
chr16	37595000	37595999	6
chr16	37596000	37596999	9
chr16	37597000	37597999	8
chr16	37598000	37598999	0
chr16	37599000	37599999	6
chr16	37600000	37600999	7
chr16	37601000	37601999	10
chr16	37602000	37602999	11
chr16	37603000	37603999	0
chr16	37604000	37604999	0
chr16	37605000	37605999	27
chr16	37606000	37606999	19
chr16	37607000	37607999	14
chr16	37608000	37608999	5
chr16	37609000	37609999	8
chr16	37610000	37610999	1
chr16	37611000	37611999	11
chr16	37612000	37612999	2
chr16	37613000	37613999	1
chr16	37614000	37614999	4
chr16	37615000	37615999	0
chr16	37616000	37616999	17
chr16	37617000	37617999	10
chr16	37618000	37618999	13
chr16	37619000	37619999	2
chr16	37620000	37620999	24
chr16	37621000	37621999	4
chr16	37622000	37622999	6
chr16	37623000	37623999	9
chr16	37624000	37624999	10
chr16	37625000	37625999	3
chr16	37626000	37626999	10
chr16	37627000	37627999	17
chr16	37628000	37628999	11
chr16	37629000	37629999	29
chr16	37630000	37630999	18
chr16	37631000	37631999	9
chr16	37632000	37632999	24
chr16	37633000	37633999	23
chr16	37634000	37634999	3
chr16	37635000	37635999	0
chr16	37636000	37636999	19
chr16	37637000	37637999	6
chr16	37638000	37638999	2
chr16	37639000	37639999	6
chr16	37640000	37640999	7
chr16	37641000	37641999	0
chr16	37642000	37642999	7
chr16	37643000	37643999	17
chr16	37644000	37644999	17
chr16	37645000	37645999	9
chr16	37646000	37646999	9
chr16	37647000	37647999	4
chr16	37648000	37648999	0
chr16	37649000	37649999	0
chr16	37650000	37650999	10
chr16	37651000	37651999	21
chr16	37652000	37652999	9
chr16	37653000	37653999	16
chr16	37654000	37654999	97
chr16	37655000	37655999	11
chr16	37656000	37656999	4
chr16	37657000	37657999	52
chr16	37658000	37658999	13
chr16	37659000	37659999	0
chr16	37660000	37660999	2
chr16	37661000	37661999	13
chr16	37662000	37662999	22
chr16	37663000	37663999	29
chr16	37664000	37664999	5
chr16	37665000	37665999	19
chr16	37666000	37666999	16
chr16	37667000	37667999	0
chr16	37668000	37668999	4
chr16	37669000	37669999	6
chr16	37670000	37670999	0
chr16	37671000	37671999	6
chr16	37672000	37672999	25
chr16	37673000	37673999	0
chr16	37674000	37674999	0
chr16	37675000	37675999	8
chr16	37676000	37676999	17
chr16	37677000	37677999	13
chr16	37678000	37678999	22
chr16	37679000	37679999	1
chr16	37680000	37680999	0
chr16	37681000	37681999	7
chr16	37682000	37682999	19
chr16	37683000	37683999	34
chr16	37684000	37684999	90
chr16	37685000	37685999	35
chr16	37686000	37686999	37
chr16	37687000	37687999	27
chr16	37688000	37688999	2
chr16	37689000	37689999	9
chr16	37690000	37690999	26
chr16	37691000	37691999	27
chr16	37692000	37692999	8
chr16	37693000	37693999	25
chr16	37694000	37694999	22
chr16	37695000	37695999	2
chr16	37696000	37696999	9
chr16	37697000	37697999	4
chr16	37698000	37698999	11
chr16	37699000	37699999	27
chr16	37700000	37700999	0
chr16	37701000	37701999	12
chr16	37702000	37702999	13
chr16	37703000	37703999	2
chr16	37704000	37704999	15
chr16	37705000	37705999	13
chr16	37706000	37706999	16
chr16	37707000	37707999	7
chr16	37708000	37708999	3
chr16	37709000	37709999	5
chr16	37710000	37710999	0
chr16	37711000	37711999	2
chr16	37712000	37712999	0
chr16	37713000	37713999	12
chr16	37714000	37714999	3
chr16	37715000	37715999	4
chr16	37716000	37716999	0
chr16	37717000	37717999	11
chr16	37718000	37718999	10
chr16	37719000	37719999	10
chr16	37720000	37720999	11
chr16	37721000	37721999	0
chr16	37722000	37722999	23
chr16	37723000	37723999	0
chr16	37724000	37724999	17
chr16	37725000	37725999	22
chr16	37726000	37726999	10
chr16	37727000	37727999	1
chr16	37728000	37728999	7
chr16	37729000	37729999	9
chr16	37730000	37730999	20
chr16	37731000	37731999	8
chr16	37732000	37732999	17
chr16	37733000	37733999	0
chr16	37734000	37734999	16
chr16	37735000	37735999	0
chr16	37736000	37736999	3
chr16	37737000	37737999	4
chr16	37738000	37738999	26
chr16	37739000	37739999	22
chr16	37740000	37740999	11
chr16	37741000	37741999	17
chr16	37742000	37742999	20
chr16	37743000	37743999	4
chr16	37744000	37744999	0
chr16	37745000	37745999	4
chr16	37746000	37746999	18
chr16	37747000	37747999	3
chr16	37748000	37748999	6
chr16	37749000	37749999	5
chr16	37750000	37750999	3
chr16	37751000	37751999	5
chr16	37752000	37752999	7
chr16	37753000	37753999	0
chr16	37754000	37754999	71
chr16	37755000	37755999	18
chr16	37756000	37756999	7
chr16	37757000	37757999	6
chr16	37758000	37758999	8
chr16	37759000	37759999	10
chr16	37760000	37760999	8
chr16	37761000	37761999	9
chr16	37762000	37762999	14
chr16	37763000	37763999	24
chr16	37764000	37764999	6
chr16	37765000	37765999	1
chr16	37766000	37766999	0
chr16	37767000	37767999	9
chr16	37768000	37768999	4
chr16	37769000	37769999	31
chr16	37770000	37770999	20
chr16	37771000	37771999	5
chr16	37772000	37772999	9
chr16	37773000	37773999	4
chr16	37774000	37774999	8
chr16	37775000	37775999	7
chr16	37776000	37776999	27
chr16	37777000	37777999	11
chr16	37778000	37778999	2
chr16	37779000	37779999	10
chr16	37780000	37780999	1
chr16	37781000	37781999	4
chr16	37782000	37782999	0
chr16	37783000	37783999	0
chr16	37784000	37784999	18
chr16	37785000	37785999	4
chr16	37786000	37786999	4
chr16	37787000	37787999	41
chr16	37788000	37788999	7
chr16	37789000	37789999	3
chr16	37790000	37790999	9
chr16	37791000	37791999	34
chr16	37792000	37792999	7
chr16	37793000	37793999	25
chr16	37794000	37794999	17
chr16	37795000	37795999	0
chr16	37796000	37796999	4
chr16	37797000	37797999	0
chr16	37798000	37798999	0
chr16	37799000	37799999	0
chr16	37800000	37800999	15
chr16	37801000	37801999	11
chr16	37802000	37802999	45
chr16	37803000	37803999	24
chr16	37804000	37804999	28
chr16	37805000	37805999	16
chr16	37806000	37806999	14
chr16	37807000	37807999	16
chr16	37808000	37808999	18
chr16	37809000	37809999	10
chr16	37810000	37810999	4
chr16	37811000	37811999	0
chr16	37812000	37812999	40
chr16	37813000	37813999	6
chr16	37814000	37814999	47
chr16	37815000	37815999	9
chr16	37816000	37816999	10
chr16	37817000	37817999	13
chr16	37818000	37818999	36
chr16	37819000	37819999	38
chr16	37820000	37820999	30
chr16	37821000	37821999	42
chr16	37822000	37822999	18
chr16	37823000	37823999	8
chr16	37824000	37824999	23
chr16	37825000	37825999	2
chr16	37826000	37826999	12
chr16	37827000	37827999	0
chr16	37828000	37828999	19
chr16	37829000	37829999	10
chr16	37830000	37830999	21
chr16	37831000	37831999	13
chr16	37832000	37832999	20
chr16	37833000	37833999	7
chr16	37834000	37834999	12
chr16	37835000	37835999	17
chr16	37836000	37836999	5
chr16	37837000	37837999	18
chr16	37838000	37838999	22
chr16	37839000	37839999	34
chr16	37840000	37840999	9
chr16	37841000	37841999	17
chr16	37842000	37842999	6
chr16	37843000	37843999	28
chr16	37844000	37844999	8
chr16	37845000	37845999	9
chr16	37846000	37846999	42
chr16	37847000	37847999	27
chr16	37848000	37848999	9
chr16	37849000	37849999	34
chr16	37850000	37850999	15
chr16	37851000	37851999	19
chr16	37852000	37852999	11
chr16	37853000	37853999	43
chr16	37854000	37854999	8
chr16	37855000	37855999	8
chr16	37856000	37856999	8
chr16	37857000	37857999	11
chr16	37858000	37858999	6
chr16	37859000	37859999	4
chr16	37860000	37860999	0
chr16	37861000	37861999	17
chr16	37862000	37862999	2
chr16	37863000	37863999	22
chr16	37864000	37864999	0
chr16	37865000	37865999	14
chr16	37866000	37866999	4
chr16	37867000	37867999	39
chr16	37868000	37868999	85
chr16	37869000	37869999	36
chr16	37870000	37870999	25
chr16	37871000	37871999	52
chr16	37872000	37872999	5
chr16	37873000	37873999	3
chr16	37874000	37874999	7
chr16	37875000	37875999	18
chr16	37876000	37876999	0
chr16	37877000	37877999	0
chr16	37878000	37878999	31
chr16	37879000	37879999	0
chr16	37880000	37880999	19
chr16	37881000	37881999	8
chr16	37882000	37882999	17
chr16	37883000	37883999	18
chr16	37884000	37884999	12
chr16	37885000	37885999	0
chr16	37886000	37886999	12
chr16	37887000	37887999	3
chr16	37888000	37888999	1
chr16	37889000	37889999	34
chr16	37890000	37890999	8
chr16	37891000	37891999	20
chr16	37892000	37892999	0
chr16	37893000	37893999	7
chr16	37894000	37894999	0
chr16	37895000	37895999	11
chr16	37896000	37896999	0
chr16	37897000	37897999	0
chr16	37898000	37898999	37
chr16	37899000	37899999	57
chr16	37900000	37900999	15
chr16	37901000	37901999	18
chr16	37902000	37902999	0
chr16	37903000	37903999	10
chr16	37904000	37904999	37
chr16	37905000	37905999	2
chr16	37906000	37906999	0
chr16	37907000	37907999	11
chr16	37908000	37908999	0
chr16	37909000	37909999	0
chr16	37910000	37910999	0
chr16	37911000	37911999	10
chr16	37912000	37912999	6
chr16	37913000	37913999	6
chr16	37914000	37914999	21
chr16	37915000	37915999	3
chr16	37916000	37916999	29
chr16	37917000	37917999	12
chr16	37918000	37918999	2
chr16	37919000	37919999	8
chr16	37920000	37920999	3
chr16	37921000	37921999	0
chr16	37922000	37922999	21
chr16	37923000	37923999	0
chr16	37924000	37924999	12
chr16	37925000	37925999	15
chr16	37926000	37926999	8
chr16	37927000	37927999	8
chr16	37928000	37928999	12
chr16	37929000	37929999	11
chr16	37930000	37930999	20
chr16	37931000	37931999	6
chr16	37932000	37932999	0
chr16	37933000	37933999	0
chr16	37934000	37934999	11
chr16	37935000	37935999	16
chr16	37936000	37936999	18
chr16	37937000	37937999	14
chr16	37938000	37938999	2
chr16	37939000	37939999	0
chr16	37940000	37940999	18
chr16	37941000	37941999	0
chr16	37942000	37942999	5
chr16	37943000	37943999	5
chr16	37944000	37944999	15
chr16	37945000	37945999	4
chr16	37946000	37946999	0
chr16	37947000	37947999	17
chr16	37948000	37948999	2
chr16	37949000	37949999	0
chr16	37950000	37950999	22
chr16	37951000	37951999	16
chr16	37952000	37952999	10
chr16	37953000	37953999	12
chr16	37954000	37954999	6
chr16	37955000	37955999	0
chr16	37956000	37956999	2
chr16	37957000	37957999	0
chr16	37958000	37958999	0
chr16	37959000	37959999	6
chr16	37960000	37960999	13
chr16	37961000	37961999	22
chr16	37962000	37962999	12
chr16	37963000	37963999	32
chr16	37964000	37964999	7
chr16	37965000	37965999	13
chr16	37966000	37966999	0
chr16	37967000	37967999	7
chr16	37968000	37968999	0
chr16	37969000	37969999	0
chr16	37970000	37970999	15
chr16	37971000	37971999	1
chr16	37972000	37972999	10
chr16	37973000	37973999	16
chr16	37974000	37974999	30
chr16	37975000	37975999	41
chr16	37976000	37976999	4
chr16	37977000	37977999	2
chr16	37978000	37978999	26
chr16	37979000	37979999	10
chr16	37980000	37980999	8
chr16	37981000	37981999	7
chr16	37982000	37982999	14
chr16	37983000	37983999	0
chr16	37984000	37984999	9
chr16	37985000	37985999	0
chr16	37986000	37986999	6
chr16	37987000	37987999	10
chr16	37988000	37988999	39
chr16	37989000	37989999	19
chr16	37990000	37990999	12
chr16	37991000	37991999	21
chr16	37992000	37992999	6
chr16	37993000	37993999	17
chr16	37994000	37994999	46
chr16	37995000	37995999	32
chr16	37996000	37996999	5
chr16	37997000	37997999	12
chr16	37998000	37998999	9
chr16	37999000	37999999	16
chr16	38000000	38000999	26
chr16	38001000	38001999	27
chr16	38002000	38002999	12
chr16	38003000	38003999	23
chr16	38004000	38004999	12
chr16	38005000	38005999	17
chr16	38006000	38006999	21
chr16	38007000	38007999	8
chr16	38008000	38008999	15
chr16	38009000	38009999	33
chr16	38010000	38010999	3
chr16	38011000	38011999	49
chr16	38012000	38012999	79
chr16	38013000	38013999	41
chr16	38014000	38014999	33
chr16	38015000	38015999	12
chr16	38016000	38016999	26
chr16	38017000	38017999	35
chr16	38018000	38018999	28
chr16	38019000	38019999	11
chr16	38020000	38020999	7
chr16	38021000	38021999	0
chr16	38022000	38022999	0
chr16	38023000	38023999	7
chr16	38024000	38024999	6
chr16	38025000	38025999	10
chr16	38026000	38026999	2
chr16	38027000	38027999	2
chr16	38028000	38028999	15
chr16	38029000	38029999	19
chr16	38030000	38030999	0
chr16	38031000	38031999	2
chr16	38032000	38032999	2
chr16	38033000	38033999	10
chr16	38034000	38034999	5
chr16	38035000	38035999	1
chr16	38036000	38036999	8
chr16	38037000	38037999	5
chr16	38038000	38038999	9
chr16	38039000	38039999	29
chr16	38040000	38040999	19
chr16	38041000	38041999	31
chr16	38042000	38042999	15
chr16	38043000	38043999	17
chr16	38044000	38044999	0
chr16	38045000	38045999	0
chr16	38046000	38046999	21
chr16	38047000	38047999	54
chr16	38048000	38048999	44
chr16	38049000	38049999	28
chr16	38050000	38050999	0
chr16	38051000	38051999	25
chr16	38052000	38052999	15
chr16	38053000	38053999	17
chr16	38054000	38054999	14
chr16	38055000	38055999	1
chr16	38056000	38056999	12
chr16	38057000	38057999	1
chr16	38058000	38058999	2
chr16	38059000	38059999	6
chr16	38060000	38060999	2
chr16	38061000	38061999	11
chr16	38062000	38062999	23
chr16	38063000	38063999	5
chr16	38064000	38064999	0
chr16	38065000	38065999	31
chr16	38066000	38066999	10
chr16	38067000	38067999	1
chr16	38068000	38068999	12
chr16	38069000	38069999	0
chr16	38070000	38070999	6
chr16	38071000	38071999	18
chr16	38072000	38072999	14
chr16	38073000	38073999	23
chr16	38074000	38074999	11
chr16	38075000	38075999	14
chr16	38076000	38076999	4
chr16	38077000	38077999	6
chr16	38078000	38078999	6
chr16	38079000	38079999	20
chr16	38080000	38080999	9
chr16	38081000	38081999	0
chr16	38082000	38082999	24
chr16	38083000	38083999	18
chr16	38084000	38084999	2
chr16	38085000	38085999	14
chr16	38086000	38086999	37
chr16	38087000	38087999	46
chr16	38088000	38088999	141
chr16	38089000	38089999	213
chr16	38090000	38090999	36
chr16	38091000	38091999	35
chr16	38092000	38092999	19
chr16	38093000	38093999	3
chr16	38094000	38094999	31
chr16	38095000	38095999	24
chr16	38096000	38096999	3
chr16	38097000	38097999	9
chr16	38098000	38098999	10
chr16	38099000	38099999	5
chr16	38100000	38100999	20
chr16	38101000	38101999	32
chr16	38102000	38102999	5
chr16	38103000	38103999	12
chr16	38104000	38104999	17
chr16	38105000	38105999	0
chr16	38106000	38106999	30
chr16	38107000	38107999	6
chr16	38108000	38108999	15
chr16	38109000	38109999	17
chr16	38110000	38110999	12
chr16	38111000	38111999	22
chr16	38112000	38112999	15
chr16	38113000	38113999	0
chr16	38114000	38114999	15
chr16	38115000	38115999	0
chr16	38116000	38116999	11
chr16	38117000	38117999	10
chr16	38118000	38118999	10
chr16	38119000	38119999	0
chr16	38120000	38120999	0
chr16	38121000	38121999	7
chr16	38122000	38122999	0
chr16	38123000	38123999	16
chr16	38124000	38124999	18
chr16	38125000	38125999	1
chr16	38126000	38126999	9
chr16	38127000	38127999	16
chr16	38128000	38128999	15
chr16	38129000	38129999	48
chr16	38130000	38130999	29
chr16	38131000	38131999	78
chr16	38132000	38132999	3
chr16	38133000	38133999	5
chr16	38134000	38134999	2
chr16	38135000	38135999	10
chr16	38136000	38136999	16
chr16	38137000	38137999	35
chr16	38138000	38138999	11
chr16	38139000	38139999	9
chr16	38140000	38140999	14
chr16	38141000	38141999	24
chr16	38142000	38142999	0
chr16	38143000	38143999	7
chr16	38144000	38144999	41
chr16	38145000	38145999	9
chr16	38146000	38146999	0
chr16	38147000	38147999	0
chr16	38148000	38148999	4
chr16	38149000	38149999	0
chr16	38150000	38150999	13
chr16	38151000	38151999	6
chr16	38152000	38152999	1
chr16	38153000	38153999	9
chr16	38154000	38154999	5
chr16	38155000	38155999	0
chr16	38156000	38156999	15
chr16	38157000	38157999	19
chr16	38158000	38158999	47
chr16	38159000	38159999	36
chr16	38160000	38160999	4
chr16	38161000	38161999	0
chr16	38162000	38162999	14
chr16	38163000	38163999	11
chr16	38164000	38164999	1
chr16	38165000	38165999	4
chr16	38166000	38166999	9
chr16	38167000	38167999	18
chr16	38168000	38168999	15
chr16	38169000	38169999	6
chr16	38170000	38170999	11
chr16	38171000	38171999	5
chr16	38172000	38172999	10
chr16	38173000	38173999	0
chr16	38174000	38174999	0
chr16	38175000	38175999	15
chr16	38176000	38176999	22
chr16	38177000	38177999	12
chr16	38178000	38178999	6
chr16	38179000	38179999	5
chr16	38180000	38180999	2
chr16	38181000	38181999	24
chr16	38182000	38182999	20
chr16	38183000	38183999	7
chr16	38184000	38184999	18
chr16	38185000	38185999	5
chr16	38186000	38186999	1
chr16	38187000	38187999	4
chr16	38188000	38188999	0
chr16	38189000	38189999	0
chr16	38190000	38190999	3
chr16	38191000	38191999	16
chr16	38192000	38192999	0
chr16	38193000	38193999	21
chr16	38194000	38194999	19
chr16	38195000	38195999	16
chr16	38196000	38196999	21
chr16	38197000	38197999	10
chr16	38198000	38198999	12
chr16	38199000	38199999	14
chr16	38200000	38200999	2
chr16	38201000	38201999	4
chr16	38202000	38202999	10
chr16	38203000	38203999	14
chr16	38204000	38204999	4
chr16	38205000	38205999	5
chr16	38206000	38206999	22
chr16	38207000	38207999	10
chr16	38208000	38208999	0
chr16	38209000	38209999	16
chr16	38210000	38210999	1
chr16	38211000	38211999	5
chr16	38212000	38212999	0
chr16	38213000	38213999	1
chr16	38214000	38214999	34
chr16	38215000	38215999	10
chr16	38216000	38216999	13
chr16	38217000	38217999	0
chr16	38218000	38218999	7
chr16	38219000	38219999	12
chr16	38220000	38220999	0
chr16	38221000	38221999	20
chr16	38222000	38222999	2
chr16	38223000	38223999	11
chr16	38224000	38224999	0
chr16	38225000	38225999	1
chr16	38226000	38226999	2
chr16	38227000	38227999	14
chr16	38228000	38228999	7
chr16	38229000	38229999	2
chr16	38230000	38230999	18
chr16	38231000	38231999	11
chr16	38232000	38232999	6
chr16	38233000	38233999	0
chr16	38234000	38234999	0
chr16	38235000	38235999	0
chr16	38236000	38236999	19
chr16	38237000	38237999	21
chr16	38238000	38238999	4
chr16	38239000	38239999	14
chr16	38240000	38240999	0
chr16	38241000	38241999	4
chr16	38242000	38242999	8
chr16	38243000	38243999	9
chr16	38244000	38244999	3
chr16	38245000	38245999	0
chr16	38246000	38246999	6
chr16	38247000	38247999	9
chr16	38248000	38248999	15
chr16	38249000	38249999	9
chr16	38250000	38250999	29
chr16	38251000	38251999	2
chr16	38252000	38252999	8
chr16	38253000	38253999	12
chr16	38254000	38254999	17
chr16	38255000	38255999	19
chr16	38256000	38256999	5
chr16	38257000	38257999	9
chr16	38258000	38258999	7
chr16	38259000	38259999	0
chr16	38260000	38260999	19
chr16	38261000	38261999	0
chr16	38262000	38262999	17
chr16	38263000	38263999	15
chr16	38264000	38264999	4
chr16	38265000	38265999	9
chr16	38266000	38266999	8
chr16	38267000	38267999	5
chr16	38268000	38268999	0
chr16	38269000	38269999	0
chr16	38270000	38270999	0
chr16	38271000	38271999	9
chr16	38272000	38272999	2
chr16	38273000	38273999	2
chr16	38274000	38274999	5
chr16	38275000	38275999	11
chr16	38276000	38276999	1
chr16	38277000	38277999	7
chr16	38278000	38278999	2
chr16	38279000	38279999	1
chr16	38280000	38280999	0
chr16	38281000	38281999	24
chr16	38282000	38282999	25
chr16	38283000	38283999	13
chr16	38284000	38284999	10
chr16	38285000	38285999	5
chr16	38286000	38286999	8
chr16	38287000	38287999	7
chr16	38288000	38288999	0
chr16	38289000	38289999	7
chr16	38290000	38290999	24
chr16	38291000	38291999	24
chr16	38292000	38292999	21
chr16	38293000	38293999	12
chr16	38294000	38294999	37
chr16	38295000	38295999	8
chr16	38296000	38296999	4
chr16	38297000	38297999	7
chr16	38298000	38298999	33
chr16	38299000	38299999	22
chr16	38300000	38300999	9
chr16	38301000	38301999	0
chr16	38302000	38302999	15
chr16	38303000	38303999	10
chr16	38304000	38304999	15
chr16	38305000	38305999	24
chr16	38306000	38306999	8
chr16	38307000	38307999	1
chr16	38308000	38308999	8
chr16	38309000	38309999	12
chr16	38310000	38310999	24
chr16	38311000	38311999	21
chr16	38312000	38312999	0
chr16	38313000	38313999	1
chr16	38314000	38314999	0
chr16	38315000	38315999	3
chr16	38316000	38316999	2
chr16	38317000	38317999	5
chr16	38318000	38318999	15
chr16	38319000	38319999	4
chr16	38320000	38320999	12
chr16	38321000	38321999	45
chr16	38322000	38322999	25
chr16	38323000	38323999	12
chr16	38324000	38324999	17
chr16	38325000	38325999	7
chr16	38326000	38326999	1
chr16	38327000	38327999	11
chr16	38328000	38328999	2
chr16	38329000	38329999	14
chr16	38330000	38330999	8
chr16	38331000	38331999	3
chr16	38332000	38332999	14
chr16	38333000	38333999	2
chr16	38334000	38334999	0
chr16	38335000	38335999	1
chr16	38336000	38336999	9
chr16	38337000	38337999	31
chr16	38338000	38338999	16
chr16	38339000	38339999	12
chr16	38340000	38340999	0
chr16	38341000	38341999	2
chr16	38342000	38342999	14
chr16	38343000	38343999	4
chr16	38344000	38344999	6
chr16	38345000	38345999	15
chr16	38346000	38346999	47
chr16	38347000	38347999	92
chr16	38348000	38348999	4
chr16	38349000	38349999	22
chr16	38350000	38350999	6
chr16	38351000	38351999	0
chr16	38352000	38352999	16
chr16	38353000	38353999	9
chr16	38354000	38354999	2
chr16	38355000	38355999	15
chr16	38356000	38356999	23
chr16	38357000	38357999	55
chr16	38358000	38358999	17
chr16	38359000	38359999	3
chr16	38360000	38360999	0
chr16	38361000	38361999	15
chr16	38362000	38362999	21
chr16	38363000	38363999	1
chr16	38364000	38364999	28
chr16	38365000	38365999	5
chr16	38366000	38366999	0
chr16	38367000	38367999	1
chr16	38368000	38368999	3
chr16	38369000	38369999	20
chr16	38370000	38370999	0
chr16	38371000	38371999	10
chr16	38372000	38372999	0
chr16	38373000	38373999	0
chr16	38374000	38374999	19
chr16	38375000	38375999	3
chr16	38376000	38376999	12
chr16	38377000	38377999	24
chr16	38378000	38378999	8
chr16	38379000	38379999	0
chr16	38380000	38380999	12
chr16	38381000	38381999	8
chr16	38382000	38382999	40
chr16	38383000	38383999	1
chr16	38384000	38384999	5
chr16	38385000	38385999	4
chr16	38386000	38386999	5
chr16	38387000	38387999	5
chr16	38388000	38388999	14
chr16	38389000	38389999	7
chr16	38390000	38390999	14
chr16	38391000	38391999	12
chr16	38392000	38392999	10
chr16	38393000	38393999	21
chr16	38394000	38394999	13
chr16	38395000	38395999	5
chr16	38396000	38396999	17
chr16	38397000	38397999	13
chr16	38398000	38398999	7
chr16	38399000	38399999	35
chr16	38400000	38400999	8
chr16	38401000	38401999	8
chr16	38402000	38402999	5
chr16	38403000	38403999	9
chr16	38404000	38404999	26
chr16	38405000	38405999	0
chr16	38406000	38406999	2
chr16	38407000	38407999	0
chr16	38408000	38408999	1
chr16	38409000	38409999	0
chr16	38410000	38410999	45
chr16	38411000	38411999	10
chr16	38412000	38412999	7
chr16	38413000	38413999	0
chr16	38414000	38414999	4
chr16	38415000	38415999	2
chr16	38416000	38416999	0
chr16	38417000	38417999	7
chr16	38418000	38418999	12
chr16	38419000	38419999	31
chr16	38420000	38420999	19
chr16	38421000	38421999	12
chr16	38422000	38422999	39
chr16	38423000	38423999	19
chr16	38424000	38424999	6
chr16	38425000	38425999	6
chr16	38426000	38426999	6
chr16	38427000	38427999	14
chr16	38428000	38428999	0
chr16	38429000	38429999	0
chr16	38430000	38430999	17
chr16	38431000	38431999	0
chr16	38432000	38432999	4
chr16	38433000	38433999	5
chr16	38434000	38434999	1
chr16	38435000	38435999	3
chr16	38436000	38436999	5
chr16	38437000	38437999	7
chr16	38438000	38438999	22
chr16	38439000	38439999	0
chr16	38440000	38440999	0
chr16	38441000	38441999	8
chr16	38442000	38442999	25
chr16	38443000	38443999	18
chr16	38444000	38444999	5
chr16	38445000	38445999	25
chr16	38446000	38446999	1
chr16	38447000	38447999	7
chr16	38448000	38448999	20
chr16	38449000	38449999	7
chr16	38450000	38450999	13
chr16	38451000	38451999	43
chr16	38452000	38452999	98
chr16	38453000	38453999	14
chr16	38454000	38454999	13
chr16	38455000	38455999	5
chr16	38456000	38456999	6
chr16	38457000	38457999	22
chr16	38458000	38458999	12
chr16	38459000	38459999	26
chr16	38460000	38460999	21
chr16	38461000	38461999	0
chr16	38462000	38462999	29
chr16	38463000	38463999	2
chr16	38464000	38464999	17
chr16	38465000	38465999	5
chr16	38466000	38466999	8
chr16	38467000	38467999	10
chr16	38468000	38468999	20
chr16	38469000	38469999	16
chr16	38470000	38470999	8
chr16	38471000	38471999	6
chr16	38472000	38472999	23
chr16	38473000	38473999	5
chr16	38474000	38474999	5
chr16	38475000	38475999	22
chr16	38476000	38476999	12
chr16	38477000	38477999	20
chr16	38478000	38478999	14
chr16	38479000	38479999	0
chr16	38480000	38480999	17
chr16	38481000	38481999	19
chr16	38482000	38482999	2
chr16	38483000	38483999	20
chr16	38484000	38484999	12
chr16	38485000	38485999	9
chr16	38486000	38486999	11
chr16	38487000	38487999	5
chr16	38488000	38488999	24
chr16	38489000	38489999	8
chr16	38490000	38490999	2
chr16	38491000	38491999	12
chr16	38492000	38492999	10
chr16	38493000	38493999	0
chr16	38494000	38494999	18
chr16	38495000	38495999	0
chr16	38496000	38496999	11
chr16	38497000	38497999	5
chr16	38498000	38498999	2
chr16	38499000	38499999	18
chr16	38500000	38500999	6
chr16	38501000	38501999	20
chr16	38502000	38502999	0
chr16	38503000	38503999	4
chr16	38504000	38504999	18
chr16	38505000	38505999	6
chr16	38506000	38506999	12
chr16	38507000	38507999	3
chr16	38508000	38508999	16
chr16	38509000	38509999	0
chr16	38510000	38510999	11
chr16	38511000	38511999	5
chr16	38512000	38512999	14
chr16	38513000	38513999	0
chr16	38514000	38514999	5
chr16	38515000	38515999	2
chr16	38516000	38516999	20
chr16	38517000	38517999	15
chr16	38518000	38518999	12
chr16	38519000	38519999	5
chr16	38520000	38520999	14
chr16	38521000	38521999	12
chr16	38522000	38522999	72
chr16	38523000	38523999	33
chr16	38524000	38524999	0
chr16	38525000	38525999	0
chr16	38526000	38526999	22
chr16	38527000	38527999	8
chr16	38528000	38528999	7
chr16	38529000	38529999	21
chr16	38530000	38530999	12
chr16	38531000	38531999	20
chr16	38532000	38532999	4
chr16	38533000	38533999	15
chr16	38534000	38534999	13
chr16	38535000	38535999	39
chr16	38536000	38536999	6
chr16	38537000	38537999	6
chr16	38538000	38538999	8
chr16	38539000	38539999	3
chr16	38540000	38540999	0
chr16	38541000	38541999	0
chr16	38542000	38542999	11
chr16	38543000	38543999	10
chr16	38544000	38544999	8
chr16	38545000	38545999	4
chr16	38546000	38546999	1
chr16	38547000	38547999	3
chr16	38548000	38548999	6
chr16	38549000	38549999	15
chr16	38550000	38550999	18
chr16	38551000	38551999	31
chr16	38552000	38552999	0
chr16	38553000	38553999	17
chr16	38554000	38554999	0
chr16	38555000	38555999	6
chr16	38556000	38556999	6
chr16	38557000	38557999	3
chr16	38558000	38558999	3
chr16	38559000	38559999	13
chr16	38560000	38560999	8
chr16	38561000	38561999	24
chr16	38562000	38562999	91
chr16	38563000	38563999	48
chr16	38564000	38564999	30
chr16	38565000	38565999	26
chr16	38566000	38566999	58
chr16	38567000	38567999	14
chr16	38568000	38568999	6
chr16	38569000	38569999	10
chr16	38570000	38570999	0
chr16	38571000	38571999	12
chr16	38572000	38572999	24
chr16	38573000	38573999	0
chr16	38574000	38574999	7
chr16	38575000	38575999	12
chr16	38576000	38576999	16
chr16	38577000	38577999	9
chr16	38578000	38578999	2
chr16	38579000	38579999	12
chr16	38580000	38580999	0
chr16	38581000	38581999	2
chr16	38582000	38582999	3
chr16	38583000	38583999	2
chr16	38584000	38584999	0
chr16	38585000	38585999	29
chr16	38586000	38586999	12
chr16	38587000	38587999	19
chr16	38588000	38588999	23
chr16	38589000	38589999	24
chr16	38590000	38590999	9
chr16	38591000	38591999	4
chr16	38592000	38592999	5
chr16	38593000	38593999	0
chr16	38594000	38594999	13
chr16	38595000	38595999	3
chr16	38596000	38596999	0
chr16	38597000	38597999	9
chr16	38598000	38598999	3
chr16	38599000	38599999	14
chr16	38600000	38600999	14
chr16	38601000	38601999	14
chr16	38602000	38602999	4
chr16	38603000	38603999	122
chr16	38604000	38604999	27
chr16	38605000	38605999	23
chr16	38606000	38606999	10
chr16	38607000	38607999	8
chr16	38608000	38608999	8
chr16	38609000	38609999	19
chr16	38610000	38610999	0
chr16	38611000	38611999	4
chr16	38612000	38612999	11
chr16	38613000	38613999	22
chr16	38614000	38614999	11
chr16	38615000	38615999	16
chr16	38616000	38616999	0
chr16	38617000	38617999	8
chr16	38618000	38618999	2
chr16	38619000	38619999	28
chr16	38620000	38620999	34
chr16	38621000	38621999	2
chr16	38622000	38622999	49
chr16	38623000	38623999	16
chr16	38624000	38624999	13
chr16	38625000	38625999	2
chr16	38626000	38626999	6
chr16	38627000	38627999	6
chr16	38628000	38628999	28
chr16	38629000	38629999	7
chr16	38630000	38630999	0
chr16	38631000	38631999	40
chr16	38632000	38632999	9
chr16	38633000	38633999	0
chr16	38634000	38634999	23
chr16	38635000	38635999	11
chr16	38636000	38636999	4
chr16	38637000	38637999	15
chr16	38638000	38638999	3
chr16	38639000	38639999	12
chr16	38640000	38640999	2
chr16	38641000	38641999	16
chr16	38642000	38642999	17
chr16	38643000	38643999	23
chr16	38644000	38644999	12
chr16	38645000	38645999	11
chr16	38646000	38646999	4
chr16	38647000	38647999	0
chr16	38648000	38648999	5
chr16	38649000	38649999	12
chr16	38650000	38650999	10
chr16	38651000	38651999	10
chr16	38652000	38652999	4
chr16	38653000	38653999	0
chr16	38654000	38654999	23
chr16	38655000	38655999	3
chr16	38656000	38656999	0
chr16	38657000	38657999	1
chr16	38658000	38658999	7
chr16	38659000	38659999	6
chr16	38660000	38660999	0
chr16	38661000	38661999	8
chr16	38662000	38662999	17
chr16	38663000	38663999	7
chr16	38664000	38664999	1
chr16	38665000	38665999	1
chr16	38666000	38666999	0
chr16	38667000	38667999	19
chr16	38668000	38668999	16
chr16	38669000	38669999	15
chr16	38670000	38670999	9
chr16	38671000	38671999	5
chr16	38672000	38672999	17
chr16	38673000	38673999	3
chr16	38674000	38674999	17
chr16	38675000	38675999	5
chr16	38676000	38676999	0
chr16	38677000	38677999	4
chr16	38678000	38678999	0
chr16	38679000	38679999	36
chr16	38680000	38680999	9
chr16	38681000	38681999	4
chr16	38682000	38682999	12
chr16	38683000	38683999	4
chr16	38684000	38684999	21
chr16	38685000	38685999	9
chr16	38686000	38686999	10
chr16	38687000	38687999	8
chr16	38688000	38688999	11
chr16	38689000	38689999	6
chr16	38690000	38690999	14
chr16	38691000	38691999	7
chr16	38692000	38692999	12
chr16	38693000	38693999	6
chr16	38694000	38694999	9
chr16	38695000	38695999	6
chr16	38696000	38696999	4
chr16	38697000	38697999	0
chr16	38698000	38698999	0
chr16	38699000	38699999	0
chr16	38700000	38700999	0
chr16	38701000	38701999	0
chr16	38702000	38702999	0
chr16	38703000	38703999	0
chr16	38704000	38704999	16
chr16	38705000	38705999	8
chr16	38706000	38706999	9
chr16	38707000	38707999	8
chr16	38708000	38708999	0
chr16	38709000	38709999	14
chr16	38710000	38710999	9
chr16	38711000	38711999	0
chr16	38712000	38712999	28
chr16	38713000	38713999	46
chr16	38714000	38714999	0
chr16	38715000	38715999	0
chr16	38716000	38716999	0
chr16	38717000	38717999	0
chr16	38718000	38718999	0
chr16	38719000	38719999	0
chr16	38720000	38720999	0
chr16	38721000	38721999	7
chr16	38722000	38722999	13
chr16	38723000	38723999	15
chr16	38724000	38724999	15
chr16	38725000	38725999	6
chr16	38726000	38726999	6
chr16	38727000	38727999	5
chr16	38728000	38728999	28
chr16	38729000	38729999	20
chr16	38730000	38730999	2
chr16	38731000	38731999	0
chr16	38732000	38732999	8
chr16	38733000	38733999	0
chr16	38734000	38734999	11
chr16	38735000	38735999	3
chr16	38736000	38736999	0
chr16	38737000	38737999	20
chr16	38738000	38738999	1
chr16	38739000	38739999	36
chr16	38740000	38740999	45
chr16	38741000	38741999	0
chr16	38742000	38742999	58
chr16	38743000	38743999	7
chr16	38744000	38744999	6
chr16	38745000	38745999	3
chr16	38746000	38746999	6
chr16	38747000	38747999	8
chr16	38748000	38748999	8
chr16	38749000	38749999	5
chr16	38750000	38750999	11
chr16	38751000	38751999	6
chr16	38752000	38752999	17
chr16	38753000	38753999	7
chr16	38754000	38754999	30
chr16	38755000	38755999	7
chr16	38756000	38756999	1
chr16	38757000	38757999	19
chr16	38758000	38758999	69
chr16	38759000	38759999	24
chr16	38760000	38760999	20
chr16	38761000	38761999	4
chr16	38762000	38762999	4
chr16	38763000	38763999	7
chr16	38764000	38764999	6
chr16	38765000	38765999	0
chr16	38766000	38766999	5
chr16	38767000	38767999	14
chr16	38768000	38768999	3
chr16	38769000	38769999	7
chr16	38770000	38770999	6
chr16	38771000	38771999	4
chr16	38772000	38772999	10
chr16	38773000	38773999	13
chr16	38774000	38774999	6
chr16	38775000	38775999	3
chr16	38776000	38776999	18
chr16	38777000	38777999	3
chr16	38778000	38778999	4
chr16	38779000	38779999	8
chr16	38780000	38780999	11
chr16	38781000	38781999	8
chr16	38782000	38782999	3
chr16	38783000	38783999	15
chr16	38784000	38784999	17
chr16	38785000	38785999	0
chr16	38786000	38786999	3
chr16	38787000	38787999	0
chr16	38788000	38788999	20
chr16	38789000	38789999	13
chr16	38790000	38790999	6
chr16	38791000	38791999	47
chr16	38792000	38792999	3
chr16	38793000	38793999	19
chr16	38794000	38794999	17
chr16	38795000	38795999	6
chr16	38796000	38796999	15
chr16	38797000	38797999	5
chr16	38798000	38798999	1
chr16	38799000	38799999	0
chr16	38800000	38800999	5
chr16	38801000	38801999	21
chr16	38802000	38802999	2
chr16	38803000	38803999	7
chr16	38804000	38804999	12
chr16	38805000	38805999	0
chr16	38806000	38806999	0
chr16	38807000	38807999	27
chr16	38808000	38808999	11
chr16	38809000	38809999	0
chr16	38810000	38810999	10
chr16	38811000	38811999	22
chr16	38812000	38812999	14
chr16	38813000	38813999	1
chr16	38814000	38814999	0
chr16	38815000	38815999	24
chr16	38816000	38816999	4
chr16	38817000	38817999	44
chr16	38818000	38818999	29
chr16	38819000	38819999	15
chr16	38820000	38820999	0
chr16	38821000	38821999	16
chr16	38822000	38822999	0
chr16	38823000	38823999	7
chr16	38824000	38824999	24
chr16	38825000	38825999	0
chr16	38826000	38826999	10
chr16	38827000	38827999	3
chr16	38828000	38828999	21
chr16	38829000	38829999	3
chr16	38830000	38830999	11
chr16	38831000	38831999	0
chr16	38832000	38832999	0
chr16	38833000	38833999	0
chr16	38834000	38834999	0
chr16	38835000	38835999	0
chr16	38836000	38836999	6
chr16	38837000	38837999	15
chr16	38838000	38838999	0
chr16	38839000	38839999	0
chr16	38840000	38840999	0
chr16	38841000	38841999	0
chr16	38842000	38842999	0
chr16	38843000	38843999	0
chr16	38844000	38844999	0
chr16	38845000	38845999	0
chr16	38846000	38846999	0
chr16	38847000	38847999	8
chr16	38848000	38848999	4
chr16	38849000	38849999	0
chr16	38850000	38850999	4
chr16	38851000	38851999	36
chr16	38852000	38852999	2
chr16	38853000	38853999	11
chr16	38854000	38854999	6
chr16	38855000	38855999	12
chr16	38856000	38856999	13
chr16	38857000	38857999	2
chr16	38858000	38858999	14
chr16	38859000	38859999	10
chr16	38860000	38860999	9
chr16	38861000	38861999	6
chr16	38862000	38862999	13
chr16	38863000	38863999	4
chr16	38864000	38864999	1
chr16	38865000	38865999	4
chr16	38866000	38866999	3
chr16	38867000	38867999	0
chr16	38868000	38868999	4
chr16	38869000	38869999	3
chr16	38870000	38870999	0
chr16	38871000	38871999	8
chr16	38872000	38872999	7
chr16	38873000	38873999	20
chr16	38874000	38874999	4
chr16	38875000	38875999	7
chr16	38876000	38876999	5
chr16	38877000	38877999	4
chr16	38878000	38878999	0
chr16	38879000	38879999	0
chr16	38880000	38880999	0
chr16	38881000	38881999	0
chr16	38882000	38882999	0
chr16	38883000	38883999	12
chr16	38884000	38884999	23
chr16	38885000	38885999	18
chr16	38886000	38886999	3
chr16	38887000	38887999	12
chr16	38888000	38888999	5
chr16	38889000	38889999	12
chr16	38890000	38890999	12
chr16	38891000	38891999	0
chr16	38892000	38892999	16
chr16	38893000	38893999	0
chr16	38894000	38894999	7
chr16	38895000	38895999	0
chr16	38896000	38896999	0
chr16	38897000	38897999	6
chr16	38898000	38898999	7
chr16	38899000	38899999	3
chr16	38900000	38900999	12
chr16	38901000	38901999	13
chr16	38902000	38902999	94
chr16	38903000	38903999	31
chr16	38904000	38904999	12
chr16	38905000	38905999	7
chr16	38906000	38906999	4
chr16	38907000	38907999	10
chr16	38908000	38908999	16
chr16	38909000	38909999	14
chr16	38910000	38910999	13
chr16	38911000	38911999	11
chr16	38912000	38912999	19
chr16	38913000	38913999	0
chr16	38914000	38914999	0
chr16	38915000	38915999	5
chr16	38916000	38916999	13
chr16	38917000	38917999	20
chr16	38918000	38918999	39
chr16	38919000	38919999	17
chr16	38920000	38920999	37
chr16	38921000	38921999	12
chr16	38922000	38922999	4
chr16	38923000	38923999	0
chr16	38924000	38924999	0
chr16	38925000	38925999	4
chr16	38926000	38926999	15
chr16	38927000	38927999	4
chr16	38928000	38928999	4
chr16	38929000	38929999	5
chr16	38930000	38930999	0
chr16	38931000	38931999	10
chr16	38932000	38932999	23
chr16	38933000	38933999	6
chr16	38934000	38934999	8
chr16	38935000	38935999	0
chr16	38936000	38936999	0
chr16	38937000	38937999	3
chr16	38938000	38938999	1
chr16	38939000	38939999	0
chr16	38940000	38940999	12
chr16	38941000	38941999	5
chr16	38942000	38942999	11
chr16	38943000	38943999	13
chr16	38944000	38944999	16
chr16	38945000	38945999	0
chr16	38946000	38946999	21
chr16	38947000	38947999	19
chr16	38948000	38948999	14
chr16	38949000	38949999	6
chr16	38950000	38950999	7
chr16	38951000	38951999	12
chr16	38952000	38952999	1
chr16	38953000	38953999	5
chr16	38954000	38954999	0
chr16	38955000	38955999	11
chr16	38956000	38956999	4
chr16	38957000	38957999	0
chr16	38958000	38958999	19
chr16	38959000	38959999	5
chr16	38960000	38960999	14
chr16	38961000	38961999	0
chr16	38962000	38962999	6
chr16	38963000	38963999	11
chr16	38964000	38964999	5
chr16	38965000	38965999	30
chr16	38966000	38966999	4
chr16	38967000	38967999	32
chr16	38968000	38968999	0
chr16	38969000	38969999	0
chr16	38970000	38970999	22
chr16	38971000	38971999	8
chr16	38972000	38972999	23
chr16	38973000	38973999	0
chr16	38974000	38974999	16
chr16	38975000	38975999	7
chr16	38976000	38976999	4
chr16	38977000	38977999	0
chr16	38978000	38978999	6
chr16	38979000	38979999	0
chr16	38980000	38980999	1
chr16	38981000	38981999	0
chr16	38982000	38982999	0
chr16	38983000	38983999	1
chr16	38984000	38984999	4
chr16	38985000	38985999	18
chr16	38986000	38986999	0
chr16	38987000	38987999	0
chr16	38988000	38988999	1
chr16	38989000	38989999	0
chr16	38990000	38990999	9
chr16	38991000	38991999	5
chr16	38992000	38992999	9
chr16	38993000	38993999	4
chr16	38994000	38994999	11
chr16	38995000	38995999	9
chr16	38996000	38996999	1
chr16	38997000	38997999	2
chr16	38998000	38998999	0
chr16	38999000	38999999	3
chr16	39000000	39000999	17
chr16	39001000	39001999	18
chr16	39002000	39002999	14
chr16	39003000	39003999	1
chr16	39004000	39004999	0
chr16	39005000	39005999	15
chr16	39006000	39006999	0
chr16	39007000	39007999	12
chr16	39008000	39008999	30
chr16	39009000	39009999	16
chr16	39010000	39010999	1
chr16	39011000	39011999	5
chr16	39012000	39012999	4
chr16	39013000	39013999	11
chr16	39014000	39014999	12
chr16	39015000	39015999	13
chr16	39016000	39016999	16
chr16	39017000	39017999	3
chr16	39018000	39018999	4
chr16	39019000	39019999	0
chr16	39020000	39020999	0
chr16	39021000	39021999	30
chr16	39022000	39022999	0
chr16	39023000	39023999	21
chr16	39024000	39024999	0
chr16	39025000	39025999	0
chr16	39026000	39026999	0
chr16	39027000	39027999	0
chr16	39028000	39028999	37
chr16	39029000	39029999	0
chr16	39030000	39030999	17
chr16	39031000	39031999	0
chr16	39032000	39032999	4
chr16	39033000	39033999	0
chr16	39034000	39034999	0
chr16	39035000	39035999	4
chr16	39036000	39036999	6
chr16	39037000	39037999	17
chr16	39038000	39038999	16
chr16	39039000	39039999	16
chr16	39040000	39040999	4
chr16	39041000	39041999	0
chr16	39042000	39042999	18
chr16	39043000	39043999	0
chr16	39044000	39044999	13
chr16	39045000	39045999	11
chr16	39046000	39046999	6
chr16	39047000	39047999	11
chr16	39048000	39048999	4
chr16	39049000	39049999	1
chr16	39050000	39050999	16
chr16	39051000	39051999	8
chr16	39052000	39052999	14
chr16	39053000	39053999	12
chr16	39054000	39054999	20
chr16	39055000	39055999	12
chr16	39056000	39056999	5
chr16	39057000	39057999	2
chr16	39058000	39058999	17
chr16	39059000	39059999	1
chr16	39060000	39060999	1
chr16	39061000	39061999	1
chr16	39062000	39062999	13
chr16	39063000	39063999	0
chr16	39064000	39064999	11
chr16	39065000	39065999	21
chr16	39066000	39066999	12
chr16	39067000	39067999	9
chr16	39068000	39068999	12
chr16	39069000	39069999	0
chr16	39070000	39070999	0
chr16	39071000	39071999	29
chr16	39072000	39072999	19
chr16	39073000	39073999	13
chr16	39074000	39074999	34
chr16	39075000	39075999	0
chr16	39076000	39076999	4
chr16	39077000	39077999	34
chr16	39078000	39078999	3
chr16	39079000	39079999	3
chr16	39080000	39080999	18
chr16	39081000	39081999	9
chr16	39082000	39082999	3
chr16	39083000	39083999	12
chr16	39084000	39084999	12
chr16	39085000	39085999	0
chr16	39086000	39086999	0
chr16	39087000	39087999	0
chr16	39088000	39088999	0
chr16	39089000	39089999	0
chr16	39090000	39090999	0
chr16	39091000	39091999	3
chr16	39092000	39092999	10
chr16	39093000	39093999	1
chr16	39094000	39094999	5
chr16	39095000	39095999	11
chr16	39096000	39096999	0
chr16	39097000	39097999	11
chr16	39098000	39098999	15
chr16	39099000	39099999	21
chr16	39100000	39100999	0
chr16	39101000	39101999	11
chr16	39102000	39102999	30
chr16	39103000	39103999	9
chr16	39104000	39104999	15
chr16	39105000	39105999	0
chr16	39106000	39106999	7
chr16	39107000	39107999	0
chr16	39108000	39108999	7
chr16	39109000	39109999	13
chr16	39110000	39110999	19
chr16	39111000	39111999	21
chr16	39112000	39112999	22
chr16	39113000	39113999	23
chr16	39114000	39114999	0
chr16	39115000	39115999	14
chr16	39116000	39116999	25
chr16	39117000	39117999	0
chr16	39118000	39118999	5
chr16	39119000	39119999	19
chr16	39120000	39120999	4
chr16	39121000	39121999	1
chr16	39122000	39122999	10
chr16	39123000	39123999	1
chr16	39124000	39124999	6
chr16	39125000	39125999	1
chr16	39126000	39126999	12
chr16	39127000	39127999	7
chr16	39128000	39128999	13
chr16	39129000	39129999	5
chr16	39130000	39130999	8
chr16	39131000	39131999	12
chr16	39132000	39132999	1
chr16	39133000	39133999	7
chr16	39134000	39134999	8
chr16	39135000	39135999	12
chr16	39136000	39136999	0
chr16	39137000	39137999	6
chr16	39138000	39138999	4
chr16	39139000	39139999	0
chr16	39140000	39140999	6
chr16	39141000	39141999	23
chr16	39142000	39142999	7
chr16	39143000	39143999	15
chr16	39144000	39144999	1
chr16	39145000	39145999	7
chr16	39146000	39146999	18
chr16	39147000	39147999	0
chr16	39148000	39148999	16
chr16	39149000	39149999	13
chr16	39150000	39150999	8
chr16	39151000	39151999	0
chr16	39152000	39152999	4
chr16	39153000	39153999	18
chr16	39154000	39154999	25
chr16	39155000	39155999	5
chr16	39156000	39156999	31
chr16	39157000	39157999	12
chr16	39158000	39158999	23
chr16	39159000	39159999	0
chr16	39160000	39160999	22
chr16	39161000	39161999	4
chr16	39162000	39162999	1
chr16	39163000	39163999	19
chr16	39164000	39164999	12
chr16	39165000	39165999	3
chr16	39166000	39166999	0
chr16	39167000	39167999	12
chr16	39168000	39168999	8
chr16	39169000	39169999	6
chr16	39170000	39170999	14
chr16	39171000	39171999	0
chr16	39172000	39172999	0
chr16	39173000	39173999	0
chr16	39174000	39174999	9
chr16	39175000	39175999	17
chr16	39176000	39176999	9
chr16	39177000	39177999	0
chr16	39178000	39178999	23
chr16	39179000	39179999	0
chr16	39180000	39180999	17
chr16	39181000	39181999	4
chr16	39182000	39182999	5
chr16	39183000	39183999	0
chr16	39184000	39184999	4
chr16	39185000	39185999	15
chr16	39186000	39186999	2
chr16	39187000	39187999	2
chr16	39188000	39188999	1
chr16	39189000	39189999	0
chr16	39190000	39190999	7
chr16	39191000	39191999	7
chr16	39192000	39192999	1
chr16	39193000	39193999	0
chr16	39194000	39194999	3
chr16	39195000	39195999	3
chr16	39196000	39196999	19
chr16	39197000	39197999	3
chr16	39198000	39198999	0
chr16	39199000	39199999	23
chr16	39200000	39200999	2
chr16	39201000	39201999	5
chr16	39202000	39202999	13
chr16	39203000	39203999	0
chr16	39204000	39204999	0
chr16	39205000	39205999	5
chr16	39206000	39206999	39
chr16	39207000	39207999	0
chr16	39208000	39208999	14
chr16	39209000	39209999	15
chr16	39210000	39210999	16
chr16	39211000	39211999	6
chr16	39212000	39212999	6
chr16	39213000	39213999	24
chr16	39214000	39214999	0
chr16	39215000	39215999	16
chr16	39216000	39216999	20
chr16	39217000	39217999	6
chr16	39218000	39218999	16
chr16	39219000	39219999	0
chr16	39220000	39220999	4
chr16	39221000	39221999	25
chr16	39222000	39222999	18
chr16	39223000	39223999	19
chr16	39224000	39224999	2
chr16	39225000	39225999	17
chr16	39226000	39226999	5
chr16	39227000	39227999	0
chr16	39228000	39228999	4
chr16	39229000	39229999	9
chr16	39230000	39230999	3
chr16	39231000	39231999	0
chr16	39232000	39232999	3
chr16	39233000	39233999	0
chr16	39234000	39234999	0
chr16	39235000	39235999	14
chr16	39236000	39236999	8
chr16	39237000	39237999	7
chr16	39238000	39238999	10
chr16	39239000	39239999	7
chr16	39240000	39240999	4
chr16	39241000	39241999	8
chr16	39242000	39242999	20
chr16	39243000	39243999	8
chr16	39244000	39244999	1
chr16	39245000	39245999	18
chr16	39246000	39246999	13
chr16	39247000	39247999	8
chr16	39248000	39248999	7
chr16	39249000	39249999	0
chr16	39250000	39250999	9
chr16	39251000	39251999	14
chr16	39252000	39252999	16
chr16	39253000	39253999	7
chr16	39254000	39254999	0
chr16	39255000	39255999	0
chr16	39256000	39256999	6
chr16	39257000	39257999	32
chr16	39258000	39258999	5
chr16	39259000	39259999	5
chr16	39260000	39260999	3
chr16	39261000	39261999	0
chr16	39262000	39262999	7
chr16	39263000	39263999	16
chr16	39264000	39264999	0
chr16	39265000	39265999	29
chr16	39266000	39266999	3
chr16	39267000	39267999	0
chr16	39268000	39268999	3
chr16	39269000	39269999	9
chr16	39270000	39270999	0
chr16	39271000	39271999	3
chr16	39272000	39272999	12
chr16	39273000	39273999	3
chr16	39274000	39274999	4
chr16	39275000	39275999	0
chr16	39276000	39276999	13
chr16	39277000	39277999	6
chr16	39278000	39278999	14
chr16	39279000	39279999	7
chr16	39280000	39280999	2
chr16	39281000	39281999	0
chr16	39282000	39282999	6
chr16	39283000	39283999	6
chr16	39284000	39284999	4
chr16	39285000	39285999	2
chr16	39286000	39286999	11
chr16	39287000	39287999	0
chr16	39288000	39288999	2
chr16	39289000	39289999	0
chr16	39290000	39290999	0
chr16	39291000	39291999	0
chr16	39292000	39292999	0
chr16	39293000	39293999	0
chr16	39294000	39294999	18
chr16	39295000	39295999	5
chr16	39296000	39296999	3
chr16	39297000	39297999	8
chr16	39298000	39298999	4
chr16	39299000	39299999	4
chr16	39300000	39300999	6
chr16	39301000	39301999	1
chr16	39302000	39302999	24
chr16	39303000	39303999	27
chr16	39304000	39304999	0
chr16	39305000	39305999	7
chr16	39306000	39306999	4
chr16	39307000	39307999	21
chr16	39308000	39308999	8
chr16	39309000	39309999	0
chr16	39310000	39310999	8
chr16	39311000	39311999	14
chr16	39312000	39312999	0
chr16	39313000	39313999	4
chr16	39314000	39314999	0
chr16	39315000	39315999	0
chr16	39316000	39316999	7
chr16	39317000	39317999	6
chr16	39318000	39318999	8
chr16	39319000	39319999	14
chr16	39320000	39320999	2
chr16	39321000	39321999	6
chr16	39322000	39322999	3
chr16	39323000	39323999	8
chr16	39324000	39324999	0
chr16	39325000	39325999	6
chr16	39326000	39326999	12
chr16	39327000	39327999	7
chr16	39328000	39328999	0
chr16	39329000	39329999	6
chr16	39330000	39330999	33
chr16	39331000	39331999	11
chr16	39332000	39332999	12
chr16	39333000	39333999	0
chr16	39334000	39334999	22
chr16	39335000	39335999	0
chr16	39336000	39336999	9
chr16	39337000	39337999	13
chr16	39338000	39338999	31
chr16	39339000	39339999	10
chr16	39340000	39340999	0
chr16	39341000	39341999	0
chr16	39342000	39342999	0
chr16	39343000	39343999	4
chr16	39344000	39344999	2
chr16	39345000	39345999	19
chr16	39346000	39346999	0
chr16	39347000	39347999	3
chr16	39348000	39348999	6
chr16	39349000	39349999	26
chr16	39350000	39350999	5
chr16	39351000	39351999	9
chr16	39352000	39352999	3
chr16	39353000	39353999	18
chr16	39354000	39354999	0
chr16	39355000	39355999	8
chr16	39356000	39356999	33
chr16	39357000	39357999	10
chr16	39358000	39358999	7
chr16	39359000	39359999	10
chr16	39360000	39360999	18
chr16	39361000	39361999	27
chr16	39362000	39362999	8
chr16	39363000	39363999	7
chr16	39364000	39364999	0
chr16	39365000	39365999	0
chr16	39366000	39366999	0
chr16	39367000	39367999	0
chr16	39368000	39368999	14
chr16	39369000	39369999	0
chr16	39370000	39370999	25
chr16	39371000	39371999	3
chr16	39372000	39372999	3
chr16	39373000	39373999	0
chr16	39374000	39374999	5
chr16	39375000	39375999	20
chr16	39376000	39376999	1
chr16	39377000	39377999	13
chr16	39378000	39378999	8
chr16	39379000	39379999	23
chr16	39380000	39380999	10
chr16	39381000	39381999	5
chr16	39382000	39382999	17
chr16	39383000	39383999	14
chr16	39384000	39384999	3
chr16	39385000	39385999	0
chr16	39386000	39386999	1
chr16	39387000	39387999	4
chr16	39388000	39388999	8
chr16	39389000	39389999	9
chr16	39390000	39390999	17
chr16	39391000	39391999	0
chr16	39392000	39392999	0
chr16	39393000	39393999	0
chr16	39394000	39394999	0
chr16	39395000	39395999	15
chr16	39396000	39396999	3
chr16	39397000	39397999	30
chr16	39398000	39398999	0
chr16	39399000	39399999	3
chr16	39400000	39400999	3
chr16	39401000	39401999	18
chr16	39402000	39402999	9
chr16	39403000	39403999	25
chr16	39404000	39404999	8
chr16	39405000	39405999	24
chr16	39406000	39406999	0
chr16	39407000	39407999	4
chr16	39408000	39408999	13
chr16	39409000	39409999	0
chr16	39410000	39410999	5
chr16	39411000	39411999	0
chr16	39412000	39412999	13
chr16	39413000	39413999	6
chr16	39414000	39414999	0
chr16	39415000	39415999	10
chr16	39416000	39416999	9
chr16	39417000	39417999	0
chr16	39418000	39418999	6
chr16	39419000	39419999	33
chr16	39420000	39420999	0
chr16	39421000	39421999	1
chr16	39422000	39422999	7
chr16	39423000	39423999	9
chr16	39424000	39424999	11
chr16	39425000	39425999	13
chr16	39426000	39426999	2
chr16	39427000	39427999	25
chr16	39428000	39428999	6
chr16	39429000	39429999	2
chr16	39430000	39430999	21
chr16	39431000	39431999	23
chr16	39432000	39432999	3
chr16	39433000	39433999	0
chr16	39434000	39434999	0
chr16	39435000	39435999	0
chr16	39436000	39436999	0
chr16	39437000	39437999	0
chr16	39438000	39438999	0
chr16	39439000	39439999	0
chr16	39440000	39440999	0
chr16	39441000	39441999	0
chr16	39442000	39442999	18
chr16	39443000	39443999	25
chr16	39444000	39444999	18
chr16	39445000	39445999	37
chr16	39446000	39446999	1
chr16	39447000	39447999	0
chr16	39448000	39448999	4
chr16	39449000	39449999	16
chr16	39450000	39450999	16
chr16	39451000	39451999	9
chr16	39452000	39452999	0
chr16	39453000	39453999	13
chr16	39454000	39454999	15
chr16	39455000	39455999	28
chr16	39456000	39456999	10
chr16	39457000	39457999	12
chr16	39458000	39458999	0
chr16	39459000	39459999	0
chr16	39460000	39460999	0
chr16	39461000	39461999	6
chr16	39462000	39462999	0
chr16	39463000	39463999	6
chr16	39464000	39464999	5
chr16	39465000	39465999	0
chr16	39466000	39466999	5
chr16	39467000	39467999	1
chr16	39468000	39468999	0
chr16	39469000	39469999	0
chr16	39470000	39470999	2
chr16	39471000	39471999	4
chr16	39472000	39472999	4
chr16	39473000	39473999	8
chr16	39474000	39474999	20
chr16	39475000	39475999	20
chr16	39476000	39476999	0
chr16	39477000	39477999	0
chr16	39478000	39478999	7
chr16	39479000	39479999	7
chr16	39480000	39480999	24
chr16	39481000	39481999	0
chr16	39482000	39482999	18
chr16	39483000	39483999	22
chr16	39484000	39484999	25
chr16	39485000	39485999	3
chr16	39486000	39486999	8
chr16	39487000	39487999	0
chr16	39488000	39488999	29
chr16	39489000	39489999	4
chr16	39490000	39490999	10
chr16	39491000	39491999	0
chr16	39492000	39492999	6
chr16	39493000	39493999	0
chr16	39494000	39494999	0
chr16	39495000	39495999	0
chr16	39496000	39496999	0
chr16	39497000	39497999	0
chr16	39498000	39498999	0
chr16	39499000	39499999	0
chr16	39500000	39500999	10
chr16	39501000	39501999	14
chr16	39502000	39502999	12
chr16	39503000	39503999	4
chr16	39504000	39504999	0
chr16	39505000	39505999	20
chr16	39506000	39506999	5
chr16	39507000	39507999	46
chr16	39508000	39508999	27
chr16	39509000	39509999	24
chr16	39510000	39510999	4
chr16	39511000	39511999	25
chr16	39512000	39512999	32
chr16	39513000	39513999	0
chr16	39514000	39514999	23
chr16	39515000	39515999	0
chr16	39516000	39516999	11
chr16	39517000	39517999	1
chr16	39518000	39518999	0
chr16	39519000	39519999	4
chr16	39520000	39520999	9
chr16	39521000	39521999	10
chr16	39522000	39522999	3
chr16	39523000	39523999	3
chr16	39524000	39524999	0
chr16	39525000	39525999	0
chr16	39526000	39526999	4
chr16	39527000	39527999	0
chr16	39528000	39528999	3
chr16	39529000	39529999	12
chr16	39530000	39530999	0
chr16	39531000	39531999	2
chr16	39532000	39532999	15
chr16	39533000	39533999	20
chr16	39534000	39534999	0
chr16	39535000	39535999	0
chr16	39536000	39536999	0
chr16	39537000	39537999	0
chr16	39538000	39538999	4
chr16	39539000	39539999	0
chr16	39540000	39540999	0
chr16	39541000	39541999	0
chr16	39542000	39542999	0
chr16	39543000	39543999	11
chr16	39544000	39544999	0
chr16	39545000	39545999	1
chr16	39546000	39546999	1
chr16	39547000	39547999	0
chr16	39548000	39548999	2
chr16	39549000	39549999	2
chr16	39550000	39550999	1
chr16	39551000	39551999	0
chr16	39552000	39552999	1
chr16	39553000	39553999	0
chr16	39554000	39554999	15
chr16	39555000	39555999	0
chr16	39556000	39556999	0
chr16	39557000	39557999	3
chr16	39558000	39558999	0
chr16	39559000	39559999	21
chr16	39560000	39560999	16
chr16	39561000	39561999	0
chr16	39562000	39562999	2
chr16	39563000	39563999	0
chr16	39564000	39564999	0
chr16	39565000	39565999	0
chr16	39566000	39566999	0
chr16	39567000	39567999	0
chr16	39568000	39568999	12
chr16	39569000	39569999	8
chr16	39570000	39570999	1
chr16	39571000	39571999	1
chr16	39572000	39572999	0
chr16	39573000	39573999	0
chr16	39574000	39574999	4
chr16	39575000	39575999	13
chr16	39576000	39576999	7
chr16	39577000	39577999	9
chr16	39578000	39578999	10
chr16	39579000	39579999	4
chr16	39580000	39580999	13
chr16	39581000	39581999	0
chr16	39582000	39582999	0
chr16	39583000	39583999	0
chr16	39584000	39584999	25
chr16	39585000	39585999	16
chr16	39586000	39586999	3
chr16	39587000	39587999	2
chr16	39588000	39588999	10
chr16	39589000	39589999	0
chr16	39590000	39590999	4
chr16	39591000	39591999	0
chr16	39592000	39592999	15
chr16	39593000	39593999	8
chr16	39594000	39594999	0
chr16	39595000	39595999	4
chr16	39596000	39596999	0
chr16	39597000	39597999	19
chr16	39598000	39598999	28
chr16	39599000	39599999	0
chr16	39600000	39600999	17
chr16	39601000	39601999	9
chr16	39602000	39602999	12
chr16	39603000	39603999	4
chr16	39604000	39604999	4
chr16	39605000	39605999	4
chr16	39606000	39606999	0
chr16	39607000	39607999	0
chr16	39608000	39608999	18
chr16	39609000	39609999	12
chr16	39610000	39610999	4
chr16	39611000	39611999	6
chr16	39612000	39612999	1
chr16	39613000	39613999	4
chr16	39614000	39614999	2
chr16	39615000	39615999	2
chr16	39616000	39616999	28
chr16	39617000	39617999	15
chr16	39618000	39618999	0
chr16	39619000	39619999	0
chr16	39620000	39620999	2
chr16	39621000	39621999	0
chr16	39622000	39622999	23
chr16	39623000	39623999	0
chr16	39624000	39624999	14
chr16	39625000	39625999	6
chr16	39626000	39626999	6
chr16	39627000	39627999	0
chr16	39628000	39628999	4
chr16	39629000	39629999	4
chr16	39630000	39630999	6
chr16	39631000	39631999	4
chr16	39632000	39632999	13
chr16	39633000	39633999	4
chr16	39634000	39634999	1
chr16	39635000	39635999	4
chr16	39636000	39636999	13
chr16	39637000	39637999	7
chr16	39638000	39638999	13
chr16	39639000	39639999	9
chr16	39640000	39640999	15
chr16	39641000	39641999	2
chr16	39642000	39642999	6
chr16	39643000	39643999	5
chr16	39644000	39644999	3
chr16	39645000	39645999	12
chr16	39646000	39646999	9
chr16	39647000	39647999	7
chr16	39648000	39648999	15
chr16	39649000	39649999	1
chr16	39650000	39650999	12
chr16	39651000	39651999	7
chr16	39652000	39652999	2
chr16	39653000	39653999	19
chr16	39654000	39654999	5
chr16	39655000	39655999	0
chr16	39656000	39656999	20
chr16	39657000	39657999	10
chr16	39658000	39658999	22
chr16	39659000	39659999	2
chr16	39660000	39660999	12
chr16	39661000	39661999	2
chr16	39662000	39662999	0
chr16	39663000	39663999	10
chr16	39664000	39664999	0
chr16	39665000	39665999	21
chr16	39666000	39666999	18
chr16	39667000	39667999	10
chr16	39668000	39668999	21
chr16	39669000	39669999	5
chr16	39670000	39670999	0
chr16	39671000	39671999	15
chr16	39672000	39672999	17
chr16	39673000	39673999	0
chr16	39674000	39674999	3
chr16	39675000	39675999	3
chr16	39676000	39676999	0
chr16	39677000	39677999	5
chr16	39678000	39678999	11
chr16	39679000	39679999	2
chr16	39680000	39680999	22
chr16	39681000	39681999	1
chr16	39682000	39682999	0
chr16	39683000	39683999	17
chr16	39684000	39684999	11
chr16	39685000	39685999	23
chr16	39686000	39686999	7
chr16	39687000	39687999	20
chr16	39688000	39688999	4
chr16	39689000	39689999	23
chr16	39690000	39690999	8
chr16	39691000	39691999	9
chr16	39692000	39692999	0
chr16	39693000	39693999	19
chr16	39694000	39694999	0
chr16	39695000	39695999	2
chr16	39696000	39696999	22
chr16	39697000	39697999	24
chr16	39698000	39698999	6
chr16	39699000	39699999	0
chr16	39700000	39700999	23
chr16	39701000	39701999	2
chr16	39702000	39702999	6
chr16	39703000	39703999	37
chr16	39704000	39704999	0
chr16	39705000	39705999	10
chr16	39706000	39706999	14
chr16	39707000	39707999	9
chr16	39708000	39708999	30
chr16	39709000	39709999	5
chr16	39710000	39710999	6
chr16	39711000	39711999	32
chr16	39712000	39712999	4
chr16	39713000	39713999	27
chr16	39714000	39714999	9
chr16	39715000	39715999	18
chr16	39716000	39716999	17
chr16	39717000	39717999	11
chr16	39718000	39718999	8
chr16	39719000	39719999	10
chr16	39720000	39720999	14
chr16	39721000	39721999	9
chr16	39722000	39722999	0
chr16	39723000	39723999	0
chr16	39724000	39724999	12
chr16	39725000	39725999	12
chr16	39726000	39726999	18
chr16	39727000	39727999	13
chr16	39728000	39728999	6
chr16	39729000	39729999	2
chr16	39730000	39730999	17
chr16	39731000	39731999	0
chr16	39732000	39732999	0
chr16	39733000	39733999	5
chr16	39734000	39734999	0
chr16	39735000	39735999	0
chr16	39736000	39736999	2
chr16	39737000	39737999	9
chr16	39738000	39738999	3
chr16	39739000	39739999	3
chr16	39740000	39740999	17
chr16	39741000	39741999	3
chr16	39742000	39742999	9
chr16	39743000	39743999	0
chr16	39744000	39744999	3
chr16	39745000	39745999	14
chr16	39746000	39746999	0
chr16	39747000	39747999	13
chr16	39748000	39748999	4
chr16	39749000	39749999	3
chr16	39750000	39750999	15
chr16	39751000	39751999	0
chr16	39752000	39752999	12
chr16	39753000	39753999	22
chr16	39754000	39754999	0
chr16	39755000	39755999	13
chr16	39756000	39756999	7
chr16	39757000	39757999	0
chr16	39758000	39758999	0
chr16	39759000	39759999	12
chr16	39760000	39760999	6
chr16	39761000	39761999	26
chr16	39762000	39762999	1
chr16	39763000	39763999	0
chr16	39764000	39764999	0
chr16	39765000	39765999	16
chr16	39766000	39766999	0
chr16	39767000	39767999	8
chr16	39768000	39768999	0
chr16	39769000	39769999	0
chr16	39770000	39770999	0
chr16	39771000	39771999	13
chr16	39772000	39772999	25
chr16	39773000	39773999	0
chr16	39774000	39774999	24
chr16	39775000	39775999	24
chr16	39776000	39776999	21
chr16	39777000	39777999	4
chr16	39778000	39778999	1
chr16	39779000	39779999	0
chr16	39780000	39780999	0
chr16	39781000	39781999	0
chr16	39782000	39782999	0
chr16	39783000	39783999	17
chr16	39784000	39784999	0
chr16	39785000	39785999	5
chr16	39786000	39786999	0
chr16	39787000	39787999	0
chr16	39788000	39788999	11
chr16	39789000	39789999	0
chr16	39790000	39790999	4
chr16	39791000	39791999	3
chr16	39792000	39792999	0
chr16	39793000	39793999	0
chr16	39794000	39794999	23
chr16	39795000	39795999	0
chr16	39796000	39796999	36
chr16	39797000	39797999	10
chr16	39798000	39798999	2
chr16	39799000	39799999	9
chr16	39800000	39800999	4
chr16	39801000	39801999	0
chr16	39802000	39802999	11
chr16	39803000	39803999	8
chr16	39804000	39804999	9
chr16	39805000	39805999	13
chr16	39806000	39806999	13
chr16	39807000	39807999	0
chr16	39808000	39808999	13
chr16	39809000	39809999	1
chr16	39810000	39810999	9
chr16	39811000	39811999	23
chr16	39812000	39812999	18
chr16	39813000	39813999	0
chr16	39814000	39814999	0
chr16	39815000	39815999	0
chr16	39816000	39816999	0
chr16	39817000	39817999	0
chr16	39818000	39818999	0
chr16	39819000	39819999	7
chr16	39820000	39820999	0
chr16	39821000	39821999	0
chr16	39822000	39822999	1
chr16	39823000	39823999	12
chr16	39824000	39824999	20
chr16	39825000	39825999	5
chr16	39826000	39826999	0
chr16	39827000	39827999	0
chr16	39828000	39828999	0
chr16	39829000	39829999	7
chr16	39830000	39830999	12
chr16	39831000	39831999	21
chr16	39832000	39832999	8
chr16	39833000	39833999	21
chr16	39834000	39834999	16
chr16	39835000	39835999	0
chr16	39836000	39836999	2
chr16	39837000	39837999	5
chr16	39838000	39838999	0
chr16	39839000	39839999	2
chr16	39840000	39840999	12
chr16	39841000	39841999	10
chr16	39842000	39842999	14
chr16	39843000	39843999	3
chr16	39844000	39844999	1
chr16	39845000	39845999	0
chr16	39846000	39846999	0
chr16	39847000	39847999	12
chr16	39848000	39848999	12
chr16	39849000	39849999	1
chr16	39850000	39850999	0
chr16	39851000	39851999	7
chr16	39852000	39852999	2
chr16	39853000	39853999	23
chr16	39854000	39854999	0
chr16	39855000	39855999	13
chr16	39856000	39856999	10
chr16	39857000	39857999	17
chr16	39858000	39858999	2
chr16	39859000	39859999	16
chr16	39860000	39860999	1
chr16	39861000	39861999	1
chr16	39862000	39862999	0
chr16	39863000	39863999	23
chr16	39864000	39864999	13
chr16	39865000	39865999	11
chr16	39866000	39866999	18
chr16	39867000	39867999	24
chr16	39868000	39868999	8
chr16	39869000	39869999	18
chr16	39870000	39870999	26
chr16	39871000	39871999	12
chr16	39872000	39872999	3
chr16	39873000	39873999	22
chr16	39874000	39874999	7
chr16	39875000	39875999	2
chr16	39876000	39876999	21
chr16	39877000	39877999	9
chr16	39878000	39878999	0
chr16	39879000	39879999	2
chr16	39880000	39880999	0
chr16	39881000	39881999	6
chr16	39882000	39882999	3
chr16	39883000	39883999	1
chr16	39884000	39884999	14
chr16	39885000	39885999	11
chr16	39886000	39886999	13
chr16	39887000	39887999	26
chr16	39888000	39888999	44
chr16	39889000	39889999	3
chr16	39890000	39890999	0
chr16	39891000	39891999	0
chr16	39892000	39892999	0
chr16	39893000	39893999	0
chr16	39894000	39894999	0
chr16	39895000	39895999	0
chr16	39896000	39896999	14
chr16	39897000	39897999	19
chr16	39898000	39898999	7
chr16	39899000	39899999	20
chr16	39900000	39900999	9
chr16	39901000	39901999	13
chr16	39902000	39902999	0
chr16	39903000	39903999	5
chr16	39904000	39904999	9
chr16	39905000	39905999	28
chr16	39906000	39906999	7
chr16	39907000	39907999	0
chr16	39908000	39908999	19
chr16	39909000	39909999	9
chr16	39910000	39910999	13
chr16	39911000	39911999	0
chr16	39912000	39912999	18
chr16	39913000	39913999	0
chr16	39914000	39914999	2
chr16	39915000	39915999	17
chr16	39916000	39916999	3
chr16	39917000	39917999	4
chr16	39918000	39918999	0
chr16	39919000	39919999	1
chr16	39920000	39920999	2
chr16	39921000	39921999	16
chr16	39922000	39922999	0
chr16	39923000	39923999	0
chr16	39924000	39924999	15
chr16	39925000	39925999	4
chr16	39926000	39926999	9
chr16	39927000	39927999	6
chr16	39928000	39928999	12
chr16	39929000	39929999	9
chr16	39930000	39930999	15
chr16	39931000	39931999	1
chr16	39932000	39932999	2
chr16	39933000	39933999	24
chr16	39934000	39934999	0
chr16	39935000	39935999	11
chr16	39936000	39936999	0
chr16	39937000	39937999	14
chr16	39938000	39938999	5
chr16	39939000	39939999	1
chr16	39940000	39940999	2
chr16	39941000	39941999	2
chr16	39942000	39942999	2
chr16	39943000	39943999	0
chr16	39944000	39944999	0
chr16	39945000	39945999	13
chr16	39946000	39946999	7
chr16	39947000	39947999	2
chr16	39948000	39948999	4
chr16	39949000	39949999	6
chr16	39950000	39950999	1
chr16	39951000	39951999	6
chr16	39952000	39952999	20
chr16	39953000	39953999	25
chr16	39954000	39954999	1
chr16	39955000	39955999	0
chr16	39956000	39956999	1
chr16	39957000	39957999	0
chr16	39958000	39958999	17
chr16	39959000	39959999	1
chr16	39960000	39960999	6
chr16	39961000	39961999	8
chr16	39962000	39962999	6
chr16	39963000	39963999	21
chr16	39964000	39964999	0
chr16	39965000	39965999	15
chr16	39966000	39966999	0
chr16	39967000	39967999	23
chr16	39968000	39968999	0
chr16	39969000	39969999	16
chr16	39970000	39970999	17
chr16	39971000	39971999	4
chr16	39972000	39972999	18
chr16	39973000	39973999	7
chr16	39974000	39974999	18
chr16	39975000	39975999	7
chr16	39976000	39976999	13
chr16	39977000	39977999	17
chr16	39978000	39978999	0
chr16	39979000	39979999	5
chr16	39980000	39980999	8
chr16	39981000	39981999	20
chr16	39982000	39982999	5
chr16	39983000	39983999	8
chr16	39984000	39984999	8
chr16	39985000	39985999	5
chr16	39986000	39986999	0
chr16	39987000	39987999	23
chr16	39988000	39988999	30
chr16	39989000	39989999	12
chr16	39990000	39990999	11
chr16	39991000	39991999	9
chr16	39992000	39992999	11
chr16	39993000	39993999	0
chr16	39994000	39994999	0
chr16	39995000	39995999	5
chr16	39996000	39996999	11
chr16	39997000	39997999	0
chr16	39998000	39998999	7
chr16	39999000	39999999	2
chr16	40000000	40000999	5
chr16	40001000	40001999	7
chr16	40002000	40002999	0
chr16	40003000	40003999	8
chr16	40004000	40004999	0
chr16	40005000	40005999	16
chr16	40006000	40006999	16
chr16	40007000	40007999	3
chr16	40008000	40008999	16
chr16	40009000	40009999	10
chr16	40010000	40010999	13
chr16	40011000	40011999	9
chr16	40012000	40012999	5
chr16	40013000	40013999	4
chr16	40014000	40014999	3
chr16	40015000	40015999	0
chr16	40016000	40016999	2
chr16	40017000	40017999	15
chr16	40018000	40018999	2
chr16	40019000	40019999	7
chr16	40020000	40020999	0
chr16	40021000	40021999	0
chr16	40022000	40022999	11
chr16	40023000	40023999	29
chr16	40024000	40024999	5
chr16	40025000	40025999	0
chr16	40026000	40026999	0
chr16	40027000	40027999	6
chr16	40028000	40028999	1
chr16	40029000	40029999	0
chr16	40030000	40030999	8
chr16	40031000	40031999	10
chr16	40032000	40032999	21
chr16	40033000	40033999	4
chr16	40034000	40034999	0
chr16	40035000	40035999	0
chr16	40036000	40036999	25
chr16	40037000	40037999	3
chr16	40038000	40038999	12
chr16	40039000	40039999	19
chr16	40040000	40040999	4
chr16	40041000	40041999	20
chr16	40042000	40042999	13
chr16	40043000	40043999	0
chr16	40044000	40044999	6
chr16	40045000	40045999	9
chr16	40046000	40046999	0
chr16	40047000	40047999	8
chr16	40048000	40048999	5
chr16	40049000	40049999	10
chr16	40050000	40050999	0
chr16	40051000	40051999	7
chr16	40052000	40052999	0
chr16	40053000	40053999	8
chr16	40054000	40054999	5
chr16	40055000	40055999	18
chr16	40056000	40056999	1
chr16	40057000	40057999	19
chr16	40058000	40058999	12
chr16	40059000	40059999	12
chr16	40060000	40060999	3
chr16	40061000	40061999	6
chr16	40062000	40062999	13
chr16	40063000	40063999	0
chr16	40064000	40064999	12
chr16	40065000	40065999	25
chr16	40066000	40066999	19
chr16	40067000	40067999	18
chr16	40068000	40068999	8
chr16	40069000	40069999	10
chr16	40070000	40070999	3
chr16	40071000	40071999	6
chr16	40072000	40072999	1
chr16	40073000	40073999	15
chr16	40074000	40074999	0
chr16	40075000	40075999	8
chr16	40076000	40076999	9
chr16	40077000	40077999	25
chr16	40078000	40078999	9
chr16	40079000	40079999	14
chr16	40080000	40080999	4
chr16	40081000	40081999	2
chr16	40082000	40082999	22
chr16	40083000	40083999	23
chr16	40084000	40084999	0
chr16	40085000	40085999	8
chr16	40086000	40086999	14
chr16	40087000	40087999	28
chr16	40088000	40088999	12
chr16	40089000	40089999	6
chr16	40090000	40090999	0
chr16	40091000	40091999	9
chr16	40092000	40092999	1
chr16	40093000	40093999	4
chr16	40094000	40094999	39
chr16	40095000	40095999	9
chr16	40096000	40096999	21
chr16	40097000	40097999	12
chr16	40098000	40098999	14
chr16	40099000	40099999	0
chr16	40100000	40100999	22
chr16	40101000	40101999	0
chr16	40102000	40102999	0
chr16	40103000	40103999	8
chr16	40104000	40104999	0
chr16	40105000	40105999	4
chr16	40106000	40106999	15
chr16	40107000	40107999	11
chr16	40108000	40108999	10
chr16	40109000	40109999	12
chr16	40110000	40110999	11
chr16	40111000	40111999	6
chr16	40112000	40112999	19
chr16	40113000	40113999	12
chr16	40114000	40114999	0
chr16	40115000	40115999	8
chr16	40116000	40116999	3
chr16	40117000	40117999	19
chr16	40118000	40118999	3
chr16	40119000	40119999	15
chr16	40120000	40120999	0
chr16	40121000	40121999	19
chr16	40122000	40122999	4
chr16	40123000	40123999	0
chr16	40124000	40124999	0
chr16	40125000	40125999	7
chr16	40126000	40126999	12
chr16	40127000	40127999	7
chr16	40128000	40128999	2
chr16	40129000	40129999	4
chr16	40130000	40130999	7
chr16	40131000	40131999	0
chr16	40132000	40132999	5
chr16	40133000	40133999	12
chr16	40134000	40134999	9
chr16	40135000	40135999	1
chr16	40136000	40136999	13
chr16	40137000	40137999	5
chr16	40138000	40138999	0
chr16	40139000	40139999	26
chr16	40140000	40140999	24
chr16	40141000	40141999	0
chr16	40142000	40142999	7
chr16	40143000	40143999	0
chr16	40144000	40144999	10
chr16	40145000	40145999	9
chr16	40146000	40146999	22
chr16	40147000	40147999	11
chr16	40148000	40148999	19
chr16	40149000	40149999	11
chr16	40150000	40150999	0
chr16	40151000	40151999	0
chr16	40152000	40152999	13
chr16	40153000	40153999	16
chr16	40154000	40154999	3
chr16	40155000	40155999	18
chr16	40156000	40156999	17
chr16	40157000	40157999	6
chr16	40158000	40158999	0
chr16	40159000	40159999	3
chr16	40160000	40160999	28
chr16	40161000	40161999	12
chr16	40162000	40162999	12
chr16	40163000	40163999	22
chr16	40164000	40164999	34
chr16	40165000	40165999	16
chr16	40166000	40166999	2
chr16	40167000	40167999	2
chr16	40168000	40168999	0
chr16	40169000	40169999	8
chr16	40170000	40170999	37
chr16	40171000	40171999	29
chr16	40172000	40172999	12
chr16	40173000	40173999	10
chr16	40174000	40174999	0
chr16	40175000	40175999	1
chr16	40176000	40176999	15
chr16	40177000	40177999	24
chr16	40178000	40178999	6
chr16	40179000	40179999	0
chr16	40180000	40180999	7
chr16	40181000	40181999	3
chr16	40182000	40182999	4
chr16	40183000	40183999	8
chr16	40184000	40184999	6
chr16	40185000	40185999	18
chr16	40186000	40186999	14
chr16	40187000	40187999	0
chr16	40188000	40188999	16
chr16	40189000	40189999	24
chr16	40190000	40190999	6
chr16	40191000	40191999	2
chr16	40192000	40192999	12
chr16	40193000	40193999	2
chr16	40194000	40194999	12
chr16	40195000	40195999	15
chr16	40196000	40196999	21
chr16	40197000	40197999	0
chr16	40198000	40198999	4
chr16	40199000	40199999	19
chr16	40200000	40200999	2
chr16	40201000	40201999	2
chr16	40202000	40202999	0
chr16	40203000	40203999	2
chr16	40204000	40204999	0
chr16	40205000	40205999	7
chr16	40206000	40206999	15
chr16	40207000	40207999	11
chr16	40208000	40208999	25
chr16	40209000	40209999	0
chr16	40210000	40210999	0
chr16	40211000	40211999	5
chr16	40212000	40212999	0
chr16	40213000	40213999	2
chr16	40214000	40214999	10
chr16	40215000	40215999	1
chr16	40216000	40216999	10
chr16	40217000	40217999	8
chr16	40218000	40218999	2
chr16	40219000	40219999	5
chr16	40220000	40220999	12
chr16	40221000	40221999	10
chr16	40222000	40222999	14
chr16	40223000	40223999	16
chr16	40224000	40224999	0
chr16	40225000	40225999	0
chr16	40226000	40226999	10
chr16	40227000	40227999	22
chr16	40228000	40228999	2
chr16	40229000	40229999	24
chr16	40230000	40230999	13
chr16	40231000	40231999	0
chr16	40232000	40232999	8
chr16	40233000	40233999	0
chr16	40234000	40234999	4
chr16	40235000	40235999	35
chr16	40236000	40236999	0
chr16	40237000	40237999	11
chr16	40238000	40238999	11
chr16	40239000	40239999	3
chr16	40240000	40240999	8
chr16	40241000	40241999	2
chr16	40242000	40242999	7
chr16	40243000	40243999	1
chr16	40244000	40244999	4
chr16	40245000	40245999	0
chr16	40246000	40246999	9
chr16	40247000	40247999	18
chr16	40248000	40248999	0
chr16	40249000	40249999	6
chr16	40250000	40250999	15
chr16	40251000	40251999	9
chr16	40252000	40252999	44
chr16	40253000	40253999	17
chr16	40254000	40254999	6
chr16	40255000	40255999	0
chr16	40256000	40256999	0
chr16	40257000	40257999	47
chr16	40258000	40258999	0
chr16	40259000	40259999	0
chr16	40260000	40260999	0
chr16	40261000	40261999	0
chr16	40262000	40262999	3
chr16	40263000	40263999	0
chr16	40264000	40264999	6
chr16	40265000	40265999	12
chr16	40266000	40266999	0
chr16	40267000	40267999	0
chr16	40268000	40268999	10
chr16	40269000	40269999	3
chr16	40270000	40270999	1
chr16	40271000	40271999	9
chr16	40272000	40272999	4
chr16	40273000	40273999	2
chr16	40274000	40274999	9
chr16	40275000	40275999	20
chr16	40276000	40276999	13
chr16	40277000	40277999	0
chr16	40278000	40278999	0
chr16	40279000	40279999	19
chr16	40280000	40280999	10
chr16	40281000	40281999	8
chr16	40282000	40282999	13
chr16	40283000	40283999	10
chr16	40284000	40284999	0
chr16	40285000	40285999	4
chr16	40286000	40286999	0
chr16	40287000	40287999	0
chr16	40288000	40288999	18
chr16	40289000	40289999	8
chr16	40290000	40290999	0
chr16	40291000	40291999	5
chr16	40292000	40292999	3
chr16	40293000	40293999	4
chr16	40294000	40294999	8
chr16	40295000	40295999	24
chr16	40296000	40296999	1
chr16	40297000	40297999	0
chr16	40298000	40298999	12
chr16	40299000	40299999	16
chr16	40300000	40300999	12
chr16	40301000	40301999	5
chr16	40302000	40302999	0
chr16	40303000	40303999	5
chr16	40304000	40304999	27
chr16	40305000	40305999	23
chr16	40306000	40306999	4
chr16	40307000	40307999	10
chr16	40308000	40308999	15
chr16	40309000	40309999	9
chr16	40310000	40310999	11
chr16	40311000	40311999	18
chr16	40312000	40312999	8
chr16	40313000	40313999	14
chr16	40314000	40314999	3
chr16	40315000	40315999	9
chr16	40316000	40316999	12
chr16	40317000	40317999	26
chr16	40318000	40318999	0
chr16	40319000	40319999	1
chr16	40320000	40320999	7
chr16	40321000	40321999	10
chr16	40322000	40322999	9
chr16	40323000	40323999	24
chr16	40324000	40324999	11
chr16	40325000	40325999	11
chr16	40326000	40326999	20
chr16	40327000	40327999	10
chr16	40328000	40328999	5
chr16	40329000	40329999	6
chr16	40330000	40330999	18
chr16	40331000	40331999	12
chr16	40332000	40332999	36
chr16	40333000	40333999	23
chr16	40334000	40334999	13
chr16	40335000	40335999	6
chr16	40336000	40336999	3
chr16	40337000	40337999	4
chr16	40338000	40338999	3
chr16	40339000	40339999	13
chr16	40340000	40340999	31
chr16	40341000	40341999	0
chr16	40342000	40342999	5
chr16	40343000	40343999	19
chr16	40344000	40344999	23
chr16	40345000	40345999	29
chr16	40346000	40346999	3
chr16	40347000	40347999	9
chr16	40348000	40348999	0
chr16	40349000	40349999	6
chr16	40350000	40350999	12
chr16	40351000	40351999	5
chr16	40352000	40352999	0
chr16	40353000	40353999	26
chr16	40354000	40354999	2
chr16	40355000	40355999	0
chr16	40356000	40356999	0
chr16	40357000	40357999	14
chr16	40358000	40358999	3
chr16	40359000	40359999	14
chr16	40360000	40360999	4
chr16	40361000	40361999	0
chr16	40362000	40362999	5
chr16	40363000	40363999	17
chr16	40364000	40364999	4
chr16	40365000	40365999	10
chr16	40366000	40366999	23
chr16	40367000	40367999	0
chr16	40368000	40368999	20
chr16	40369000	40369999	1
chr16	40370000	40370999	0
chr16	40371000	40371999	6
chr16	40372000	40372999	4
chr16	40373000	40373999	12
chr16	40374000	40374999	0
chr16	40375000	40375999	6
chr16	40376000	40376999	0
chr16	40377000	40377999	0
chr16	40378000	40378999	0
chr16	40379000	40379999	14
chr16	40380000	40380999	5
chr16	40381000	40381999	5
chr16	40382000	40382999	15
chr16	40383000	40383999	11
chr16	40384000	40384999	4
chr16	40385000	40385999	1
chr16	40386000	40386999	3
chr16	40387000	40387999	10
chr16	40388000	40388999	24
chr16	40389000	40389999	4
chr16	40390000	40390999	26
chr16	40391000	40391999	0
chr16	40392000	40392999	15
chr16	40393000	40393999	0
chr16	40394000	40394999	11
chr16	40395000	40395999	0
chr16	40396000	40396999	2
chr16	40397000	40397999	5
chr16	40398000	40398999	0
chr16	40399000	40399999	18
chr16	40400000	40400999	2
chr16	40401000	40401999	22
chr16	40402000	40402999	5
chr16	40403000	40403999	7
chr16	40404000	40404999	14
chr16	40405000	40405999	6
chr16	40406000	40406999	11
chr16	40407000	40407999	5
chr16	40408000	40408999	21
chr16	40409000	40409999	19
chr16	40410000	40410999	0
chr16	40411000	40411999	23
chr16	40412000	40412999	2
chr16	40413000	40413999	8
chr16	40414000	40414999	0
chr16	40415000	40415999	3
chr16	40416000	40416999	0
chr16	40417000	40417999	8
chr16	40418000	40418999	0
chr16	40419000	40419999	6
chr16	40420000	40420999	0
chr16	40421000	40421999	1
chr16	40422000	40422999	9
chr16	40423000	40423999	11
chr16	40424000	40424999	20
chr16	40425000	40425999	8
chr16	40426000	40426999	24
chr16	40427000	40427999	7
chr16	40428000	40428999	19
chr16	40429000	40429999	5
chr16	40430000	40430999	10
chr16	40431000	40431999	42
chr16	40432000	40432999	0
chr16	40433000	40433999	0
chr16	40434000	40434999	7
chr16	40435000	40435999	9
chr16	40436000	40436999	62
chr16	40437000	40437999	19
chr16	40438000	40438999	0
chr16	40439000	40439999	0
chr16	40440000	40440999	0
chr16	40441000	40441999	12
chr16	40442000	40442999	11
chr16	40443000	40443999	0
chr16	40444000	40444999	14
chr16	40445000	40445999	5
chr16	40446000	40446999	7
chr16	40447000	40447999	1
chr16	40448000	40448999	0
chr16	40449000	40449999	0
chr16	40450000	40450999	36
chr16	40451000	40451999	26
chr16	40452000	40452999	0
chr16	40453000	40453999	26
chr16	40454000	40454999	0
chr16	40455000	40455999	16
chr16	40456000	40456999	28
chr16	40457000	40457999	15
chr16	40458000	40458999	11
chr16	40459000	40459999	8
chr16	40460000	40460999	16
chr16	40461000	40461999	3
chr16	40462000	40462999	2
chr16	40463000	40463999	0
chr16	40464000	40464999	24
chr16	40465000	40465999	1
chr16	40466000	40466999	23
chr16	40467000	40467999	3
chr16	40468000	40468999	28
chr16	40469000	40469999	16
chr16	40470000	40470999	11
chr16	40471000	40471999	0
chr16	40472000	40472999	18
chr16	40473000	40473999	18
chr16	40474000	40474999	7
chr16	40475000	40475999	15
chr16	40476000	40476999	8
chr16	40477000	40477999	2
chr16	40478000	40478999	5
chr16	40479000	40479999	20
chr16	40480000	40480999	2
chr16	40481000	40481999	3
chr16	40482000	40482999	15
chr16	40483000	40483999	9
chr16	40484000	40484999	17
chr16	40485000	40485999	10
chr16	40486000	40486999	16
chr16	40487000	40487999	4
chr16	40488000	40488999	3
chr16	40489000	40489999	1
chr16	40490000	40490999	10
chr16	40491000	40491999	2
chr16	40492000	40492999	3
chr16	40493000	40493999	8
chr16	40494000	40494999	13
chr16	40495000	40495999	6
chr16	40496000	40496999	33
chr16	40497000	40497999	3
chr16	40498000	40498999	0
chr16	40499000	40499999	48
chr16	40500000	40500999	0
chr16	40501000	40501999	0
chr16	40502000	40502999	29
chr16	40503000	40503999	3
chr16	40504000	40504999	0
chr16	40505000	40505999	19
chr16	40506000	40506999	5
chr16	40507000	40507999	23
chr16	40508000	40508999	12
chr16	40509000	40509999	0
chr16	40510000	40510999	0
chr16	40511000	40511999	5
chr16	40512000	40512999	17
chr16	40513000	40513999	19
chr16	40514000	40514999	4
chr16	40515000	40515999	15
chr16	40516000	40516999	26
chr16	40517000	40517999	15
chr16	40518000	40518999	0
chr16	40519000	40519999	13
chr16	40520000	40520999	0
chr16	40521000	40521999	3
chr16	40522000	40522999	0
chr16	40523000	40523999	5
chr16	40524000	40524999	18
chr16	40525000	40525999	0
chr16	40526000	40526999	30
chr16	40527000	40527999	21
chr16	40528000	40528999	0
chr16	40529000	40529999	0
chr16	40530000	40530999	0
chr16	40531000	40531999	0
chr16	40532000	40532999	16
chr16	40533000	40533999	12
chr16	40534000	40534999	10
chr16	40535000	40535999	0
chr16	40536000	40536999	5
chr16	40537000	40537999	5
chr16	40538000	40538999	4
chr16	40539000	40539999	0
chr16	40540000	40540999	3
chr16	40541000	40541999	3
chr16	40542000	40542999	0
chr16	40543000	40543999	0
chr16	40544000	40544999	11
chr16	40545000	40545999	0
chr16	40546000	40546999	23
chr16	40547000	40547999	0
chr16	40548000	40548999	0
chr16	40549000	40549999	0
chr16	40550000	40550999	11
chr16	40551000	40551999	5
chr16	40552000	40552999	10
chr16	40553000	40553999	38
chr16	40554000	40554999	4
chr16	40555000	40555999	19
chr16	40556000	40556999	0
chr16	40557000	40557999	32
chr16	40558000	40558999	0
chr16	40559000	40559999	12
chr16	40560000	40560999	11
chr16	40561000	40561999	14
chr16	40562000	40562999	20
chr16	40563000	40563999	1
chr16	40564000	40564999	0
chr16	40565000	40565999	8
chr16	40566000	40566999	6
chr16	40567000	40567999	5
chr16	40568000	40568999	32
chr16	40569000	40569999	12
chr16	40570000	40570999	0
chr16	40571000	40571999	0
chr16	40572000	40572999	0
chr16	40573000	40573999	8
chr16	40574000	40574999	0
chr16	40575000	40575999	10
chr16	40576000	40576999	25
chr16	40577000	40577999	0
chr16	40578000	40578999	13
chr16	40579000	40579999	8
chr16	40580000	40580999	30
chr16	40581000	40581999	14
chr16	40582000	40582999	18
chr16	40583000	40583999	20
chr16	40584000	40584999	35
chr16	40585000	40585999	2
chr16	40586000	40586999	13
chr16	40587000	40587999	25
chr16	40588000	40588999	0
chr16	40589000	40589999	6
chr16	40590000	40590999	4
chr16	40591000	40591999	13
chr16	40592000	40592999	4
chr16	40593000	40593999	23
chr16	40594000	40594999	4
chr16	40595000	40595999	11
chr16	40596000	40596999	9
chr16	40597000	40597999	21
chr16	40598000	40598999	9
chr16	40599000	40599999	22
chr16	40600000	40600999	5
chr16	40601000	40601999	36
chr16	40602000	40602999	18
chr16	40603000	40603999	26
chr16	40604000	40604999	4
chr16	40605000	40605999	14
chr16	40606000	40606999	14
chr16	40607000	40607999	7
chr16	40608000	40608999	27
chr16	40609000	40609999	15
chr16	40610000	40610999	0
chr16	40611000	40611999	0
chr16	40612000	40612999	0
chr16	40613000	40613999	0
chr16	40614000	40614999	0
chr16	40615000	40615999	0
chr16	40616000	40616999	0
chr16	40617000	40617999	3
chr16	40618000	40618999	7
chr16	40619000	40619999	10
chr16	40620000	40620999	10
chr16	40621000	40621999	10
chr16	40622000	40622999	18
chr16	40623000	40623999	0
chr16	40624000	40624999	23
chr16	40625000	40625999	2
chr16	40626000	40626999	0
chr16	40627000	40627999	8
chr16	40628000	40628999	3
chr16	40629000	40629999	19
chr16	40630000	40630999	27
chr16	40631000	40631999	0
chr16	40632000	40632999	0
chr16	40633000	40633999	8
chr16	40634000	40634999	20
chr16	40635000	40635999	18
chr16	40636000	40636999	18
chr16	40637000	40637999	5
chr16	40638000	40638999	13
chr16	40639000	40639999	15
chr16	40640000	40640999	2
chr16	40641000	40641999	0
chr16	40642000	40642999	4
chr16	40643000	40643999	0
chr16	40644000	40644999	13
chr16	40645000	40645999	3
chr16	40646000	40646999	8
chr16	40647000	40647999	1
chr16	40648000	40648999	8
chr16	40649000	40649999	5
chr16	40650000	40650999	4
chr16	40651000	40651999	8
chr16	40652000	40652999	8
chr16	40653000	40653999	28
chr16	40654000	40654999	12
chr16	40655000	40655999	0
chr16	40656000	40656999	18
chr16	40657000	40657999	37
chr16	40658000	40658999	0
chr16	40659000	40659999	0
chr16	40660000	40660999	0
chr16	40661000	40661999	0
chr16	40662000	40662999	0
chr16	40663000	40663999	0
chr16	40664000	40664999	0
chr16	40665000	40665999	0
chr16	40666000	40666999	4
chr16	40667000	40667999	10
chr16	40668000	40668999	3
chr16	40669000	40669999	0
chr16	40670000	40670999	12
chr16	40671000	40671999	21
chr16	40672000	40672999	8
chr16	40673000	40673999	7
chr16	40674000	40674999	30
chr16	40675000	40675999	20
chr16	40676000	40676999	15
chr16	40677000	40677999	10
chr16	40678000	40678999	10
chr16	40679000	40679999	11
chr16	40680000	40680999	8
chr16	40681000	40681999	0
chr16	40682000	40682999	0
chr16	40683000	40683999	17
chr16	40684000	40684999	9
chr16	40685000	40685999	1
chr16	40686000	40686999	13
chr16	40687000	40687999	9
chr16	40688000	40688999	22
chr16	40689000	40689999	1
chr16	40690000	40690999	10
chr16	40691000	40691999	0
chr16	40692000	40692999	8
chr16	40693000	40693999	13
chr16	40694000	40694999	0
chr16	40695000	40695999	0
chr16	40696000	40696999	10
chr16	40697000	40697999	20
chr16	40698000	40698999	0
chr16	40699000	40699999	8
chr16	40700000	40700999	4
chr16	40701000	40701999	6
chr16	40702000	40702999	6
chr16	40703000	40703999	0
chr16	40704000	40704999	12
chr16	40705000	40705999	11
chr16	40706000	40706999	12
chr16	40707000	40707999	21
chr16	40708000	40708999	2
chr16	40709000	40709999	25
chr16	40710000	40710999	3
chr16	40711000	40711999	9
chr16	40712000	40712999	22
chr16	40713000	40713999	10
chr16	40714000	40714999	10
chr16	40715000	40715999	5
chr16	40716000	40716999	0
chr16	40717000	40717999	0
chr16	40718000	40718999	0
chr16	40719000	40719999	0
chr16	40720000	40720999	0
chr16	40721000	40721999	0
chr16	40722000	40722999	0
chr16	40723000	40723999	0
chr16	40724000	40724999	0
chr16	40725000	40725999	17
chr16	40726000	40726999	0
chr16	40727000	40727999	0
chr16	40728000	40728999	14
chr16	40729000	40729999	15
chr16	40730000	40730999	5
chr16	40731000	40731999	15
chr16	40732000	40732999	7
chr16	40733000	40733999	10
chr16	40734000	40734999	6
chr16	40735000	40735999	9
chr16	40736000	40736999	15
chr16	40737000	40737999	0
chr16	40738000	40738999	5
chr16	40739000	40739999	24
chr16	40740000	40740999	9
chr16	40741000	40741999	8
chr16	40742000	40742999	4
chr16	40743000	40743999	4
chr16	40744000	40744999	18
chr16	40745000	40745999	3
chr16	40746000	40746999	36
chr16	40747000	40747999	24
chr16	40748000	40748999	11
chr16	40749000	40749999	9
chr16	40750000	40750999	6
chr16	40751000	40751999	5
chr16	40752000	40752999	8
chr16	40753000	40753999	6
chr16	40754000	40754999	19
chr16	40755000	40755999	3
chr16	40756000	40756999	3
chr16	40757000	40757999	2
chr16	40758000	40758999	0
chr16	40759000	40759999	18
chr16	40760000	40760999	4
chr16	40761000	40761999	12
chr16	40762000	40762999	12
chr16	40763000	40763999	12
chr16	40764000	40764999	13
chr16	40765000	40765999	15
chr16	40766000	40766999	9
chr16	40767000	40767999	9
chr16	40768000	40768999	13
chr16	40769000	40769999	11
chr16	40770000	40770999	0
chr16	40771000	40771999	18
chr16	40772000	40772999	12
chr16	40773000	40773999	4
chr16	40774000	40774999	1
chr16	40775000	40775999	9
chr16	40776000	40776999	0
chr16	40777000	40777999	4
chr16	40778000	40778999	0
chr16	40779000	40779999	4
chr16	40780000	40780999	7
chr16	40781000	40781999	7
chr16	40782000	40782999	24
chr16	40783000	40783999	14
chr16	40784000	40784999	8
chr16	40785000	40785999	0
chr16	40786000	40786999	9
chr16	40787000	40787999	6
chr16	40788000	40788999	3
chr16	40789000	40789999	19
chr16	40790000	40790999	0
chr16	40791000	40791999	14
chr16	40792000	40792999	2
chr16	40793000	40793999	7
chr16	40794000	40794999	22
chr16	40795000	40795999	4
chr16	40796000	40796999	9
chr16	40797000	40797999	0
chr16	40798000	40798999	3
chr16	40799000	40799999	5
chr16	40800000	40800999	6
chr16	40801000	40801999	23
chr16	40802000	40802999	14
chr16	40803000	40803999	0
chr16	40804000	40804999	5
chr16	40805000	40805999	4
chr16	40806000	40806999	0
chr16	40807000	40807999	7
chr16	40808000	40808999	10
chr16	40809000	40809999	3
chr16	40810000	40810999	1
chr16	40811000	40811999	17
chr16	40812000	40812999	0
chr16	40813000	40813999	0
chr16	40814000	40814999	0
chr16	40815000	40815999	0
chr16	40816000	40816999	0
chr16	40817000	40817999	9
chr16	40818000	40818999	0
chr16	40819000	40819999	0
chr16	40820000	40820999	0
chr16	40821000	40821999	0
chr16	40822000	40822999	3
chr16	40823000	40823999	0
chr16	40824000	40824999	14
chr16	40825000	40825999	5
chr16	40826000	40826999	19
chr16	40827000	40827999	10
chr16	40828000	40828999	9
chr16	40829000	40829999	0
chr16	40830000	40830999	8
chr16	40831000	40831999	21
chr16	40832000	40832999	9
chr16	40833000	40833999	6
chr16	40834000	40834999	3
chr16	40835000	40835999	6
chr16	40836000	40836999	12
chr16	40837000	40837999	3
chr16	40838000	40838999	25
chr16	40839000	40839999	1
chr16	40840000	40840999	3
chr16	40841000	40841999	10
chr16	40842000	40842999	1
chr16	40843000	40843999	7
chr16	40844000	40844999	10
chr16	40845000	40845999	19
chr16	40846000	40846999	1
chr16	40847000	40847999	14
chr16	40848000	40848999	6
chr16	40849000	40849999	3
chr16	40850000	40850999	16
chr16	40851000	40851999	23
chr16	40852000	40852999	12
chr16	40853000	40853999	0
chr16	40854000	40854999	16
chr16	40855000	40855999	12
chr16	40856000	40856999	29
chr16	40857000	40857999	9
chr16	40858000	40858999	8
chr16	40859000	40859999	5
chr16	40860000	40860999	0
chr16	40861000	40861999	0
chr16	40862000	40862999	9
chr16	40863000	40863999	12
chr16	40864000	40864999	0
chr16	40865000	40865999	3
chr16	40866000	40866999	4
chr16	40867000	40867999	7
chr16	40868000	40868999	0
chr16	40869000	40869999	0
chr16	40870000	40870999	4
chr16	40871000	40871999	2
chr16	40872000	40872999	13
chr16	40873000	40873999	3
chr16	40874000	40874999	0
chr16	40875000	40875999	2
chr16	40876000	40876999	0
chr16	40877000	40877999	32
chr16	40878000	40878999	10
chr16	40879000	40879999	16
chr16	40880000	40880999	32
chr16	40881000	40881999	18
chr16	40882000	40882999	14
chr16	40883000	40883999	0
chr16	40884000	40884999	8
chr16	40885000	40885999	0
chr16	40886000	40886999	16
chr16	40887000	40887999	5
chr16	40888000	40888999	8
chr16	40889000	40889999	12
chr16	40890000	40890999	10
chr16	40891000	40891999	14
chr16	40892000	40892999	8
chr16	40893000	40893999	7
chr16	40894000	40894999	27
chr16	40895000	40895999	9
chr16	40896000	40896999	10
chr16	40897000	40897999	16
chr16	40898000	40898999	22
chr16	40899000	40899999	6
chr16	40900000	40900999	0
chr16	40901000	40901999	3
chr16	40902000	40902999	5
chr16	40903000	40903999	20
chr16	40904000	40904999	10
chr16	40905000	40905999	20
chr16	40906000	40906999	2
chr16	40907000	40907999	8
chr16	40908000	40908999	11
chr16	40909000	40909999	16
chr16	40910000	40910999	9
chr16	40911000	40911999	8
chr16	40912000	40912999	0
chr16	40913000	40913999	13
chr16	40914000	40914999	10
chr16	40915000	40915999	0
chr16	40916000	40916999	5
chr16	40917000	40917999	14
chr16	40918000	40918999	16
chr16	40919000	40919999	9
chr16	40920000	40920999	6
chr16	40921000	40921999	0
chr16	40922000	40922999	16
chr16	40923000	40923999	18
chr16	40924000	40924999	3
chr16	40925000	40925999	1
chr16	40926000	40926999	3
chr16	40927000	40927999	12
chr16	40928000	40928999	12
chr16	40929000	40929999	10
chr16	40930000	40930999	11
chr16	40931000	40931999	29
chr16	40932000	40932999	16
chr16	40933000	40933999	4
chr16	40934000	40934999	7
chr16	40935000	40935999	0
chr16	40936000	40936999	33
chr16	40937000	40937999	4
chr16	40938000	40938999	16
chr16	40939000	40939999	4
chr16	40940000	40940999	13
chr16	40941000	40941999	18
chr16	40942000	40942999	4
chr16	40943000	40943999	0
chr16	40944000	40944999	0
chr16	40945000	40945999	39
chr16	40946000	40946999	0
chr16	40947000	40947999	40
chr16	40948000	40948999	7
chr16	40949000	40949999	9
chr16	40950000	40950999	0
chr16	40951000	40951999	7
chr16	40952000	40952999	9
chr16	40953000	40953999	0
chr16	40954000	40954999	9
chr16	40955000	40955999	0
chr16	40956000	40956999	0
chr16	40957000	40957999	0
chr16	40958000	40958999	11
chr16	40959000	40959999	6
chr16	40960000	40960999	20
chr16	40961000	40961999	0
chr16	40962000	40962999	14
chr16	40963000	40963999	1
chr16	40964000	40964999	9
chr16	40965000	40965999	3
chr16	40966000	40966999	11
chr16	40967000	40967999	2
chr16	40968000	40968999	22
chr16	40969000	40969999	14
chr16	40970000	40970999	4
chr16	40971000	40971999	7
chr16	40972000	40972999	16
chr16	40973000	40973999	2
chr16	40974000	40974999	15
chr16	40975000	40975999	0
chr16	40976000	40976999	10
chr16	40977000	40977999	3
chr16	40978000	40978999	34
chr16	40979000	40979999	18
chr16	40980000	40980999	3
chr16	40981000	40981999	30
chr16	40982000	40982999	1
chr16	40983000	40983999	0
chr16	40984000	40984999	17
chr16	40985000	40985999	5
chr16	40986000	40986999	34
chr16	40987000	40987999	3
chr16	40988000	40988999	25
chr16	40989000	40989999	17
chr16	40990000	40990999	0
chr16	40991000	40991999	0
chr16	40992000	40992999	20
chr16	40993000	40993999	18
chr16	40994000	40994999	3
chr16	40995000	40995999	5
chr16	40996000	40996999	0
chr16	40997000	40997999	11
chr16	40998000	40998999	14
chr16	40999000	40999999	0
chr16	41000000	41000999	18
chr16	41001000	41001999	0
chr16	41002000	41002999	1
chr16	41003000	41003999	26
chr16	41004000	41004999	14
chr16	41005000	41005999	13
chr16	41006000	41006999	0
chr16	41007000	41007999	17
chr16	41008000	41008999	28
chr16	41009000	41009999	11
chr16	41010000	41010999	23
chr16	41011000	41011999	11
chr16	41012000	41012999	7
chr16	41013000	41013999	21
chr16	41014000	41014999	30
chr16	41015000	41015999	5
chr16	41016000	41016999	0
chr16	41017000	41017999	7
chr16	41018000	41018999	5
chr16	41019000	41019999	3
chr16	41020000	41020999	33
chr16	41021000	41021999	4
chr16	41022000	41022999	14
chr16	41023000	41023999	7
chr16	41024000	41024999	2
chr16	41025000	41025999	1
chr16	41026000	41026999	4
chr16	41027000	41027999	4
chr16	41028000	41028999	20
chr16	41029000	41029999	11
chr16	41030000	41030999	9
chr16	41031000	41031999	22
chr16	41032000	41032999	0
chr16	41033000	41033999	15
chr16	41034000	41034999	22
chr16	41035000	41035999	0
chr16	41036000	41036999	1
chr16	41037000	41037999	21
chr16	41038000	41038999	19
chr16	41039000	41039999	31
chr16	41040000	41040999	7
chr16	41041000	41041999	14
chr16	41042000	41042999	29
chr16	41043000	41043999	5
chr16	41044000	41044999	11
chr16	41045000	41045999	16
chr16	41046000	41046999	3
chr16	41047000	41047999	5
chr16	41048000	41048999	7
chr16	41049000	41049999	10
chr16	41050000	41050999	14
chr16	41051000	41051999	3
chr16	41052000	41052999	3
chr16	41053000	41053999	10
chr16	41054000	41054999	0
chr16	41055000	41055999	0
chr16	41056000	41056999	0
chr16	41057000	41057999	0
chr16	41058000	41058999	0
chr16	41059000	41059999	0
chr16	41060000	41060999	0
chr16	41061000	41061999	19
chr16	41062000	41062999	1
chr16	41063000	41063999	0
chr16	41064000	41064999	8
chr16	41065000	41065999	14
chr16	41066000	41066999	0
chr16	41067000	41067999	22
chr16	41068000	41068999	43
chr16	41069000	41069999	8
chr16	41070000	41070999	11
chr16	41071000	41071999	0
chr16	41072000	41072999	7
chr16	41073000	41073999	14
chr16	41074000	41074999	20
chr16	41075000	41075999	7
chr16	41076000	41076999	9
chr16	41077000	41077999	17
chr16	41078000	41078999	17
chr16	41079000	41079999	8
chr16	41080000	41080999	0
chr16	41081000	41081999	10
chr16	41082000	41082999	2
chr16	41083000	41083999	5
chr16	41084000	41084999	7
chr16	41085000	41085999	1
chr16	41086000	41086999	6
chr16	41087000	41087999	1
chr16	41088000	41088999	0
chr16	41089000	41089999	2
chr16	41090000	41090999	0
chr16	41091000	41091999	18
chr16	41092000	41092999	10
chr16	41093000	41093999	24
chr16	41094000	41094999	0
chr16	41095000	41095999	18
chr16	41096000	41096999	4
chr16	41097000	41097999	33
chr16	41098000	41098999	3
chr16	41099000	41099999	0
chr16	41100000	41100999	5
chr16	41101000	41101999	0
chr16	41102000	41102999	3
chr16	41103000	41103999	6
chr16	41104000	41104999	0
chr16	41105000	41105999	13
chr16	41106000	41106999	0
chr16	41107000	41107999	20
chr16	41108000	41108999	2
chr16	41109000	41109999	2
chr16	41110000	41110999	0
chr16	41111000	41111999	5
chr16	41112000	41112999	43
chr16	41113000	41113999	1
chr16	41114000	41114999	22
chr16	41115000	41115999	6
chr16	41116000	41116999	0
chr16	41117000	41117999	4
chr16	41118000	41118999	3
chr16	41119000	41119999	6
chr16	41120000	41120999	2
chr16	41121000	41121999	14
chr16	41122000	41122999	8
chr16	41123000	41123999	29
chr16	41124000	41124999	10
chr16	41125000	41125999	15
chr16	41126000	41126999	0
chr16	41127000	41127999	0
chr16	41128000	41128999	17
chr16	41129000	41129999	41
chr16	41130000	41130999	5
chr16	41131000	41131999	17
chr16	41132000	41132999	5
chr16	41133000	41133999	4
chr16	41134000	41134999	25
chr16	41135000	41135999	0
chr16	41136000	41136999	9
chr16	41137000	41137999	0
chr16	41138000	41138999	25
chr16	41139000	41139999	10
chr16	41140000	41140999	0
chr16	41141000	41141999	0
chr16	41142000	41142999	8
chr16	41143000	41143999	9
chr16	41144000	41144999	0
chr16	41145000	41145999	11
chr16	41146000	41146999	8
chr16	41147000	41147999	18
chr16	41148000	41148999	1
chr16	41149000	41149999	5
chr16	41150000	41150999	2
chr16	41151000	41151999	8
chr16	41152000	41152999	12
chr16	41153000	41153999	6
chr16	41154000	41154999	17
chr16	41155000	41155999	8
chr16	41156000	41156999	4
chr16	41157000	41157999	5
chr16	41158000	41158999	12
chr16	41159000	41159999	8
chr16	41160000	41160999	17
chr16	41161000	41161999	5
chr16	41162000	41162999	0
chr16	41163000	41163999	3
chr16	41164000	41164999	2
chr16	41165000	41165999	0
chr16	41166000	41166999	0
chr16	41167000	41167999	7
chr16	41168000	41168999	25
chr16	41169000	41169999	14
chr16	41170000	41170999	10
chr16	41171000	41171999	14
chr16	41172000	41172999	8
chr16	41173000	41173999	25
chr16	41174000	41174999	5
chr16	41175000	41175999	1
chr16	41176000	41176999	30
chr16	41177000	41177999	24
chr16	41178000	41178999	0
chr16	41179000	41179999	1
chr16	41180000	41180999	7
chr16	41181000	41181999	13
chr16	41182000	41182999	8
chr16	41183000	41183999	1
chr16	41184000	41184999	0
chr16	41185000	41185999	8
chr16	41186000	41186999	0
chr16	41187000	41187999	8
chr16	41188000	41188999	6
chr16	41189000	41189999	11
chr16	41190000	41190999	4
chr16	41191000	41191999	19
chr16	41192000	41192999	5
chr16	41193000	41193999	2
chr16	41194000	41194999	20
chr16	41195000	41195999	0
chr16	41196000	41196999	0
chr16	41197000	41197999	0
chr16	41198000	41198999	0
chr16	41199000	41199999	0
chr16	41200000	41200999	0
chr16	41201000	41201999	0
chr16	41202000	41202999	13
chr16	41203000	41203999	7
chr16	41204000	41204999	7
chr16	41205000	41205999	0
chr16	41206000	41206999	2
chr16	41207000	41207999	0
chr16	41208000	41208999	0
chr16	41209000	41209999	16
chr16	41210000	41210999	14
chr16	41211000	41211999	7
chr16	41212000	41212999	4
chr16	41213000	41213999	4
chr16	41214000	41214999	10
chr16	41215000	41215999	23
chr16	41216000	41216999	0
chr16	41217000	41217999	4
chr16	41218000	41218999	8
chr16	41219000	41219999	8
chr16	41220000	41220999	6
chr16	41221000	41221999	0
chr16	41222000	41222999	3
chr16	41223000	41223999	10
chr16	41224000	41224999	7
chr16	41225000	41225999	0
chr16	41226000	41226999	0
chr16	41227000	41227999	18
chr16	41228000	41228999	15
chr16	41229000	41229999	0
chr16	41230000	41230999	21
chr16	41231000	41231999	2
chr16	41232000	41232999	14
chr16	41233000	41233999	5
chr16	41234000	41234999	7
chr16	41235000	41235999	5
chr16	41236000	41236999	11
chr16	41237000	41237999	0
chr16	41238000	41238999	0
chr16	41239000	41239999	6
chr16	41240000	41240999	6
chr16	41241000	41241999	12
chr16	41242000	41242999	10
chr16	41243000	41243999	0
chr16	41244000	41244999	17
chr16	41245000	41245999	0
chr16	41246000	41246999	0
chr16	41247000	41247999	18
chr16	41248000	41248999	22
chr16	41249000	41249999	0
chr16	41250000	41250999	21
chr16	41251000	41251999	5
chr16	41252000	41252999	13
chr16	41253000	41253999	0
chr16	41254000	41254999	10
chr16	41255000	41255999	16
chr16	41256000	41256999	24
chr16	41257000	41257999	0
chr16	41258000	41258999	33
chr16	41259000	41259999	20
chr16	41260000	41260999	10
chr16	41261000	41261999	4
chr16	41262000	41262999	13
chr16	41263000	41263999	0
chr16	41264000	41264999	8
chr16	41265000	41265999	4
chr16	41266000	41266999	19
chr16	41267000	41267999	17
chr16	41268000	41268999	8
chr16	41269000	41269999	0
chr16	41270000	41270999	0
chr16	41271000	41271999	3
chr16	41272000	41272999	0
chr16	41273000	41273999	2
chr16	41274000	41274999	15
chr16	41275000	41275999	10
chr16	41276000	41276999	19
chr16	41277000	41277999	0
chr16	41278000	41278999	13
chr16	41279000	41279999	12
chr16	41280000	41280999	20
chr16	41281000	41281999	3
chr16	41282000	41282999	0
chr16	41283000	41283999	0
chr16	41284000	41284999	9
chr16	41285000	41285999	19
chr16	41286000	41286999	0
chr16	41287000	41287999	3
chr16	41288000	41288999	14
chr16	41289000	41289999	11
chr16	41290000	41290999	5
chr16	41291000	41291999	20
chr16	41292000	41292999	0
chr16	41293000	41293999	13
chr16	41294000	41294999	17
chr16	41295000	41295999	0
chr16	41296000	41296999	39
chr16	41297000	41297999	0
chr16	41298000	41298999	8
chr16	41299000	41299999	0
chr16	41300000	41300999	0
chr16	41301000	41301999	16
chr16	41302000	41302999	0
chr16	41303000	41303999	2
chr16	41304000	41304999	8
chr16	41305000	41305999	7
chr16	41306000	41306999	4
chr16	41307000	41307999	9
chr16	41308000	41308999	0
chr16	41309000	41309999	0
chr16	41310000	41310999	7
chr16	41311000	41311999	20
chr16	41312000	41312999	5
chr16	41313000	41313999	2
chr16	41314000	41314999	2
chr16	41315000	41315999	8
chr16	41316000	41316999	10
chr16	41317000	41317999	10
chr16	41318000	41318999	16
chr16	41319000	41319999	5
chr16	41320000	41320999	21
chr16	41321000	41321999	19
chr16	41322000	41322999	0
chr16	41323000	41323999	3
chr16	41324000	41324999	3
chr16	41325000	41325999	2
chr16	41326000	41326999	6
chr16	41327000	41327999	0
chr16	41328000	41328999	18
chr16	41329000	41329999	19
chr16	41330000	41330999	0
chr16	41331000	41331999	5
chr16	41332000	41332999	6
chr16	41333000	41333999	8
chr16	41334000	41334999	8
chr16	41335000	41335999	3
chr16	41336000	41336999	20
chr16	41337000	41337999	24
chr16	41338000	41338999	1
chr16	41339000	41339999	11
chr16	41340000	41340999	22
chr16	41341000	41341999	3
chr16	41342000	41342999	4
chr16	41343000	41343999	12
chr16	41344000	41344999	20
chr16	41345000	41345999	0
chr16	41346000	41346999	12
chr16	41347000	41347999	0
chr16	41348000	41348999	29
chr16	41349000	41349999	0
chr16	41350000	41350999	12
chr16	41351000	41351999	9
chr16	41352000	41352999	0
chr16	41353000	41353999	0
chr16	41354000	41354999	0
chr16	41355000	41355999	0
chr16	41356000	41356999	0
chr16	41357000	41357999	10
chr16	41358000	41358999	14
chr16	41359000	41359999	4
chr16	41360000	41360999	1
chr16	41361000	41361999	9
chr16	41362000	41362999	7
chr16	41363000	41363999	25
chr16	41364000	41364999	4
chr16	41365000	41365999	4
chr16	41366000	41366999	14
chr16	41367000	41367999	2
chr16	41368000	41368999	9
chr16	41369000	41369999	0
chr16	41370000	41370999	0
chr16	41371000	41371999	25
chr16	41372000	41372999	16
chr16	41373000	41373999	4
chr16	41374000	41374999	18
chr16	41375000	41375999	18
chr16	41376000	41376999	11
chr16	41377000	41377999	5
chr16	41378000	41378999	9
chr16	41379000	41379999	8
chr16	41380000	41380999	0
chr16	41381000	41381999	14
chr16	41382000	41382999	7
chr16	41383000	41383999	28
chr16	41384000	41384999	0
chr16	41385000	41385999	19
chr16	41386000	41386999	28
chr16	41387000	41387999	0
chr16	41388000	41388999	4
chr16	41389000	41389999	9
chr16	41390000	41390999	10
chr16	41391000	41391999	4
chr16	41392000	41392999	25
chr16	41393000	41393999	21
chr16	41394000	41394999	34
chr16	41395000	41395999	0
chr16	41396000	41396999	11
chr16	41397000	41397999	21
chr16	41398000	41398999	0
chr16	41399000	41399999	0
chr16	41400000	41400999	6
chr16	41401000	41401999	0
chr16	41402000	41402999	3
chr16	41403000	41403999	2
chr16	41404000	41404999	0
chr16	41405000	41405999	16
chr16	41406000	41406999	10
chr16	41407000	41407999	10
chr16	41408000	41408999	18
chr16	41409000	41409999	2
chr16	41410000	41410999	11
chr16	41411000	41411999	22
chr16	41412000	41412999	7
chr16	41413000	41413999	20
chr16	41414000	41414999	6
chr16	41415000	41415999	1
chr16	41416000	41416999	15
chr16	41417000	41417999	4
chr16	41418000	41418999	3
chr16	41419000	41419999	3
chr16	41420000	41420999	0
chr16	41421000	41421999	3
chr16	41422000	41422999	3
chr16	41423000	41423999	0
chr16	41424000	41424999	0
chr16	41425000	41425999	6
chr16	41426000	41426999	2
chr16	41427000	41427999	26
chr16	41428000	41428999	0
chr16	41429000	41429999	11
chr16	41430000	41430999	27
chr16	41431000	41431999	0
chr16	41432000	41432999	24
chr16	41433000	41433999	24
chr16	41434000	41434999	0
chr16	41435000	41435999	0
chr16	41436000	41436999	8
chr16	41437000	41437999	4
chr16	41438000	41438999	1
chr16	41439000	41439999	18
chr16	41440000	41440999	11
chr16	41441000	41441999	1
chr16	41442000	41442999	3
chr16	41443000	41443999	0
chr16	41444000	41444999	7
chr16	41445000	41445999	16
chr16	41446000	41446999	0
chr16	41447000	41447999	9
chr16	41448000	41448999	0
chr16	41449000	41449999	8
chr16	41450000	41450999	5
chr16	41451000	41451999	0
chr16	41452000	41452999	0
chr16	41453000	41453999	0
chr16	41454000	41454999	3
chr16	41455000	41455999	2
chr16	41456000	41456999	8
chr16	41457000	41457999	0
chr16	41458000	41458999	9
chr16	41459000	41459999	6
chr16	41460000	41460999	4
chr16	41461000	41461999	0
chr16	41462000	41462999	12
chr16	41463000	41463999	5
chr16	41464000	41464999	13
chr16	41465000	41465999	10
chr16	41466000	41466999	19
chr16	41467000	41467999	20
chr16	41468000	41468999	3
chr16	41469000	41469999	11
chr16	41470000	41470999	9
chr16	41471000	41471999	5
chr16	41472000	41472999	0
chr16	41473000	41473999	1
chr16	41474000	41474999	0
chr16	41475000	41475999	9
chr16	41476000	41476999	27
chr16	41477000	41477999	3
chr16	41478000	41478999	24
chr16	41479000	41479999	14
chr16	41480000	41480999	4
chr16	41481000	41481999	0
chr16	41482000	41482999	1
chr16	41483000	41483999	14
chr16	41484000	41484999	5
chr16	41485000	41485999	5
chr16	41486000	41486999	23
chr16	41487000	41487999	9
chr16	41488000	41488999	3
chr16	41489000	41489999	3
chr16	41490000	41490999	2
chr16	41491000	41491999	0
chr16	41492000	41492999	0
chr16	41493000	41493999	0
chr16	41494000	41494999	0
chr16	41495000	41495999	0
chr16	41496000	41496999	1
chr16	41497000	41497999	20
chr16	41498000	41498999	1
chr16	41499000	41499999	9
chr16	41500000	41500999	0
chr16	41501000	41501999	0
chr16	41502000	41502999	39
chr16	41503000	41503999	25
chr16	41504000	41504999	0
chr16	41505000	41505999	4
chr16	41506000	41506999	12
chr16	41507000	41507999	3
chr16	41508000	41508999	13
chr16	41509000	41509999	12
chr16	41510000	41510999	7
chr16	41511000	41511999	8
chr16	41512000	41512999	10
chr16	41513000	41513999	3
chr16	41514000	41514999	25
chr16	41515000	41515999	2
chr16	41516000	41516999	7
chr16	41517000	41517999	19
chr16	41518000	41518999	17
chr16	41519000	41519999	9
chr16	41520000	41520999	21
chr16	41521000	41521999	28
chr16	41522000	41522999	0
chr16	41523000	41523999	2
chr16	41524000	41524999	0
chr16	41525000	41525999	3
chr16	41526000	41526999	2
chr16	41527000	41527999	1
chr16	41528000	41528999	10
chr16	41529000	41529999	11
chr16	41530000	41530999	18
chr16	41531000	41531999	5
chr16	41532000	41532999	2
chr16	41533000	41533999	10
chr16	41534000	41534999	3
chr16	41535000	41535999	15
chr16	41536000	41536999	10
chr16	41537000	41537999	0
chr16	41538000	41538999	11
chr16	41539000	41539999	9
chr16	41540000	41540999	8
chr16	41541000	41541999	11
chr16	41542000	41542999	12
chr16	41543000	41543999	0
chr16	41544000	41544999	0
chr16	41545000	41545999	18
chr16	41546000	41546999	0
chr16	41547000	41547999	34
chr16	41548000	41548999	37
chr16	41549000	41549999	4
chr16	41550000	41550999	5
chr16	41551000	41551999	11
chr16	41552000	41552999	0
chr16	41553000	41553999	13
chr16	41554000	41554999	9
chr16	41555000	41555999	11
chr16	41556000	41556999	5
chr16	41557000	41557999	18
chr16	41558000	41558999	3
chr16	41559000	41559999	17
chr16	41560000	41560999	8
chr16	41561000	41561999	18
chr16	41562000	41562999	10
chr16	41563000	41563999	15
chr16	41564000	41564999	14
chr16	41565000	41565999	31
chr16	41566000	41566999	0
chr16	41567000	41567999	10
chr16	41568000	41568999	1
chr16	41569000	41569999	0
chr16	41570000	41570999	26
chr16	41571000	41571999	27
chr16	41572000	41572999	0
chr16	41573000	41573999	9
chr16	41574000	41574999	3
chr16	41575000	41575999	0
chr16	41576000	41576999	0
chr16	41577000	41577999	0
chr16	41578000	41578999	0
chr16	41579000	41579999	0
chr16	41580000	41580999	0
chr16	41581000	41581999	0
chr16	41582000	41582999	4
chr16	41583000	41583999	4
chr16	41584000	41584999	14
chr16	41585000	41585999	15
chr16	41586000	41586999	11
chr16	41587000	41587999	0
chr16	41588000	41588999	12
chr16	41589000	41589999	3
chr16	41590000	41590999	0
chr16	41591000	41591999	14
chr16	41592000	41592999	5
chr16	41593000	41593999	12
chr16	41594000	41594999	5
chr16	41595000	41595999	26
chr16	41596000	41596999	15
chr16	41597000	41597999	3
chr16	41598000	41598999	5
chr16	41599000	41599999	0
chr16	41600000	41600999	15
chr16	41601000	41601999	22
chr16	41602000	41602999	10
chr16	41603000	41603999	6
chr16	41604000	41604999	10
chr16	41605000	41605999	0
chr16	41606000	41606999	14
chr16	41607000	41607999	14
chr16	41608000	41608999	2
chr16	41609000	41609999	4
chr16	41610000	41610999	6
chr16	41611000	41611999	21
chr16	41612000	41612999	0
chr16	41613000	41613999	15
chr16	41614000	41614999	34
chr16	41615000	41615999	0
chr16	41616000	41616999	4
chr16	41617000	41617999	0
chr16	41618000	41618999	0
chr16	41619000	41619999	0
chr16	41620000	41620999	0
chr16	41621000	41621999	0
chr16	41622000	41622999	0
chr16	41623000	41623999	7
chr16	41624000	41624999	14
chr16	41625000	41625999	6
chr16	41626000	41626999	1
chr16	41627000	41627999	9
chr16	41628000	41628999	5
chr16	41629000	41629999	11
chr16	41630000	41630999	5
chr16	41631000	41631999	14
chr16	41632000	41632999	6
chr16	41633000	41633999	0
chr16	41634000	41634999	1
chr16	41635000	41635999	0
chr16	41636000	41636999	10
chr16	41637000	41637999	2
chr16	41638000	41638999	22
chr16	41639000	41639999	1
chr16	41640000	41640999	6
chr16	41641000	41641999	0
chr16	41642000	41642999	8
chr16	41643000	41643999	0
chr16	41644000	41644999	13
chr16	41645000	41645999	0
chr16	41646000	41646999	0
chr16	41647000	41647999	0
chr16	41648000	41648999	1
chr16	41649000	41649999	7
chr16	41650000	41650999	3
chr16	41651000	41651999	16
chr16	41652000	41652999	5
chr16	41653000	41653999	47
chr16	41654000	41654999	11
chr16	41655000	41655999	0
chr16	41656000	41656999	38
chr16	41657000	41657999	2
chr16	41658000	41658999	3
chr16	41659000	41659999	9
chr16	41660000	41660999	0
chr16	41661000	41661999	0
chr16	41662000	41662999	11
chr16	41663000	41663999	14
chr16	41664000	41664999	9
chr16	41665000	41665999	16
chr16	41666000	41666999	0
chr16	41667000	41667999	0
chr16	41668000	41668999	2
chr16	41669000	41669999	8
chr16	41670000	41670999	10
chr16	41671000	41671999	8
chr16	41672000	41672999	0
chr16	41673000	41673999	17
chr16	41674000	41674999	18
chr16	41675000	41675999	8
chr16	41676000	41676999	0
chr16	41677000	41677999	0
chr16	41678000	41678999	7
chr16	41679000	41679999	13
chr16	41680000	41680999	12
chr16	41681000	41681999	13
chr16	41682000	41682999	9
chr16	41683000	41683999	7
chr16	41684000	41684999	28
chr16	41685000	41685999	25
chr16	41686000	41686999	1
chr16	41687000	41687999	0
chr16	41688000	41688999	2
chr16	41689000	41689999	2
chr16	41690000	41690999	0
chr16	41691000	41691999	4
chr16	41692000	41692999	14
chr16	41693000	41693999	9
chr16	41694000	41694999	3
chr16	41695000	41695999	0
chr16	41696000	41696999	0
chr16	41697000	41697999	22
chr16	41698000	41698999	40
chr16	41699000	41699999	6
chr16	41700000	41700999	13
chr16	41701000	41701999	18
chr16	41702000	41702999	1
chr16	41703000	41703999	0
chr16	41704000	41704999	6
chr16	41705000	41705999	0
chr16	41706000	41706999	9
chr16	41707000	41707999	13
chr16	41708000	41708999	6
chr16	41709000	41709999	1
chr16	41710000	41710999	7
chr16	41711000	41711999	0
chr16	41712000	41712999	0
chr16	41713000	41713999	4
chr16	41714000	41714999	0
chr16	41715000	41715999	0
chr16	41716000	41716999	0
chr16	41717000	41717999	0
chr16	41718000	41718999	0
chr16	41719000	41719999	0
chr16	41720000	41720999	6
chr16	41721000	41721999	30
chr16	41722000	41722999	5
chr16	41723000	41723999	6
chr16	41724000	41724999	24
chr16	41725000	41725999	0
chr16	41726000	41726999	14
chr16	41727000	41727999	3
chr16	41728000	41728999	5
chr16	41729000	41729999	3
chr16	41730000	41730999	1
chr16	41731000	41731999	7
chr16	41732000	41732999	10
chr16	41733000	41733999	0
chr16	41734000	41734999	2
chr16	41735000	41735999	7
chr16	41736000	41736999	17
chr16	41737000	41737999	0
chr16	41738000	41738999	5
chr16	41739000	41739999	14
chr16	41740000	41740999	2
chr16	41741000	41741999	3
chr16	41742000	41742999	9
chr16	41743000	41743999	22
chr16	41744000	41744999	6
chr16	41745000	41745999	11
chr16	41746000	41746999	25
chr16	41747000	41747999	10
chr16	41748000	41748999	0
chr16	41749000	41749999	5
chr16	41750000	41750999	3
chr16	41751000	41751999	20
chr16	41752000	41752999	0
chr16	41753000	41753999	18
chr16	41754000	41754999	12
chr16	41755000	41755999	12
chr16	41756000	41756999	20
chr16	41757000	41757999	11
chr16	41758000	41758999	8
chr16	41759000	41759999	11
chr16	41760000	41760999	12
chr16	41761000	41761999	10
chr16	41762000	41762999	1
chr16	41763000	41763999	9
chr16	41764000	41764999	10
chr16	41765000	41765999	0
chr16	41766000	41766999	9
chr16	41767000	41767999	10
chr16	41768000	41768999	12
chr16	41769000	41769999	4
chr16	41770000	41770999	20
chr16	41771000	41771999	9
chr16	41772000	41772999	10
chr16	41773000	41773999	11
chr16	41774000	41774999	5
chr16	41775000	41775999	0
chr16	41776000	41776999	10
chr16	41777000	41777999	5
chr16	41778000	41778999	0
chr16	41779000	41779999	0
chr16	41780000	41780999	0
chr16	41781000	41781999	5
chr16	41782000	41782999	4
chr16	41783000	41783999	5
chr16	41784000	41784999	15
chr16	41785000	41785999	13
chr16	41786000	41786999	8
chr16	41787000	41787999	10
chr16	41788000	41788999	14
chr16	41789000	41789999	13
chr16	41790000	41790999	8
chr16	41791000	41791999	14
chr16	41792000	41792999	0
chr16	41793000	41793999	21
chr16	41794000	41794999	0
chr16	41795000	41795999	10
chr16	41796000	41796999	12
chr16	41797000	41797999	5
chr16	41798000	41798999	0
chr16	41799000	41799999	19
chr16	41800000	41800999	16
chr16	41801000	41801999	4
chr16	41802000	41802999	3
chr16	41803000	41803999	6
chr16	41804000	41804999	4
chr16	41805000	41805999	0
chr16	41806000	41806999	5
chr16	41807000	41807999	4
chr16	41808000	41808999	19
chr16	41809000	41809999	14
chr16	41810000	41810999	0
chr16	41811000	41811999	4
chr16	41812000	41812999	6
chr16	41813000	41813999	21
chr16	41814000	41814999	22
chr16	41815000	41815999	1
chr16	41816000	41816999	25
chr16	41817000	41817999	1
chr16	41818000	41818999	0
chr16	41819000	41819999	17
chr16	41820000	41820999	22
chr16	41821000	41821999	6
chr16	41822000	41822999	0
chr16	41823000	41823999	14
chr16	41824000	41824999	0
chr16	41825000	41825999	4
chr16	41826000	41826999	0
chr16	41827000	41827999	12
chr16	41828000	41828999	5
chr16	41829000	41829999	19
chr16	41830000	41830999	0
chr16	41831000	41831999	0
chr16	41832000	41832999	9
chr16	41833000	41833999	22
chr16	41834000	41834999	0
chr16	41835000	41835999	10
chr16	41836000	41836999	0
chr16	41837000	41837999	14
chr16	41838000	41838999	14
chr16	41839000	41839999	30
chr16	41840000	41840999	0
chr16	41841000	41841999	0
chr16	41842000	41842999	8
chr16	41843000	41843999	12
chr16	41844000	41844999	0
chr16	41845000	41845999	6
chr16	41846000	41846999	6
chr16	41847000	41847999	13
chr16	41848000	41848999	7
chr16	41849000	41849999	0
chr16	41850000	41850999	13
chr16	41851000	41851999	29
chr16	41852000	41852999	5
chr16	41853000	41853999	3
chr16	41854000	41854999	0
chr16	41855000	41855999	0
chr16	41856000	41856999	9
chr16	41857000	41857999	0
chr16	41858000	41858999	0
chr16	41859000	41859999	0
chr16	41860000	41860999	2
chr16	41861000	41861999	0
chr16	41862000	41862999	2
chr16	41863000	41863999	1
chr16	41864000	41864999	2
chr16	41865000	41865999	21
chr16	41866000	41866999	3
chr16	41867000	41867999	4
chr16	41868000	41868999	5
chr16	41869000	41869999	0
chr16	41870000	41870999	27
chr16	41871000	41871999	1
chr16	41872000	41872999	3
chr16	41873000	41873999	5
chr16	41874000	41874999	16
chr16	41875000	41875999	0
chr16	41876000	41876999	13
chr16	41877000	41877999	9
chr16	41878000	41878999	35
chr16	41879000	41879999	3
chr16	41880000	41880999	6
chr16	41881000	41881999	4
chr16	41882000	41882999	2
chr16	41883000	41883999	0
chr16	41884000	41884999	18
chr16	41885000	41885999	2
chr16	41886000	41886999	18
chr16	41887000	41887999	13
chr16	41888000	41888999	1
chr16	41889000	41889999	7
chr16	41890000	41890999	16
chr16	41891000	41891999	10
chr16	41892000	41892999	34
chr16	41893000	41893999	11
chr16	41894000	41894999	11
chr16	41895000	41895999	29
chr16	41896000	41896999	9
chr16	41897000	41897999	22
chr16	41898000	41898999	0
chr16	41899000	41899999	0
chr16	41900000	41900999	1
chr16	41901000	41901999	0
chr16	41902000	41902999	20
chr16	41903000	41903999	27
chr16	41904000	41904999	20
chr16	41905000	41905999	1
chr16	41906000	41906999	4
chr16	41907000	41907999	10
chr16	41908000	41908999	9
chr16	41909000	41909999	24
chr16	41910000	41910999	5
chr16	41911000	41911999	0
chr16	41912000	41912999	7
chr16	41913000	41913999	2
chr16	41914000	41914999	28
chr16	41915000	41915999	8
chr16	41916000	41916999	9
chr16	41917000	41917999	12
chr16	41918000	41918999	6
chr16	41919000	41919999	11
chr16	41920000	41920999	23
chr16	41921000	41921999	5
chr16	41922000	41922999	12
chr16	41923000	41923999	44
chr16	41924000	41924999	0
chr16	41925000	41925999	10
chr16	41926000	41926999	5
chr16	41927000	41927999	12
chr16	41928000	41928999	9
chr16	41929000	41929999	17
chr16	41930000	41930999	9
chr16	41931000	41931999	18
chr16	41932000	41932999	21
chr16	41933000	41933999	16
chr16	41934000	41934999	5
chr16	41935000	41935999	7
chr16	41936000	41936999	12
chr16	41937000	41937999	0
chr16	41938000	41938999	11
chr16	41939000	41939999	5
chr16	41940000	41940999	8
chr16	41941000	41941999	1
chr16	41942000	41942999	6
chr16	41943000	41943999	5
chr16	41944000	41944999	7
chr16	41945000	41945999	8
chr16	41946000	41946999	0
chr16	41947000	41947999	3
chr16	41948000	41948999	3
chr16	41949000	41949999	17
chr16	41950000	41950999	6
chr16	41951000	41951999	2
chr16	41952000	41952999	0
chr16	41953000	41953999	14
chr16	41954000	41954999	0
chr16	41955000	41955999	0
chr16	41956000	41956999	1
chr16	41957000	41957999	11
chr16	41958000	41958999	10
chr16	41959000	41959999	0
chr16	41960000	41960999	24
chr16	41961000	41961999	17
chr16	41962000	41962999	6
chr16	41963000	41963999	7
chr16	41964000	41964999	6
chr16	41965000	41965999	6
chr16	41966000	41966999	7
chr16	41967000	41967999	0
chr16	41968000	41968999	8
chr16	41969000	41969999	11
chr16	41970000	41970999	11
chr16	41971000	41971999	21
chr16	41972000	41972999	7
chr16	41973000	41973999	11
chr16	41974000	41974999	3
chr16	41975000	41975999	3
chr16	41976000	41976999	1
chr16	41977000	41977999	9
chr16	41978000	41978999	15
chr16	41979000	41979999	14
chr16	41980000	41980999	11
chr16	41981000	41981999	0
chr16	41982000	41982999	4
chr16	41983000	41983999	13
chr16	41984000	41984999	7
chr16	41985000	41985999	2
chr16	41986000	41986999	14
chr16	41987000	41987999	6
chr16	41988000	41988999	9
chr16	41989000	41989999	29
chr16	41990000	41990999	32
chr16	41991000	41991999	1
chr16	41992000	41992999	0
chr16	41993000	41993999	44
chr16	41994000	41994999	24
chr16	41995000	41995999	2
chr16	41996000	41996999	21
chr16	41997000	41997999	22
chr16	41998000	41998999	4
chr16	41999000	41999999	14
chr16	42000000	42000999	10
chr16	42001000	42001999	25
chr16	42002000	42002999	6
chr16	42003000	42003999	25
chr16	42004000	42004999	0
chr16	42005000	42005999	2
chr16	42006000	42006999	21
chr16	42007000	42007999	16
chr16	42008000	42008999	13
chr16	42009000	42009999	1
chr16	42010000	42010999	4
chr16	42011000	42011999	0
chr16	42012000	42012999	7
chr16	42013000	42013999	10
chr16	42014000	42014999	16
chr16	42015000	42015999	15
chr16	42016000	42016999	16
chr16	42017000	42017999	15
chr16	42018000	42018999	0
chr16	42019000	42019999	14
chr16	42020000	42020999	18
chr16	42021000	42021999	9
chr16	42022000	42022999	14
chr16	42023000	42023999	3
chr16	42024000	42024999	0
chr16	42025000	42025999	3
chr16	42026000	42026999	11
chr16	42027000	42027999	7
chr16	42028000	42028999	0
chr16	42029000	42029999	29
chr16	42030000	42030999	16
chr16	42031000	42031999	0
chr16	42032000	42032999	13
chr16	42033000	42033999	14
chr16	42034000	42034999	11
chr16	42035000	42035999	13
chr16	42036000	42036999	9
chr16	42037000	42037999	20
chr16	42038000	42038999	8
chr16	42039000	42039999	17
chr16	42040000	42040999	5
chr16	42041000	42041999	3
chr16	42042000	42042999	8
chr16	42043000	42043999	7
chr16	42044000	42044999	8
chr16	42045000	42045999	8
chr16	42046000	42046999	29
chr16	42047000	42047999	7
chr16	42048000	42048999	2
chr16	42049000	42049999	8
chr16	42050000	42050999	11
chr16	42051000	42051999	0
chr16	42052000	42052999	6
chr16	42053000	42053999	15
chr16	42054000	42054999	9
chr16	42055000	42055999	18
chr16	42056000	42056999	0
chr16	42057000	42057999	2
chr16	42058000	42058999	18
chr16	42059000	42059999	2
chr16	42060000	42060999	3
chr16	42061000	42061999	5
chr16	42062000	42062999	3
chr16	42063000	42063999	7
chr16	42064000	42064999	5
chr16	42065000	42065999	6
chr16	42066000	42066999	16
chr16	42067000	42067999	3
chr16	42068000	42068999	15
chr16	42069000	42069999	19
chr16	42070000	42070999	27
chr16	42071000	42071999	11
chr16	42072000	42072999	20
chr16	42073000	42073999	10
chr16	42074000	42074999	0
chr16	42075000	42075999	15
chr16	42076000	42076999	7
chr16	42077000	42077999	0
chr16	42078000	42078999	12
chr16	42079000	42079999	5
chr16	42080000	42080999	10
chr16	42081000	42081999	0
chr16	42082000	42082999	8
chr16	42083000	42083999	0
chr16	42084000	42084999	0
chr16	42085000	42085999	6
chr16	42086000	42086999	4
chr16	42087000	42087999	37
chr16	42088000	42088999	7
chr16	42089000	42089999	9
chr16	42090000	42090999	9
chr16	42091000	42091999	2
chr16	42092000	42092999	2
chr16	42093000	42093999	4
chr16	42094000	42094999	11
chr16	42095000	42095999	15
chr16	42096000	42096999	13
chr16	42097000	42097999	6
chr16	42098000	42098999	4
chr16	42099000	42099999	9
chr16	42100000	42100999	18
chr16	42101000	42101999	0
chr16	42102000	42102999	4
chr16	42103000	42103999	7
chr16	42104000	42104999	0
chr16	42105000	42105999	0
chr16	42106000	42106999	7
chr16	42107000	42107999	4
chr16	42108000	42108999	5
chr16	42109000	42109999	17
chr16	42110000	42110999	11
chr16	42111000	42111999	5
chr16	42112000	42112999	25
chr16	42113000	42113999	3
chr16	42114000	42114999	0
chr16	42115000	42115999	0
chr16	42116000	42116999	20
chr16	42117000	42117999	6
chr16	42118000	42118999	14
chr16	42119000	42119999	13
chr16	42120000	42120999	7
chr16	42121000	42121999	21
chr16	42122000	42122999	12
chr16	42123000	42123999	7
chr16	42124000	42124999	19
chr16	42125000	42125999	0
chr16	42126000	42126999	2
chr16	42127000	42127999	8
chr16	42128000	42128999	3
chr16	42129000	42129999	2
chr16	42130000	42130999	2
chr16	42131000	42131999	23
chr16	42132000	42132999	29
chr16	42133000	42133999	13
chr16	42134000	42134999	1
chr16	42135000	42135999	9
chr16	42136000	42136999	0
chr16	42137000	42137999	15
chr16	42138000	42138999	0
chr16	42139000	42139999	12
chr16	42140000	42140999	10
chr16	42141000	42141999	4
chr16	42142000	42142999	9
chr16	42143000	42143999	5
chr16	42144000	42144999	7
chr16	42145000	42145999	10
chr16	42146000	42146999	30
chr16	42147000	42147999	12
chr16	42148000	42148999	0
chr16	42149000	42149999	0
chr16	42150000	42150999	3
chr16	42151000	42151999	11
chr16	42152000	42152999	14
chr16	42153000	42153999	4
chr16	42154000	42154999	21
chr16	42155000	42155999	0
chr16	42156000	42156999	24
chr16	42157000	42157999	4
chr16	42158000	42158999	3
chr16	42159000	42159999	7
chr16	42160000	42160999	17
chr16	42161000	42161999	14
chr16	42162000	42162999	5
chr16	42163000	42163999	7
chr16	42164000	42164999	6
chr16	42165000	42165999	34
chr16	42166000	42166999	24
chr16	42167000	42167999	3
chr16	42168000	42168999	40
chr16	42169000	42169999	28
chr16	42170000	42170999	10
chr16	42171000	42171999	11
chr16	42172000	42172999	10
chr16	42173000	42173999	27
chr16	42174000	42174999	3
chr16	42175000	42175999	15
chr16	42176000	42176999	11
chr16	42177000	42177999	4
chr16	42178000	42178999	6
chr16	42179000	42179999	21
chr16	42180000	42180999	28
chr16	42181000	42181999	0
chr16	42182000	42182999	9
chr16	42183000	42183999	0
chr16	42184000	42184999	6
chr16	42185000	42185999	18
chr16	42186000	42186999	0
chr16	42187000	42187999	23
chr16	42188000	42188999	24
chr16	42189000	42189999	9
chr16	42190000	42190999	46
chr16	42191000	42191999	21
chr16	42192000	42192999	2
chr16	42193000	42193999	0
chr16	42194000	42194999	14
chr16	42195000	42195999	0
chr16	42196000	42196999	7
chr16	42197000	42197999	1
chr16	42198000	42198999	12
chr16	42199000	42199999	0
chr16	42200000	42200999	11
chr16	42201000	42201999	8
chr16	42202000	42202999	2
chr16	42203000	42203999	3
chr16	42204000	42204999	12
chr16	42205000	42205999	4
chr16	42206000	42206999	4
chr16	42207000	42207999	15
chr16	42208000	42208999	3
chr16	42209000	42209999	11
chr16	42210000	42210999	9
chr16	42211000	42211999	0
chr16	42212000	42212999	0
chr16	42213000	42213999	0
chr16	42214000	42214999	0
chr16	42215000	42215999	12
chr16	42216000	42216999	22
chr16	42217000	42217999	0
chr16	42218000	42218999	17
chr16	42219000	42219999	4
chr16	42220000	42220999	24
chr16	42221000	42221999	11
chr16	42222000	42222999	9
chr16	42223000	42223999	0
chr16	42224000	42224999	13
chr16	42225000	42225999	6
chr16	42226000	42226999	8
chr16	42227000	42227999	16
chr16	42228000	42228999	26
chr16	42229000	42229999	24
chr16	42230000	42230999	9
chr16	42231000	42231999	5
chr16	42232000	42232999	3
chr16	42233000	42233999	19
chr16	42234000	42234999	2
chr16	42235000	42235999	6
chr16	42236000	42236999	2
chr16	42237000	42237999	15
chr16	42238000	42238999	6
chr16	42239000	42239999	0
chr16	42240000	42240999	7
chr16	42241000	42241999	5
chr16	42242000	42242999	0
chr16	42243000	42243999	9
chr16	42244000	42244999	12
chr16	42245000	42245999	22
chr16	42246000	42246999	0
chr16	42247000	42247999	4
chr16	42248000	42248999	0
chr16	42249000	42249999	17
chr16	42250000	42250999	11
chr16	42251000	42251999	0
chr16	42252000	42252999	5
chr16	42253000	42253999	7
chr16	42254000	42254999	7
chr16	42255000	42255999	20
chr16	42256000	42256999	48
chr16	42257000	42257999	2
chr16	42258000	42258999	3
chr16	42259000	42259999	8
chr16	42260000	42260999	0
chr16	42261000	42261999	3
chr16	42262000	42262999	4
chr16	42263000	42263999	18
chr16	42264000	42264999	7
chr16	42265000	42265999	19
chr16	42266000	42266999	0
chr16	42267000	42267999	1
chr16	42268000	42268999	1
chr16	42269000	42269999	3
chr16	42270000	42270999	2
chr16	42271000	42271999	14
chr16	42272000	42272999	15
chr16	42273000	42273999	26
chr16	42274000	42274999	4
chr16	42275000	42275999	0
chr16	42276000	42276999	25
chr16	42277000	42277999	6
chr16	42278000	42278999	22
chr16	42279000	42279999	19
chr16	42280000	42280999	4
chr16	42281000	42281999	13
chr16	42282000	42282999	4
chr16	42283000	42283999	9
chr16	42284000	42284999	4
chr16	42285000	42285999	14
chr16	42286000	42286999	12
chr16	42287000	42287999	20
chr16	42288000	42288999	15
chr16	42289000	42289999	9
chr16	42290000	42290999	5
chr16	42291000	42291999	7
chr16	42292000	42292999	10
chr16	42293000	42293999	19
chr16	42294000	42294999	0
chr16	42295000	42295999	14
chr16	42296000	42296999	0
chr16	42297000	42297999	38
chr16	42298000	42298999	7
chr16	42299000	42299999	2
chr16	42300000	42300999	18
chr16	42301000	42301999	11
chr16	42302000	42302999	0
chr16	42303000	42303999	31
chr16	42304000	42304999	7
chr16	42305000	42305999	7
chr16	42306000	42306999	4
chr16	42307000	42307999	2
chr16	42308000	42308999	19
chr16	42309000	42309999	7
chr16	42310000	42310999	6
chr16	42311000	42311999	21
chr16	42312000	42312999	3
chr16	42313000	42313999	18
chr16	42314000	42314999	0
chr16	42315000	42315999	0
chr16	42316000	42316999	9
chr16	42317000	42317999	8
chr16	42318000	42318999	0
chr16	42319000	42319999	37
chr16	42320000	42320999	9
chr16	42321000	42321999	2
chr16	42322000	42322999	14
chr16	42323000	42323999	11
chr16	42324000	42324999	14
chr16	42325000	42325999	10
chr16	42326000	42326999	0
chr16	42327000	42327999	8
chr16	42328000	42328999	7
chr16	42329000	42329999	33
chr16	42330000	42330999	0
chr16	42331000	42331999	2
chr16	42332000	42332999	18
chr16	42333000	42333999	4
chr16	42334000	42334999	25
chr16	42335000	42335999	11
chr16	42336000	42336999	12
chr16	42337000	42337999	7
chr16	42338000	42338999	6
chr16	42339000	42339999	6
chr16	42340000	42340999	0
chr16	42341000	42341999	3
chr16	42342000	42342999	13
chr16	42343000	42343999	14
chr16	42344000	42344999	4
chr16	42345000	42345999	0
chr16	42346000	42346999	14
chr16	42347000	42347999	0
chr16	42348000	42348999	6
chr16	42349000	42349999	0
chr16	42350000	42350999	8
chr16	42351000	42351999	11
chr16	42352000	42352999	68
chr16	42353000	42353999	14
chr16	42354000	42354999	20
chr16	42355000	42355999	21
chr16	42356000	42356999	14
chr16	42357000	42357999	7
chr16	42358000	42358999	5
chr16	42359000	42359999	0
chr16	42360000	42360999	3
chr16	42361000	42361999	9
chr16	42362000	42362999	0
chr16	42363000	42363999	7
chr16	42364000	42364999	13
chr16	42365000	42365999	0
chr16	42366000	42366999	32
chr16	42367000	42367999	28
chr16	42368000	42368999	15
chr16	42369000	42369999	4
chr16	42370000	42370999	0
chr16	42371000	42371999	1
chr16	42372000	42372999	7
chr16	42373000	42373999	0
chr16	42374000	42374999	19
chr16	42375000	42375999	0
chr16	42376000	42376999	13
chr16	42377000	42377999	10
chr16	42378000	42378999	4
chr16	42379000	42379999	22
chr16	42380000	42380999	8
chr16	42381000	42381999	5
chr16	42382000	42382999	23
chr16	42383000	42383999	0
chr16	42384000	42384999	0
chr16	42385000	42385999	17
chr16	42386000	42386999	11
chr16	42387000	42387999	13
chr16	42388000	42388999	2
chr16	42389000	42389999	5
chr16	42390000	42390999	21
chr16	42391000	42391999	3
chr16	42392000	42392999	17
chr16	42393000	42393999	5
chr16	42394000	42394999	4
chr16	42395000	42395999	23
chr16	42396000	42396999	9
chr16	42397000	42397999	13
chr16	42398000	42398999	23
chr16	42399000	42399999	17
chr16	42400000	42400999	1
chr16	42401000	42401999	3
chr16	42402000	42402999	12
chr16	42403000	42403999	3
chr16	42404000	42404999	19
chr16	42405000	42405999	14
chr16	42406000	42406999	11
chr16	42407000	42407999	0
chr16	42408000	42408999	0
chr16	42409000	42409999	22
chr16	42410000	42410999	15
chr16	42411000	42411999	9
chr16	42412000	42412999	4
chr16	42413000	42413999	0
chr16	42414000	42414999	22
chr16	42415000	42415999	8
chr16	42416000	42416999	12
chr16	42417000	42417999	1
chr16	42418000	42418999	16
chr16	42419000	42419999	7
chr16	42420000	42420999	19
chr16	42421000	42421999	10
chr16	42422000	42422999	16
chr16	42423000	42423999	4
chr16	42424000	42424999	3
chr16	42425000	42425999	5
chr16	42426000	42426999	0
chr16	42427000	42427999	5
chr16	42428000	42428999	3
chr16	42429000	42429999	6
chr16	42430000	42430999	21
chr16	42431000	42431999	0
chr16	42432000	42432999	8
chr16	42433000	42433999	0
chr16	42434000	42434999	0
chr16	42435000	42435999	18
chr16	42436000	42436999	15
chr16	42437000	42437999	25
chr16	42438000	42438999	24
chr16	42439000	42439999	13
chr16	42440000	42440999	2
chr16	42441000	42441999	12
chr16	42442000	42442999	15
chr16	42443000	42443999	15
chr16	42444000	42444999	0
chr16	42445000	42445999	12
chr16	42446000	42446999	2
chr16	42447000	42447999	26
chr16	42448000	42448999	0
chr16	42449000	42449999	11
chr16	42450000	42450999	0
chr16	42451000	42451999	0
chr16	42452000	42452999	10
chr16	42453000	42453999	13
chr16	42454000	42454999	38
chr16	42455000	42455999	0
chr16	42456000	42456999	3
chr16	42457000	42457999	0
chr16	42458000	42458999	11
chr16	42459000	42459999	7
chr16	42460000	42460999	29
chr16	42461000	42461999	8
chr16	42462000	42462999	14
chr16	42463000	42463999	8
chr16	42464000	42464999	0
chr16	42465000	42465999	11
chr16	42466000	42466999	2
chr16	42467000	42467999	19
chr16	42468000	42468999	5
chr16	42469000	42469999	17
chr16	42470000	42470999	15
chr16	42471000	42471999	4
chr16	42472000	42472999	10
chr16	42473000	42473999	6
chr16	42474000	42474999	7
chr16	42475000	42475999	0
chr16	42476000	42476999	2
chr16	42477000	42477999	5
chr16	42478000	42478999	8
chr16	42479000	42479999	12
chr16	42480000	42480999	15
chr16	42481000	42481999	4
chr16	42482000	42482999	17
chr16	42483000	42483999	15
chr16	42484000	42484999	32
chr16	42485000	42485999	6
chr16	42486000	42486999	4
chr16	42487000	42487999	31
chr16	42488000	42488999	11
chr16	42489000	42489999	2
chr16	42490000	42490999	2
chr16	42491000	42491999	33
chr16	42492000	42492999	13
chr16	42493000	42493999	30
chr16	42494000	42494999	8
chr16	42495000	42495999	4
chr16	42496000	42496999	0
chr16	42497000	42497999	5
chr16	42498000	42498999	8
chr16	42499000	42499999	0
chr16	42500000	42500999	0
chr16	42501000	42501999	0
chr16	42502000	42502999	14
chr16	42503000	42503999	9
chr16	42504000	42504999	16
chr16	42505000	42505999	17
chr16	42506000	42506999	11
chr16	42507000	42507999	7
chr16	42508000	42508999	5
chr16	42509000	42509999	7
chr16	42510000	42510999	10
chr16	42511000	42511999	14
chr16	42512000	42512999	0
chr16	42513000	42513999	2
chr16	42514000	42514999	6
chr16	42515000	42515999	8
chr16	42516000	42516999	4
chr16	42517000	42517999	29
chr16	42518000	42518999	21
chr16	42519000	42519999	44
chr16	42520000	42520999	4
chr16	42521000	42521999	21
chr16	42522000	42522999	2
chr16	42523000	42523999	46
chr16	42524000	42524999	10
chr16	42525000	42525999	0
chr16	42526000	42526999	3
chr16	42527000	42527999	7
chr16	42528000	42528999	24
chr16	42529000	42529999	12
chr16	42530000	42530999	3
chr16	42531000	42531999	5
chr16	42532000	42532999	5
chr16	42533000	42533999	23
chr16	42534000	42534999	0
chr16	42535000	42535999	38
chr16	42536000	42536999	15
chr16	42537000	42537999	0
chr16	42538000	42538999	8
chr16	42539000	42539999	8
chr16	42540000	42540999	0
chr16	42541000	42541999	4
chr16	42542000	42542999	17
chr16	42543000	42543999	23
chr16	42544000	42544999	16
chr16	42545000	42545999	11
chr16	42546000	42546999	1
chr16	42547000	42547999	0
chr16	42548000	42548999	4
chr16	42549000	42549999	17
chr16	42550000	42550999	8
chr16	42551000	42551999	4
chr16	42552000	42552999	25
chr16	42553000	42553999	9
chr16	42554000	42554999	2
chr16	42555000	42555999	0
chr16	42556000	42556999	2
chr16	42557000	42557999	7
chr16	42558000	42558999	10
chr16	42559000	42559999	0
chr16	42560000	42560999	0
chr16	42561000	42561999	2
chr16	42562000	42562999	6
chr16	42563000	42563999	23
chr16	42564000	42564999	8
chr16	42565000	42565999	20
chr16	42566000	42566999	3
chr16	42567000	42567999	4
chr16	42568000	42568999	0
chr16	42569000	42569999	0
chr16	42570000	42570999	7
chr16	42571000	42571999	9
chr16	42572000	42572999	25
chr16	42573000	42573999	19
chr16	42574000	42574999	0
chr16	42575000	42575999	13
chr16	42576000	42576999	33
chr16	42577000	42577999	6
chr16	42578000	42578999	2
chr16	42579000	42579999	0
chr16	42580000	42580999	3
chr16	42581000	42581999	0
chr16	42582000	42582999	2
chr16	42583000	42583999	0
chr16	42584000	42584999	0
chr16	42585000	42585999	0
chr16	42586000	42586999	13
chr16	42587000	42587999	14
chr16	42588000	42588999	0
chr16	42589000	42589999	18
chr16	42590000	42590999	25
chr16	42591000	42591999	12
chr16	42592000	42592999	16
chr16	42593000	42593999	5
chr16	42594000	42594999	28
chr16	42595000	42595999	4
chr16	42596000	42596999	6
chr16	42597000	42597999	0
chr16	42598000	42598999	9
chr16	42599000	42599999	6
chr16	42600000	42600999	9
chr16	42601000	42601999	14
chr16	42602000	42602999	5
chr16	42603000	42603999	7
chr16	42604000	42604999	9
chr16	42605000	42605999	7
chr16	42606000	42606999	9
chr16	42607000	42607999	18
chr16	42608000	42608999	0
chr16	42609000	42609999	59
chr16	42610000	42610999	8
chr16	42611000	42611999	16
chr16	42612000	42612999	5
chr16	42613000	42613999	8
chr16	42614000	42614999	3
chr16	42615000	42615999	17
chr16	42616000	42616999	23
chr16	42617000	42617999	12
chr16	42618000	42618999	36
chr16	42619000	42619999	0
chr16	42620000	42620999	10
chr16	42621000	42621999	9
chr16	42622000	42622999	16
chr16	42623000	42623999	14
chr16	42624000	42624999	3
chr16	42625000	42625999	0
chr16	42626000	42626999	6
chr16	42627000	42627999	10
chr16	42628000	42628999	11
chr16	42629000	42629999	22
chr16	42630000	42630999	3
chr16	42631000	42631999	7
chr16	42632000	42632999	10
chr16	42633000	42633999	5
chr16	42634000	42634999	9
chr16	42635000	42635999	10
chr16	42636000	42636999	3
chr16	42637000	42637999	0
chr16	42638000	42638999	38
chr16	42639000	42639999	7
chr16	42640000	42640999	18
chr16	42641000	42641999	0
chr16	42642000	42642999	20
chr16	42643000	42643999	9
chr16	42644000	42644999	5
chr16	42645000	42645999	1
chr16	42646000	42646999	16
chr16	42647000	42647999	25
chr16	42648000	42648999	15
chr16	42649000	42649999	2
chr16	42650000	42650999	26
chr16	42651000	42651999	1
chr16	42652000	42652999	14
chr16	42653000	42653999	19
chr16	42654000	42654999	1
chr16	42655000	42655999	0
chr16	42656000	42656999	4
chr16	42657000	42657999	3
chr16	42658000	42658999	5
chr16	42659000	42659999	7
chr16	42660000	42660999	0
chr16	42661000	42661999	0
chr16	42662000	42662999	2
chr16	42663000	42663999	0
chr16	42664000	42664999	3
chr16	42665000	42665999	9
chr16	42666000	42666999	4
chr16	42667000	42667999	7
chr16	42668000	42668999	6
chr16	42669000	42669999	3
chr16	42670000	42670999	0
chr16	42671000	42671999	1
chr16	42672000	42672999	17
chr16	42673000	42673999	6
chr16	42674000	42674999	25
chr16	42675000	42675999	24
chr16	42676000	42676999	0
chr16	42677000	42677999	20
chr16	42678000	42678999	15
chr16	42679000	42679999	11
chr16	42680000	42680999	6
chr16	42681000	42681999	0
chr16	42682000	42682999	5
chr16	42683000	42683999	8
chr16	42684000	42684999	6
chr16	42685000	42685999	28
chr16	42686000	42686999	0
chr16	42687000	42687999	0
chr16	42688000	42688999	0
chr16	42689000	42689999	9
chr16	42690000	42690999	14
chr16	42691000	42691999	1
chr16	42692000	42692999	0
chr16	42693000	42693999	0
chr16	42694000	42694999	7
chr16	42695000	42695999	5
chr16	42696000	42696999	12
chr16	42697000	42697999	0
chr16	42698000	42698999	19
chr16	42699000	42699999	12
chr16	42700000	42700999	8
chr16	42701000	42701999	0
chr16	42702000	42702999	18
chr16	42703000	42703999	0
chr16	42704000	42704999	0
chr16	42705000	42705999	3
chr16	42706000	42706999	7
chr16	42707000	42707999	23
chr16	42708000	42708999	6
chr16	42709000	42709999	7
chr16	42710000	42710999	4
chr16	42711000	42711999	16
chr16	42712000	42712999	28
chr16	42713000	42713999	4
chr16	42714000	42714999	1
chr16	42715000	42715999	5
chr16	42716000	42716999	5
chr16	42717000	42717999	3
chr16	42718000	42718999	9
chr16	42719000	42719999	0
chr16	42720000	42720999	11
chr16	42721000	42721999	0
chr16	42722000	42722999	0
chr16	42723000	42723999	5
chr16	42724000	42724999	15
chr16	42725000	42725999	19
chr16	42726000	42726999	0
chr16	42727000	42727999	7
chr16	42728000	42728999	0
chr16	42729000	42729999	0
chr16	42730000	42730999	9
chr16	42731000	42731999	9
chr16	42732000	42732999	5
chr16	42733000	42733999	4
chr16	42734000	42734999	0
chr16	42735000	42735999	7
chr16	42736000	42736999	15
chr16	42737000	42737999	2
chr16	42738000	42738999	6
chr16	42739000	42739999	0
chr16	42740000	42740999	10
chr16	42741000	42741999	15
chr16	42742000	42742999	0
chr16	42743000	42743999	5
chr16	42744000	42744999	0
chr16	42745000	42745999	12
chr16	42746000	42746999	9
chr16	42747000	42747999	16
chr16	42748000	42748999	5
chr16	42749000	42749999	0
chr16	42750000	42750999	11
chr16	42751000	42751999	11
chr16	42752000	42752999	15
chr16	42753000	42753999	16
chr16	42754000	42754999	1
chr16	42755000	42755999	0
chr16	42756000	42756999	0
chr16	42757000	42757999	0
chr16	42758000	42758999	19
chr16	42759000	42759999	11
chr16	42760000	42760999	2
chr16	42761000	42761999	8
chr16	42762000	42762999	15
chr16	42763000	42763999	7
chr16	42764000	42764999	1
chr16	42765000	42765999	6
chr16	42766000	42766999	9
chr16	42767000	42767999	5
chr16	42768000	42768999	28
chr16	42769000	42769999	8
chr16	42770000	42770999	10
chr16	42771000	42771999	20
chr16	42772000	42772999	17
chr16	42773000	42773999	2
chr16	42774000	42774999	0
chr16	42775000	42775999	0
chr16	42776000	42776999	0
chr16	42777000	42777999	0
chr16	42778000	42778999	0
chr16	42779000	42779999	7
chr16	42780000	42780999	9
chr16	42781000	42781999	3
chr16	42782000	42782999	21
chr16	42783000	42783999	5
chr16	42784000	42784999	18
chr16	42785000	42785999	8
chr16	42786000	42786999	23
chr16	42787000	42787999	11
chr16	42788000	42788999	0
chr16	42789000	42789999	18
chr16	42790000	42790999	9
chr16	42791000	42791999	16
chr16	42792000	42792999	14
chr16	42793000	42793999	11
chr16	42794000	42794999	3
chr16	42795000	42795999	9
chr16	42796000	42796999	8
chr16	42797000	42797999	2
chr16	42798000	42798999	0
chr16	42799000	42799999	13
chr16	42800000	42800999	0
chr16	42801000	42801999	9
chr16	42802000	42802999	4
chr16	42803000	42803999	10
chr16	42804000	42804999	3
chr16	42805000	42805999	6
chr16	42806000	42806999	0
chr16	42807000	42807999	10
chr16	42808000	42808999	9
chr16	42809000	42809999	20
chr16	42810000	42810999	15
chr16	42811000	42811999	0
chr16	42812000	42812999	5
chr16	42813000	42813999	0
chr16	42814000	42814999	0
chr16	42815000	42815999	0
chr16	42816000	42816999	0
chr16	42817000	42817999	0
chr16	42818000	42818999	1
chr16	42819000	42819999	0
chr16	42820000	42820999	0
chr16	42821000	42821999	5
chr16	42822000	42822999	3
chr16	42823000	42823999	1
chr16	42824000	42824999	2
chr16	42825000	42825999	6
chr16	42826000	42826999	0
chr16	42827000	42827999	1
chr16	42828000	42828999	16
chr16	42829000	42829999	0
chr16	42830000	42830999	7
chr16	42831000	42831999	0
chr16	42832000	42832999	6
chr16	42833000	42833999	4
chr16	42834000	42834999	0
chr16	42835000	42835999	2
chr16	42836000	42836999	45
chr16	42837000	42837999	21
chr16	42838000	42838999	20
chr16	42839000	42839999	12
chr16	42840000	42840999	12
chr16	42841000	42841999	13
chr16	42842000	42842999	19
chr16	42843000	42843999	0
chr16	42844000	42844999	7
chr16	42845000	42845999	0
chr16	42846000	42846999	0
chr16	42847000	42847999	5
chr16	42848000	42848999	0
chr16	42849000	42849999	0
chr16	42850000	42850999	0
chr16	42851000	42851999	0
chr16	42852000	42852999	0
chr16	42853000	42853999	0
chr16	42854000	42854999	5
chr16	42855000	42855999	7
chr16	42856000	42856999	0
chr16	42857000	42857999	4
chr16	42858000	42858999	6
chr16	42859000	42859999	8
chr16	42860000	42860999	6
chr16	42861000	42861999	14
chr16	42862000	42862999	0
chr16	42863000	42863999	29
chr16	42864000	42864999	10
chr16	42865000	42865999	15
chr16	42866000	42866999	0
chr16	42867000	42867999	0
chr16	42868000	42868999	0
chr16	42869000	42869999	0
chr16	42870000	42870999	2
chr16	42871000	42871999	11
chr16	42872000	42872999	0
chr16	42873000	42873999	2
chr16	42874000	42874999	58
chr16	42875000	42875999	465
chr16	42876000	42876999	35
chr16	42877000	42877999	12
chr16	42878000	42878999	0
chr16	42879000	42879999	4
chr16	42880000	42880999	24
chr16	42881000	42881999	9
chr16	42882000	42882999	6
chr16	42883000	42883999	10
chr16	42884000	42884999	0
chr16	42885000	42885999	0
chr16	42886000	42886999	1
chr16	42887000	42887999	13
chr16	42888000	42888999	19
chr16	42889000	42889999	0
chr16	42890000	42890999	0
chr16	42891000	42891999	17
chr16	42892000	42892999	14
chr16	42893000	42893999	8
chr16	42894000	42894999	4
chr16	42895000	42895999	6
chr16	42896000	42896999	18
chr16	42897000	42897999	41
chr16	42898000	42898999	11
chr16	42899000	42899999	9
chr16	42900000	42900999	4
chr16	42901000	42901999	17
chr16	42902000	42902999	0
chr16	42903000	42903999	19
chr16	42904000	42904999	13
chr16	42905000	42905999	10
chr16	42906000	42906999	24
chr16	42907000	42907999	60
chr16	42908000	42908999	14
chr16	42909000	42909999	27
chr16	42910000	42910999	74
chr16	42911000	42911999	6
chr16	42912000	42912999	25
chr16	42913000	42913999	27
chr16	42914000	42914999	39
chr16	42915000	42915999	0
chr16	42916000	42916999	8
chr16	42917000	42917999	6
chr16	42918000	42918999	0
chr16	42919000	42919999	22
chr16	42920000	42920999	17
chr16	42921000	42921999	0
chr16	42922000	42922999	8
chr16	42923000	42923999	13
chr16	42924000	42924999	4
chr16	42925000	42925999	0
chr16	42926000	42926999	0
chr16	42927000	42927999	32
chr16	42928000	42928999	23
chr16	42929000	42929999	11
chr16	42930000	42930999	3
chr16	42931000	42931999	13
chr16	42932000	42932999	0
chr16	42933000	42933999	7
chr16	42934000	42934999	0
chr16	42935000	42935999	0
chr16	42936000	42936999	1
chr16	42937000	42937999	9
chr16	42938000	42938999	15
chr16	42939000	42939999	10
chr16	42940000	42940999	0
chr16	42941000	42941999	25
chr16	42942000	42942999	3
chr16	42943000	42943999	4
chr16	42944000	42944999	4
chr16	42945000	42945999	0
chr16	42946000	42946999	28
chr16	42947000	42947999	47
chr16	42948000	42948999	0
chr16	42949000	42949999	2
chr16	42950000	42950999	15
chr16	42951000	42951999	16
chr16	42952000	42952999	10
chr16	42953000	42953999	5
chr16	42954000	42954999	15
chr16	42955000	42955999	7
chr16	42956000	42956999	17
chr16	42957000	42957999	4
chr16	42958000	42958999	4
chr16	42959000	42959999	8
chr16	42960000	42960999	6
chr16	42961000	42961999	0
chr16	42962000	42962999	10
chr16	42963000	42963999	1
chr16	42964000	42964999	0
chr16	42965000	42965999	0
chr16	42966000	42966999	0
chr16	42967000	42967999	6
chr16	42968000	42968999	17
chr16	42969000	42969999	5
chr16	42970000	42970999	18
chr16	42971000	42971999	0
chr16	42972000	42972999	0
chr16	42973000	42973999	13
chr16	42974000	42974999	19
chr16	42975000	42975999	0
chr16	42976000	42976999	4
chr16	42977000	42977999	3
chr16	42978000	42978999	14
chr16	42979000	42979999	0
chr16	42980000	42980999	0
chr16	42981000	42981999	0
chr16	42982000	42982999	0
chr16	42983000	42983999	0
chr16	42984000	42984999	0
chr16	42985000	42985999	0
chr16	42986000	42986999	0
chr16	42987000	42987999	4
chr16	42988000	42988999	6
chr16	42989000	42989999	17
chr16	42990000	42990999	0
chr16	42991000	42991999	2
chr16	42992000	42992999	0
chr16	42993000	42993999	37
chr16	42994000	42994999	1
chr16	42995000	42995999	0
chr16	42996000	42996999	16
chr16	42997000	42997999	7
chr16	42998000	42998999	0
chr16	42999000	42999999	8
chr16	43000000	43000999	9
chr16	43001000	43001999	6
chr16	43002000	43002999	7
chr16	43003000	43003999	0
chr16	43004000	43004999	9
chr16	43005000	43005999	0
chr16	43006000	43006999	15
chr16	43007000	43007999	12
chr16	43008000	43008999	0
chr16	43009000	43009999	5
chr16	43010000	43010999	5
chr16	43011000	43011999	6
chr16	43012000	43012999	4
chr16	43013000	43013999	0
chr16	43014000	43014999	0
chr16	43015000	43015999	16
chr16	43016000	43016999	10
chr16	43017000	43017999	0
chr16	43018000	43018999	10
chr16	43019000	43019999	0
chr16	43020000	43020999	4
chr16	43021000	43021999	26
chr16	43022000	43022999	0
chr16	43023000	43023999	8
chr16	43024000	43024999	10
chr16	43025000	43025999	7
chr16	43026000	43026999	6
chr16	43027000	43027999	17
chr16	43028000	43028999	9
chr16	43029000	43029999	34
chr16	43030000	43030999	9
chr16	43031000	43031999	5
chr16	43032000	43032999	0
chr16	43033000	43033999	3
chr16	43034000	43034999	2
chr16	43035000	43035999	8
chr16	43036000	43036999	9
chr16	43037000	43037999	2
chr16	43038000	43038999	6
chr16	43039000	43039999	11
chr16	43040000	43040999	9
chr16	43041000	43041999	5
chr16	43042000	43042999	11
chr16	43043000	43043999	0
chr16	43044000	43044999	1
chr16	43045000	43045999	7
chr16	43046000	43046999	35
chr16	43047000	43047999	49
chr16	43048000	43048999	1
chr16	43049000	43049999	0
chr16	43050000	43050999	0
chr16	43051000	43051999	14
chr16	43052000	43052999	7
chr16	43053000	43053999	15
chr16	43054000	43054999	1
chr16	43055000	43055999	20
chr16	43056000	43056999	3
chr16	43057000	43057999	9
chr16	43058000	43058999	20
chr16	43059000	43059999	18
chr16	43060000	43060999	0
chr16	43061000	43061999	28
chr16	43062000	43062999	9
chr16	43063000	43063999	11
chr16	43064000	43064999	0
chr16	43065000	43065999	21
chr16	43066000	43066999	0
chr16	43067000	43067999	16
chr16	43068000	43068999	3
chr16	43069000	43069999	8
chr16	43070000	43070999	11
chr16	43071000	43071999	5
chr16	43072000	43072999	8
chr16	43073000	43073999	22
chr16	43074000	43074999	9
chr16	43075000	43075999	22
chr16	43076000	43076999	22
chr16	43077000	43077999	7
chr16	43078000	43078999	9
chr16	43079000	43079999	0
chr16	43080000	43080999	9
chr16	43081000	43081999	12
chr16	43082000	43082999	4
chr16	43083000	43083999	14
chr16	43084000	43084999	10
chr16	43085000	43085999	10
chr16	43086000	43086999	0
chr16	43087000	43087999	0
chr16	43088000	43088999	0
chr16	43089000	43089999	0
chr16	43090000	43090999	7
chr16	43091000	43091999	1
chr16	43092000	43092999	0
chr16	43093000	43093999	0
chr16	43094000	43094999	13
chr16	43095000	43095999	0
chr16	43096000	43096999	10
chr16	43097000	43097999	11
chr16	43098000	43098999	0
chr16	43099000	43099999	2
chr16	43100000	43100999	4
chr16	43101000	43101999	9
chr16	43102000	43102999	20
chr16	43103000	43103999	28
chr16	43104000	43104999	27
chr16	43105000	43105999	32
chr16	43106000	43106999	10
chr16	43107000	43107999	5
chr16	43108000	43108999	19
chr16	43109000	43109999	14
chr16	43110000	43110999	0
chr16	43111000	43111999	11
chr16	43112000	43112999	9
chr16	43113000	43113999	11
chr16	43114000	43114999	0
chr16	43115000	43115999	12
chr16	43116000	43116999	8
chr16	43117000	43117999	7
chr16	43118000	43118999	4
chr16	43119000	43119999	21
chr16	43120000	43120999	4
chr16	43121000	43121999	5
chr16	43122000	43122999	4
chr16	43123000	43123999	6
chr16	43124000	43124999	5
chr16	43125000	43125999	2
chr16	43126000	43126999	8
chr16	43127000	43127999	1
chr16	43128000	43128999	4
chr16	43129000	43129999	15
chr16	43130000	43130999	51
chr16	43131000	43131999	8
chr16	43132000	43132999	4
chr16	43133000	43133999	0
chr16	43134000	43134999	0
chr16	43135000	43135999	19
chr16	43136000	43136999	9
chr16	43137000	43137999	0
chr16	43138000	43138999	0
chr16	43139000	43139999	0
chr16	43140000	43140999	0
chr16	43141000	43141999	0
chr16	43142000	43142999	0
chr16	43143000	43143999	1
chr16	43144000	43144999	38
chr16	43145000	43145999	9
chr16	43146000	43146999	12
chr16	43147000	43147999	8
chr16	43148000	43148999	0
chr16	43149000	43149999	0
chr16	43150000	43150999	0
chr16	43151000	43151999	0
chr16	43152000	43152999	13
chr16	43153000	43153999	0
chr16	43154000	43154999	3
chr16	43155000	43155999	0
chr16	43156000	43156999	19
chr16	43157000	43157999	11
chr16	43158000	43158999	15
chr16	43159000	43159999	0
chr16	43160000	43160999	22
chr16	43161000	43161999	8
chr16	43162000	43162999	27
chr16	43163000	43163999	8
chr16	43164000	43164999	14
chr16	43165000	43165999	1
chr16	43166000	43166999	25
chr16	43167000	43167999	0
chr16	43168000	43168999	30
chr16	43169000	43169999	6
chr16	43170000	43170999	9
chr16	43171000	43171999	20
chr16	43172000	43172999	11
chr16	43173000	43173999	15
chr16	43174000	43174999	0
chr16	43175000	43175999	0
chr16	43176000	43176999	8
chr16	43177000	43177999	0
chr16	43178000	43178999	7
chr16	43179000	43179999	3
chr16	43180000	43180999	8
chr16	43181000	43181999	36
chr16	43182000	43182999	20
chr16	43183000	43183999	3
chr16	43184000	43184999	1
chr16	43185000	43185999	9
chr16	43186000	43186999	12
chr16	43187000	43187999	2
chr16	43188000	43188999	4
chr16	43189000	43189999	9
chr16	43190000	43190999	1
chr16	43191000	43191999	6
chr16	43192000	43192999	7
chr16	43193000	43193999	7
chr16	43194000	43194999	7
chr16	43195000	43195999	0
chr16	43196000	43196999	0
chr16	43197000	43197999	0
chr16	43198000	43198999	2
chr16	43199000	43199999	0
chr16	43200000	43200999	6
chr16	43201000	43201999	4
chr16	43202000	43202999	0
chr16	43203000	43203999	0
chr16	43204000	43204999	4
chr16	43205000	43205999	0
chr16	43206000	43206999	0
chr16	43207000	43207999	0
chr16	43208000	43208999	1
chr16	43209000	43209999	6
chr16	43210000	43210999	2
chr16	43211000	43211999	0
chr16	43212000	43212999	5
chr16	43213000	43213999	3
chr16	43214000	43214999	16
chr16	43215000	43215999	18
chr16	43216000	43216999	0
chr16	43217000	43217999	44
chr16	43218000	43218999	34
chr16	43219000	43219999	20
chr16	43220000	43220999	6
chr16	43221000	43221999	17
chr16	43222000	43222999	14
chr16	43223000	43223999	2
chr16	43224000	43224999	10
chr16	43225000	43225999	14
chr16	43226000	43226999	0
chr16	43227000	43227999	8
chr16	43228000	43228999	0
chr16	43229000	43229999	4
chr16	43230000	43230999	15
chr16	43231000	43231999	9
chr16	43232000	43232999	4
chr16	43233000	43233999	5
chr16	43234000	43234999	23
chr16	43235000	43235999	12
chr16	43236000	43236999	19
chr16	43237000	43237999	5
chr16	43238000	43238999	0
chr16	43239000	43239999	1
chr16	43240000	43240999	3
chr16	43241000	43241999	8
chr16	43242000	43242999	17
chr16	43243000	43243999	5
chr16	43244000	43244999	3
chr16	43245000	43245999	18
chr16	43246000	43246999	6
chr16	43247000	43247999	44
chr16	43248000	43248999	0
chr16	43249000	43249999	14
chr16	43250000	43250999	4
chr16	43251000	43251999	0
chr16	43252000	43252999	15
chr16	43253000	43253999	6
chr16	43254000	43254999	0
chr16	43255000	43255999	12
chr16	43256000	43256999	27
chr16	43257000	43257999	1
chr16	43258000	43258999	9
chr16	43259000	43259999	14
chr16	43260000	43260999	0
chr16	43261000	43261999	1
chr16	43262000	43262999	23
chr16	43263000	43263999	0
chr16	43264000	43264999	5
chr16	43265000	43265999	39
chr16	43266000	43266999	0
chr16	43267000	43267999	0
chr16	43268000	43268999	3
chr16	43269000	43269999	8
chr16	43270000	43270999	25
chr16	43271000	43271999	11
chr16	43272000	43272999	0
chr16	43273000	43273999	1
chr16	43274000	43274999	0
chr16	43275000	43275999	14
chr16	43276000	43276999	1
chr16	43277000	43277999	15
chr16	43278000	43278999	7
chr16	43279000	43279999	11
chr16	43280000	43280999	0
chr16	43281000	43281999	0
chr16	43282000	43282999	0
chr16	43283000	43283999	0
chr16	43284000	43284999	0
chr16	43285000	43285999	19
chr16	43286000	43286999	0
chr16	43287000	43287999	11
chr16	43288000	43288999	29
chr16	43289000	43289999	1
chr16	43290000	43290999	2
chr16	43291000	43291999	1
chr16	43292000	43292999	3
chr16	43293000	43293999	3
chr16	43294000	43294999	7
chr16	43295000	43295999	0
chr16	43296000	43296999	10
chr16	43297000	43297999	33
chr16	43298000	43298999	9
chr16	43299000	43299999	15
chr16	43300000	43300999	16
chr16	43301000	43301999	0
chr16	43302000	43302999	5
chr16	43303000	43303999	22
chr16	43304000	43304999	0
chr16	43305000	43305999	1
chr16	43306000	43306999	0
chr16	43307000	43307999	16
chr16	43308000	43308999	27
chr16	43309000	43309999	4
chr16	43310000	43310999	4
chr16	43311000	43311999	3
chr16	43312000	43312999	0
chr16	43313000	43313999	18
chr16	43314000	43314999	35
chr16	43315000	43315999	0
chr16	43316000	43316999	21
chr16	43317000	43317999	29
chr16	43318000	43318999	24
chr16	43319000	43319999	11
chr16	43320000	43320999	8
chr16	43321000	43321999	18
chr16	43322000	43322999	8
chr16	43323000	43323999	4
chr16	43324000	43324999	17
chr16	43325000	43325999	18
chr16	43326000	43326999	0
chr16	43327000	43327999	1
chr16	43328000	43328999	10
chr16	43329000	43329999	0
chr16	43330000	43330999	5
chr16	43331000	43331999	32
chr16	43332000	43332999	2
chr16	43333000	43333999	3
chr16	43334000	43334999	10
chr16	43335000	43335999	55
chr16	43336000	43336999	17
chr16	43337000	43337999	4
chr16	43338000	43338999	30
chr16	43339000	43339999	4
chr16	43340000	43340999	10
chr16	43341000	43341999	25
chr16	43342000	43342999	1
chr16	43343000	43343999	26
chr16	43344000	43344999	0
chr16	43345000	43345999	4
chr16	43346000	43346999	25
chr16	43347000	43347999	5
chr16	43348000	43348999	1
chr16	43349000	43349999	6
chr16	43350000	43350999	4
chr16	43351000	43351999	7
chr16	43352000	43352999	6
chr16	43353000	43353999	7
chr16	43354000	43354999	5
chr16	43355000	43355999	4
chr16	43356000	43356999	6
chr16	43357000	43357999	9
chr16	43358000	43358999	20
chr16	43359000	43359999	19
chr16	43360000	43360999	28
chr16	43361000	43361999	6
chr16	43362000	43362999	28
chr16	43363000	43363999	37
chr16	43364000	43364999	1
chr16	43365000	43365999	13
chr16	43366000	43366999	9
chr16	43367000	43367999	4
chr16	43368000	43368999	13
chr16	43369000	43369999	20
chr16	43370000	43370999	0
chr16	43371000	43371999	0
chr16	43372000	43372999	27
chr16	43373000	43373999	7
chr16	43374000	43374999	3
chr16	43375000	43375999	20
chr16	43376000	43376999	4
chr16	43377000	43377999	16
chr16	43378000	43378999	4
chr16	43379000	43379999	27
chr16	43380000	43380999	0
chr16	43381000	43381999	11
chr16	43382000	43382999	13
chr16	43383000	43383999	16
chr16	43384000	43384999	0
chr16	43385000	43385999	5
chr16	43386000	43386999	6
chr16	43387000	43387999	5
chr16	43388000	43388999	6
chr16	43389000	43389999	13
chr16	43390000	43390999	0
chr16	43391000	43391999	14
chr16	43392000	43392999	4
chr16	43393000	43393999	4
chr16	43394000	43394999	25
chr16	43395000	43395999	5
chr16	43396000	43396999	36
chr16	43397000	43397999	7
chr16	43398000	43398999	7
chr16	43399000	43399999	3
chr16	43400000	43400999	6
chr16	43401000	43401999	8
chr16	43402000	43402999	0
chr16	43403000	43403999	25
chr16	43404000	43404999	30
chr16	43405000	43405999	2
chr16	43406000	43406999	0
chr16	43407000	43407999	9
chr16	43408000	43408999	2
chr16	43409000	43409999	8
chr16	43410000	43410999	33
chr16	43411000	43411999	18
chr16	43412000	43412999	0
chr16	43413000	43413999	5
chr16	43414000	43414999	6
chr16	43415000	43415999	22
chr16	43416000	43416999	0
chr16	43417000	43417999	11
chr16	43418000	43418999	20
chr16	43419000	43419999	0
chr16	43420000	43420999	87
chr16	43421000	43421999	5
chr16	43422000	43422999	77
chr16	43423000	43423999	10
chr16	43424000	43424999	15
chr16	43425000	43425999	4
chr16	43426000	43426999	1
chr16	43427000	43427999	1
chr16	43428000	43428999	4
chr16	43429000	43429999	3
chr16	43430000	43430999	0
chr16	43431000	43431999	7
chr16	43432000	43432999	11
chr16	43433000	43433999	41
chr16	43434000	43434999	46
chr16	43435000	43435999	18
chr16	43436000	43436999	11
chr16	43437000	43437999	22
chr16	43438000	43438999	7
chr16	43439000	43439999	10
chr16	43440000	43440999	0
chr16	43441000	43441999	0
chr16	43442000	43442999	23
chr16	43443000	43443999	4
chr16	43444000	43444999	2
chr16	43445000	43445999	26
chr16	43446000	43446999	2
chr16	43447000	43447999	13
chr16	43448000	43448999	22
chr16	43449000	43449999	0
chr16	43450000	43450999	8
chr16	43451000	43451999	6
chr16	43452000	43452999	0
chr16	43453000	43453999	11
chr16	43454000	43454999	7
chr16	43455000	43455999	15
chr16	43456000	43456999	21
chr16	43457000	43457999	5
chr16	43458000	43458999	25
chr16	43459000	43459999	16
chr16	43460000	43460999	6
chr16	43461000	43461999	0
chr16	43462000	43462999	28
chr16	43463000	43463999	20
chr16	43464000	43464999	39
chr16	43465000	43465999	24
chr16	43466000	43466999	32
chr16	43467000	43467999	0
chr16	43468000	43468999	0
chr16	43469000	43469999	5
chr16	43470000	43470999	2
chr16	43471000	43471999	18
chr16	43472000	43472999	12
chr16	43473000	43473999	20
chr16	43474000	43474999	18
chr16	43475000	43475999	19
chr16	43476000	43476999	1
chr16	43477000	43477999	11
chr16	43478000	43478999	15
chr16	43479000	43479999	7
chr16	43480000	43480999	15
chr16	43481000	43481999	30
chr16	43482000	43482999	20
chr16	43483000	43483999	6
chr16	43484000	43484999	13
chr16	43485000	43485999	9
chr16	43486000	43486999	12
chr16	43487000	43487999	0
chr16	43488000	43488999	9
chr16	43489000	43489999	9
chr16	43490000	43490999	26
chr16	43491000	43491999	11
chr16	43492000	43492999	12
chr16	43493000	43493999	17
chr16	43494000	43494999	15
chr16	43495000	43495999	20
chr16	43496000	43496999	0
chr16	43497000	43497999	27
chr16	43498000	43498999	28
chr16	43499000	43499999	6
chr16	43500000	43500999	1
chr16	43501000	43501999	29
chr16	43502000	43502999	27
chr16	43503000	43503999	39
chr16	43504000	43504999	5
chr16	43505000	43505999	28
chr16	43506000	43506999	26
chr16	43507000	43507999	11
chr16	43508000	43508999	15
chr16	43509000	43509999	0
chr16	43510000	43510999	8
chr16	43511000	43511999	19
chr16	43512000	43512999	38
chr16	43513000	43513999	31
chr16	43514000	43514999	17
chr16	43515000	43515999	13
chr16	43516000	43516999	4
chr16	43517000	43517999	19
chr16	43518000	43518999	4
chr16	43519000	43519999	6
chr16	43520000	43520999	53
chr16	43521000	43521999	6
chr16	43522000	43522999	15
chr16	43523000	43523999	10
chr16	43524000	43524999	19
chr16	43525000	43525999	11
chr16	43526000	43526999	9
chr16	43527000	43527999	58
chr16	43528000	43528999	42
chr16	43529000	43529999	7
chr16	43530000	43530999	15
chr16	43531000	43531999	6
chr16	43532000	43532999	2
chr16	43533000	43533999	1
chr16	43534000	43534999	5
chr16	43535000	43535999	7
chr16	43536000	43536999	0
chr16	43537000	43537999	6
chr16	43538000	43538999	8
chr16	43539000	43539999	1
chr16	43540000	43540999	19
chr16	43541000	43541999	15
chr16	43542000	43542999	16
chr16	43543000	43543999	0
chr16	43544000	43544999	6
chr16	43545000	43545999	8
chr16	43546000	43546999	13
chr16	43547000	43547999	16
chr16	43548000	43548999	1
chr16	43549000	43549999	14
chr16	43550000	43550999	8
chr16	43551000	43551999	23
chr16	43552000	43552999	15
chr16	43553000	43553999	31
chr16	43554000	43554999	8
chr16	43555000	43555999	11
chr16	43556000	43556999	11
chr16	43557000	43557999	18
chr16	43558000	43558999	4
chr16	43559000	43559999	15
chr16	43560000	43560999	6
chr16	43561000	43561999	14
chr16	43562000	43562999	10
chr16	43563000	43563999	18
chr16	43564000	43564999	35
chr16	43565000	43565999	22
chr16	43566000	43566999	4
chr16	43567000	43567999	10
chr16	43568000	43568999	0
chr16	43569000	43569999	8
chr16	43570000	43570999	11
chr16	43571000	43571999	15
chr16	43572000	43572999	31
chr16	43573000	43573999	27
chr16	43574000	43574999	57
chr16	43575000	43575999	8
chr16	43576000	43576999	41
chr16	43577000	43577999	43
chr16	43578000	43578999	4
chr16	43579000	43579999	48
chr16	43580000	43580999	37
chr16	43581000	43581999	11
chr16	43582000	43582999	12
chr16	43583000	43583999	8
chr16	43584000	43584999	15
chr16	43585000	43585999	12
chr16	43586000	43586999	9
chr16	43587000	43587999	15
chr16	43588000	43588999	35
chr16	43589000	43589999	10
chr16	43590000	43590999	19
chr16	43591000	43591999	9
chr16	43592000	43592999	30
chr16	43593000	43593999	16
chr16	43594000	43594999	15
chr16	43595000	43595999	17
chr16	43596000	43596999	23
chr16	43597000	43597999	13
chr16	43598000	43598999	31
chr16	43599000	43599999	20
chr16	43600000	43600999	28
chr16	43601000	43601999	29
chr16	43602000	43602999	6
chr16	43603000	43603999	5
chr16	43604000	43604999	1
chr16	43605000	43605999	2
chr16	43606000	43606999	5
chr16	43607000	43607999	5
chr16	43608000	43608999	27
chr16	43609000	43609999	5
chr16	43610000	43610999	13
chr16	43611000	43611999	8
chr16	43612000	43612999	0
chr16	43613000	43613999	0
chr16	43614000	43614999	20
chr16	43615000	43615999	10
chr16	43616000	43616999	23
chr16	43617000	43617999	11
chr16	43618000	43618999	1
chr16	43619000	43619999	5
chr16	43620000	43620999	0
chr16	43621000	43621999	10
chr16	43622000	43622999	0
chr16	43623000	43623999	2
chr16	43624000	43624999	0
chr16	43625000	43625999	7
chr16	43626000	43626999	0
chr16	43627000	43627999	18
chr16	43628000	43628999	11
chr16	43629000	43629999	14
chr16	43630000	43630999	5
chr16	43631000	43631999	4
chr16	43632000	43632999	5
chr16	43633000	43633999	8
chr16	43634000	43634999	7
chr16	43635000	43635999	5
chr16	43636000	43636999	0
chr16	43637000	43637999	0
chr16	43638000	43638999	17
chr16	43639000	43639999	17
chr16	43640000	43640999	10
chr16	43641000	43641999	14
chr16	43642000	43642999	3
chr16	43643000	43643999	25
chr16	43644000	43644999	1
chr16	43645000	43645999	2
chr16	43646000	43646999	37
chr16	43647000	43647999	16
chr16	43648000	43648999	0
chr16	43649000	43649999	11
chr16	43650000	43650999	0
chr16	43651000	43651999	10
chr16	43652000	43652999	6
chr16	43653000	43653999	0
chr16	43654000	43654999	3
chr16	43655000	43655999	0
chr16	43656000	43656999	12
chr16	43657000	43657999	2
chr16	43658000	43658999	23
chr16	43659000	43659999	10
chr16	43660000	43660999	56
chr16	43661000	43661999	13
chr16	43662000	43662999	16
chr16	43663000	43663999	1
chr16	43664000	43664999	1
chr16	43665000	43665999	15
chr16	43666000	43666999	5
chr16	43667000	43667999	4
chr16	43668000	43668999	0
chr16	43669000	43669999	19
chr16	43670000	43670999	0
chr16	43671000	43671999	0
chr16	43672000	43672999	6
chr16	43673000	43673999	9
chr16	43674000	43674999	0
chr16	43675000	43675999	27
chr16	43676000	43676999	1
chr16	43677000	43677999	10
chr16	43678000	43678999	0
chr16	43679000	43679999	27
chr16	43680000	43680999	7
chr16	43681000	43681999	19
chr16	43682000	43682999	10
chr16	43683000	43683999	12
chr16	43684000	43684999	16
chr16	43685000	43685999	2
chr16	43686000	43686999	21
chr16	43687000	43687999	15
chr16	43688000	43688999	4
chr16	43689000	43689999	0
chr16	43690000	43690999	2
chr16	43691000	43691999	11
chr16	43692000	43692999	18
chr16	43693000	43693999	2
chr16	43694000	43694999	0
chr16	43695000	43695999	17
chr16	43696000	43696999	8
chr16	43697000	43697999	4
chr16	43698000	43698999	5
chr16	43699000	43699999	5
chr16	43700000	43700999	21
chr16	43701000	43701999	19
chr16	43702000	43702999	6
chr16	43703000	43703999	0
chr16	43704000	43704999	16
chr16	43705000	43705999	0
chr16	43706000	43706999	0
chr16	43707000	43707999	3
chr16	43708000	43708999	14
chr16	43709000	43709999	17
chr16	43710000	43710999	17
chr16	43711000	43711999	21
chr16	43712000	43712999	14
chr16	43713000	43713999	7
chr16	43714000	43714999	8
chr16	43715000	43715999	6
chr16	43716000	43716999	9
chr16	43717000	43717999	0
chr16	43718000	43718999	21
chr16	43719000	43719999	8
chr16	43720000	43720999	0
chr16	43721000	43721999	0
chr16	43722000	43722999	0
chr16	43723000	43723999	13
chr16	43724000	43724999	22
chr16	43725000	43725999	8
chr16	43726000	43726999	12
chr16	43727000	43727999	7
chr16	43728000	43728999	1
chr16	43729000	43729999	8
chr16	43730000	43730999	2
chr16	43731000	43731999	14
chr16	43732000	43732999	31
chr16	43733000	43733999	0
chr16	43734000	43734999	0
chr16	43735000	43735999	24
chr16	43736000	43736999	10
chr16	43737000	43737999	6
chr16	43738000	43738999	14
chr16	43739000	43739999	7
chr16	43740000	43740999	25
chr16	43741000	43741999	2
chr16	43742000	43742999	10
chr16	43743000	43743999	2
chr16	43744000	43744999	20
chr16	43745000	43745999	16
chr16	43746000	43746999	21
chr16	43747000	43747999	2
chr16	43748000	43748999	15
chr16	43749000	43749999	36
chr16	43750000	43750999	14
chr16	43751000	43751999	31
chr16	43752000	43752999	7
chr16	43753000	43753999	21
chr16	43754000	43754999	16
chr16	43755000	43755999	29
chr16	43756000	43756999	35
chr16	43757000	43757999	16
chr16	43758000	43758999	16
chr16	43759000	43759999	32
chr16	43760000	43760999	6
chr16	43761000	43761999	19
chr16	43762000	43762999	6
chr16	43763000	43763999	9
chr16	43764000	43764999	2
chr16	43765000	43765999	13
chr16	43766000	43766999	0
chr16	43767000	43767999	0
chr16	43768000	43768999	0
chr16	43769000	43769999	0
chr16	43770000	43770999	0
chr16	43771000	43771999	3
chr16	43772000	43772999	8
chr16	43773000	43773999	6
chr16	43774000	43774999	11
chr16	43775000	43775999	8
chr16	43776000	43776999	0
chr16	43777000	43777999	2
chr16	43778000	43778999	0
chr16	43779000	43779999	3
chr16	43780000	43780999	5
chr16	43781000	43781999	6
chr16	43782000	43782999	4
chr16	43783000	43783999	31
chr16	43784000	43784999	15
chr16	43785000	43785999	24
chr16	43786000	43786999	2
chr16	43787000	43787999	6
chr16	43788000	43788999	4
chr16	43789000	43789999	19
chr16	43790000	43790999	23
chr16	43791000	43791999	22
chr16	43792000	43792999	9
chr16	43793000	43793999	0
chr16	43794000	43794999	12
chr16	43795000	43795999	18
chr16	43796000	43796999	21
chr16	43797000	43797999	6
chr16	43798000	43798999	5
chr16	43799000	43799999	4
chr16	43800000	43800999	42
chr16	43801000	43801999	38
chr16	43802000	43802999	57
chr16	43803000	43803999	2
chr16	43804000	43804999	15
chr16	43805000	43805999	1
chr16	43806000	43806999	12
chr16	43807000	43807999	6
chr16	43808000	43808999	15
chr16	43809000	43809999	0
chr16	43810000	43810999	1
chr16	43811000	43811999	2
chr16	43812000	43812999	13
chr16	43813000	43813999	11
chr16	43814000	43814999	1
chr16	43815000	43815999	15
chr16	43816000	43816999	5
chr16	43817000	43817999	14
chr16	43818000	43818999	8
chr16	43819000	43819999	13
chr16	43820000	43820999	2
chr16	43821000	43821999	20
chr16	43822000	43822999	10
chr16	43823000	43823999	6
chr16	43824000	43824999	14
chr16	43825000	43825999	13
chr16	43826000	43826999	5
chr16	43827000	43827999	4
chr16	43828000	43828999	23
chr16	43829000	43829999	2
chr16	43830000	43830999	25
chr16	43831000	43831999	10
chr16	43832000	43832999	2
chr16	43833000	43833999	6
chr16	43834000	43834999	0
chr16	43835000	43835999	8
chr16	43836000	43836999	30
chr16	43837000	43837999	9
chr16	43838000	43838999	0
chr16	43839000	43839999	6
chr16	43840000	43840999	0
chr16	43841000	43841999	0
chr16	43842000	43842999	0
chr16	43843000	43843999	32
chr16	43844000	43844999	16
chr16	43845000	43845999	7
chr16	43846000	43846999	16
chr16	43847000	43847999	23
chr16	43848000	43848999	20
chr16	43849000	43849999	1
chr16	43850000	43850999	7
chr16	43851000	43851999	5
chr16	43852000	43852999	19
chr16	43853000	43853999	17
chr16	43854000	43854999	12
chr16	43855000	43855999	12
chr16	43856000	43856999	16
chr16	43857000	43857999	19
chr16	43858000	43858999	16
chr16	43859000	43859999	31
chr16	43860000	43860999	5
chr16	43861000	43861999	0
chr16	43862000	43862999	6
chr16	43863000	43863999	13
chr16	43864000	43864999	6
chr16	43865000	43865999	0
chr16	43866000	43866999	6
chr16	43867000	43867999	5
chr16	43868000	43868999	5
chr16	43869000	43869999	0
chr16	43870000	43870999	14
chr16	43871000	43871999	48
chr16	43872000	43872999	0
chr16	43873000	43873999	11
chr16	43874000	43874999	6
chr16	43875000	43875999	23
chr16	43876000	43876999	8
chr16	43877000	43877999	6
chr16	43878000	43878999	2
chr16	43879000	43879999	15
chr16	43880000	43880999	9
chr16	43881000	43881999	31
chr16	43882000	43882999	10
chr16	43883000	43883999	15
chr16	43884000	43884999	10
chr16	43885000	43885999	14
chr16	43886000	43886999	13
chr16	43887000	43887999	30
chr16	43888000	43888999	9
chr16	43889000	43889999	130
chr16	43890000	43890999	24
chr16	43891000	43891999	0
chr16	43892000	43892999	10
chr16	43893000	43893999	5
chr16	43894000	43894999	10
chr16	43895000	43895999	6
chr16	43896000	43896999	0
chr16	43897000	43897999	14
chr16	43898000	43898999	9
chr16	43899000	43899999	21
chr16	43900000	43900999	2
chr16	43901000	43901999	3
chr16	43902000	43902999	0
chr16	43903000	43903999	11
chr16	43904000	43904999	4
chr16	43905000	43905999	8
chr16	43906000	43906999	13
chr16	43907000	43907999	6
chr16	43908000	43908999	22
chr16	43909000	43909999	3
chr16	43910000	43910999	15
chr16	43911000	43911999	21
chr16	43912000	43912999	0
chr16	43913000	43913999	0
chr16	43914000	43914999	8
chr16	43915000	43915999	11
chr16	43916000	43916999	19
chr16	43917000	43917999	12
chr16	43918000	43918999	11
chr16	43919000	43919999	13
chr16	43920000	43920999	14
chr16	43921000	43921999	7
chr16	43922000	43922999	40
chr16	43923000	43923999	15
chr16	43924000	43924999	0
chr16	43925000	43925999	22
chr16	43926000	43926999	19
chr16	43927000	43927999	20
chr16	43928000	43928999	7
chr16	43929000	43929999	4
chr16	43930000	43930999	20
chr16	43931000	43931999	12
chr16	43932000	43932999	18
chr16	43933000	43933999	3
chr16	43934000	43934999	0
chr16	43935000	43935999	19
chr16	43936000	43936999	11
chr16	43937000	43937999	20
chr16	43938000	43938999	5
chr16	43939000	43939999	16
chr16	43940000	43940999	15
chr16	43941000	43941999	5
chr16	43942000	43942999	13
chr16	43943000	43943999	37
chr16	43944000	43944999	14
chr16	43945000	43945999	26
chr16	43946000	43946999	0
chr16	43947000	43947999	2
chr16	43948000	43948999	36
chr16	43949000	43949999	21
chr16	43950000	43950999	22
chr16	43951000	43951999	5
chr16	43952000	43952999	16
chr16	43953000	43953999	14
chr16	43954000	43954999	0
chr16	43955000	43955999	7
chr16	43956000	43956999	16
chr16	43957000	43957999	5
chr16	43958000	43958999	1
chr16	43959000	43959999	0
chr16	43960000	43960999	5
chr16	43961000	43961999	4
chr16	43962000	43962999	9
chr16	43963000	43963999	17
chr16	43964000	43964999	18
chr16	43965000	43965999	43
chr16	43966000	43966999	38
chr16	43967000	43967999	15
chr16	43968000	43968999	1
chr16	43969000	43969999	21
chr16	43970000	43970999	8
chr16	43971000	43971999	2
chr16	43972000	43972999	9
chr16	43973000	43973999	32
chr16	43974000	43974999	24
chr16	43975000	43975999	16
chr16	43976000	43976999	7
chr16	43977000	43977999	23
chr16	43978000	43978999	13
chr16	43979000	43979999	15
chr16	43980000	43980999	15
chr16	43981000	43981999	13
chr16	43982000	43982999	20
chr16	43983000	43983999	9
chr16	43984000	43984999	4
chr16	43985000	43985999	9
chr16	43986000	43986999	13
chr16	43987000	43987999	20
chr16	43988000	43988999	4
chr16	43989000	43989999	5
chr16	43990000	43990999	4
chr16	43991000	43991999	27
chr16	43992000	43992999	0
chr16	43993000	43993999	4
chr16	43994000	43994999	2
chr16	43995000	43995999	23
chr16	43996000	43996999	14
chr16	43997000	43997999	18
chr16	43998000	43998999	15
chr16	43999000	43999999	11
chr16	44000000	44000999	9
chr16	44001000	44001999	12
chr16	44002000	44002999	7
chr16	44003000	44003999	3
chr16	44004000	44004999	6
chr16	44005000	44005999	4
chr16	44006000	44006999	10
chr16	44007000	44007999	28
chr16	44008000	44008999	6
chr16	44009000	44009999	5
chr16	44010000	44010999	7
chr16	44011000	44011999	5
chr16	44012000	44012999	16
chr16	44013000	44013999	2
chr16	44014000	44014999	22
chr16	44015000	44015999	36
chr16	44016000	44016999	43
chr16	44017000	44017999	27
chr16	44018000	44018999	17
chr16	44019000	44019999	29
chr16	44020000	44020999	16
chr16	44021000	44021999	16
chr16	44022000	44022999	6
chr16	44023000	44023999	2
chr16	44024000	44024999	18
chr16	44025000	44025999	16
chr16	44026000	44026999	17
chr16	44027000	44027999	2
chr16	44028000	44028999	1
chr16	44029000	44029999	14
chr16	44030000	44030999	21
chr16	44031000	44031999	4
chr16	44032000	44032999	8
chr16	44033000	44033999	22
chr16	44034000	44034999	9
chr16	44035000	44035999	0
chr16	44036000	44036999	12
chr16	44037000	44037999	4
chr16	44038000	44038999	12
chr16	44039000	44039999	16
chr16	44040000	44040999	4
chr16	44041000	44041999	0
chr16	44042000	44042999	0
chr16	44043000	44043999	0
chr16	44044000	44044999	0
chr16	44045000	44045999	0
chr16	44046000	44046999	9
chr16	44047000	44047999	14
chr16	44048000	44048999	3
chr16	44049000	44049999	5
chr16	44050000	44050999	6
chr16	44051000	44051999	10
chr16	44052000	44052999	16
chr16	44053000	44053999	2
chr16	44054000	44054999	27
chr16	44055000	44055999	27
chr16	44056000	44056999	0
chr16	44057000	44057999	2
chr16	44058000	44058999	11
chr16	44059000	44059999	18
chr16	44060000	44060999	1
chr16	44061000	44061999	0
chr16	44062000	44062999	13
chr16	44063000	44063999	7
chr16	44064000	44064999	8
chr16	44065000	44065999	0
chr16	44066000	44066999	5
chr16	44067000	44067999	6
chr16	44068000	44068999	5
chr16	44069000	44069999	0
chr16	44070000	44070999	0
chr16	44071000	44071999	12
chr16	44072000	44072999	4
chr16	44073000	44073999	5
chr16	44074000	44074999	23
chr16	44075000	44075999	21
chr16	44076000	44076999	33
chr16	44077000	44077999	4
chr16	44078000	44078999	27
chr16	44079000	44079999	0
chr16	44080000	44080999	5
chr16	44081000	44081999	5
chr16	44082000	44082999	28
chr16	44083000	44083999	100
chr16	44084000	44084999	12
chr16	44085000	44085999	25
chr16	44086000	44086999	10
chr16	44087000	44087999	0
chr16	44088000	44088999	9
chr16	44089000	44089999	9
chr16	44090000	44090999	22
chr16	44091000	44091999	14
chr16	44092000	44092999	32
chr16	44093000	44093999	12
chr16	44094000	44094999	26
chr16	44095000	44095999	0
chr16	44096000	44096999	21
chr16	44097000	44097999	12
chr16	44098000	44098999	22
chr16	44099000	44099999	10
chr16	44100000	44100999	15
chr16	44101000	44101999	7
chr16	44102000	44102999	19
chr16	44103000	44103999	37
chr16	44104000	44104999	89
chr16	44105000	44105999	15
chr16	44106000	44106999	6
chr16	44107000	44107999	22
chr16	44108000	44108999	21
chr16	44109000	44109999	41
chr16	44110000	44110999	7
chr16	44111000	44111999	7
chr16	44112000	44112999	12
chr16	44113000	44113999	4
chr16	44114000	44114999	19
chr16	44115000	44115999	1
chr16	44116000	44116999	17
chr16	44117000	44117999	21
chr16	44118000	44118999	37
chr16	44119000	44119999	1
chr16	44120000	44120999	18
chr16	44121000	44121999	9
chr16	44122000	44122999	12
chr16	44123000	44123999	15
chr16	44124000	44124999	7
chr16	44125000	44125999	15
chr16	44126000	44126999	31
chr16	44127000	44127999	0
chr16	44128000	44128999	25
chr16	44129000	44129999	11
chr16	44130000	44130999	7
chr16	44131000	44131999	2
chr16	44132000	44132999	2
chr16	44133000	44133999	4
chr16	44134000	44134999	5
chr16	44135000	44135999	15
chr16	44136000	44136999	9
chr16	44137000	44137999	35
chr16	44138000	44138999	77
chr16	44139000	44139999	207
chr16	44140000	44140999	59
chr16	44141000	44141999	57
chr16	44142000	44142999	11
chr16	44143000	44143999	4
chr16	44144000	44144999	3
chr16	44145000	44145999	1
chr16	44146000	44146999	5
chr16	44147000	44147999	3
chr16	44148000	44148999	32
chr16	44149000	44149999	14
chr16	44150000	44150999	6
chr16	44151000	44151999	15
chr16	44152000	44152999	3
chr16	44153000	44153999	0
chr16	44154000	44154999	11
chr16	44155000	44155999	16
chr16	44156000	44156999	0
chr16	44157000	44157999	8
chr16	44158000	44158999	9
chr16	44159000	44159999	2
chr16	44160000	44160999	7
chr16	44161000	44161999	0
chr16	44162000	44162999	7
chr16	44163000	44163999	33
chr16	44164000	44164999	26
chr16	44165000	44165999	9
chr16	44166000	44166999	20
chr16	44167000	44167999	29
chr16	44168000	44168999	2
chr16	44169000	44169999	19
chr16	44170000	44170999	18
chr16	44171000	44171999	6
chr16	44172000	44172999	99
chr16	44173000	44173999	135
chr16	44174000	44174999	22
chr16	44175000	44175999	14
chr16	44176000	44176999	30
chr16	44177000	44177999	0
chr16	44178000	44178999	5
chr16	44179000	44179999	11
chr16	44180000	44180999	0
chr16	44181000	44181999	0
chr16	44182000	44182999	7
chr16	44183000	44183999	0
chr16	44184000	44184999	0
chr16	44185000	44185999	0
chr16	44186000	44186999	19
chr16	44187000	44187999	17
chr16	44188000	44188999	2
chr16	44189000	44189999	5
chr16	44190000	44190999	25
chr16	44191000	44191999	0
chr16	44192000	44192999	1
chr16	44193000	44193999	3
chr16	44194000	44194999	0
chr16	44195000	44195999	8
chr16	44196000	44196999	16
chr16	44197000	44197999	5
chr16	44198000	44198999	2
chr16	44199000	44199999	10
chr16	44200000	44200999	20
chr16	44201000	44201999	7
chr16	44202000	44202999	6
chr16	44203000	44203999	19
chr16	44204000	44204999	7
chr16	44205000	44205999	12
chr16	44206000	44206999	8
chr16	44207000	44207999	0
chr16	44208000	44208999	9
chr16	44209000	44209999	24
chr16	44210000	44210999	9
chr16	44211000	44211999	0
chr16	44212000	44212999	0
chr16	44213000	44213999	1
chr16	44214000	44214999	10
chr16	44215000	44215999	6
chr16	44216000	44216999	9
chr16	44217000	44217999	10
chr16	44218000	44218999	5
chr16	44219000	44219999	5
chr16	44220000	44220999	2
chr16	44221000	44221999	16
chr16	44222000	44222999	4
chr16	44223000	44223999	1
chr16	44224000	44224999	15
chr16	44225000	44225999	0
chr16	44226000	44226999	4
chr16	44227000	44227999	11
chr16	44228000	44228999	1
chr16	44229000	44229999	18
chr16	44230000	44230999	2
chr16	44231000	44231999	2
chr16	44232000	44232999	9
chr16	44233000	44233999	20
chr16	44234000	44234999	12
chr16	44235000	44235999	0
chr16	44236000	44236999	17
chr16	44237000	44237999	17
chr16	44238000	44238999	1
chr16	44239000	44239999	14
chr16	44240000	44240999	24
chr16	44241000	44241999	20
chr16	44242000	44242999	2
chr16	44243000	44243999	10
chr16	44244000	44244999	3
chr16	44245000	44245999	17
chr16	44246000	44246999	0
chr16	44247000	44247999	3
chr16	44248000	44248999	9
chr16	44249000	44249999	45
chr16	44250000	44250999	8
chr16	44251000	44251999	0
chr16	44252000	44252999	0
chr16	44253000	44253999	28
chr16	44254000	44254999	6
chr16	44255000	44255999	32
chr16	44256000	44256999	11
chr16	44257000	44257999	3
chr16	44258000	44258999	18
chr16	44259000	44259999	22
chr16	44260000	44260999	38
chr16	44261000	44261999	10
chr16	44262000	44262999	0
chr16	44263000	44263999	2
chr16	44264000	44264999	3
chr16	44265000	44265999	10
chr16	44266000	44266999	4
chr16	44267000	44267999	18
chr16	44268000	44268999	3
chr16	44269000	44269999	15
chr16	44270000	44270999	45
chr16	44271000	44271999	77
chr16	44272000	44272999	31
chr16	44273000	44273999	16
chr16	44274000	44274999	6
chr16	44275000	44275999	26
chr16	44276000	44276999	16
chr16	44277000	44277999	20
chr16	44278000	44278999	21
chr16	44279000	44279999	12
chr16	44280000	44280999	6
chr16	44281000	44281999	4
chr16	44282000	44282999	2
chr16	44283000	44283999	5
chr16	44284000	44284999	7
chr16	44285000	44285999	9
chr16	44286000	44286999	4
chr16	44287000	44287999	19
chr16	44288000	44288999	5
chr16	44289000	44289999	2
chr16	44290000	44290999	0
chr16	44291000	44291999	8
chr16	44292000	44292999	16
chr16	44293000	44293999	7
chr16	44294000	44294999	12
chr16	44295000	44295999	3
chr16	44296000	44296999	24
chr16	44297000	44297999	15
chr16	44298000	44298999	6
chr16	44299000	44299999	17
chr16	44300000	44300999	43
chr16	44301000	44301999	10
chr16	44302000	44302999	0
chr16	44303000	44303999	2
chr16	44304000	44304999	23
chr16	44305000	44305999	11
chr16	44306000	44306999	12
chr16	44307000	44307999	7
chr16	44308000	44308999	0
chr16	44309000	44309999	9
chr16	44310000	44310999	2
chr16	44311000	44311999	7
chr16	44312000	44312999	12
chr16	44313000	44313999	1
chr16	44314000	44314999	6
chr16	44315000	44315999	6
chr16	44316000	44316999	18
chr16	44317000	44317999	4
chr16	44318000	44318999	1
chr16	44319000	44319999	5
chr16	44320000	44320999	37
chr16	44321000	44321999	21
chr16	44322000	44322999	7
chr16	44323000	44323999	0
chr16	44324000	44324999	5
chr16	44325000	44325999	0
chr16	44326000	44326999	23
chr16	44327000	44327999	34
chr16	44328000	44328999	106
chr16	44329000	44329999	5
chr16	44330000	44330999	8
chr16	44331000	44331999	21
chr16	44332000	44332999	24
chr16	44333000	44333999	28
chr16	44334000	44334999	1
chr16	44335000	44335999	9
chr16	44336000	44336999	6
chr16	44337000	44337999	31
chr16	44338000	44338999	7
chr16	44339000	44339999	0
chr16	44340000	44340999	14
chr16	44341000	44341999	0
chr16	44342000	44342999	6
chr16	44343000	44343999	0
chr16	44344000	44344999	38
chr16	44345000	44345999	8
chr16	44346000	44346999	37
chr16	44347000	44347999	104
chr16	44348000	44348999	11
chr16	44349000	44349999	10
chr16	44350000	44350999	18
chr16	44351000	44351999	14
chr16	44352000	44352999	22
chr16	44353000	44353999	5
chr16	44354000	44354999	4
chr16	44355000	44355999	0
chr16	44356000	44356999	0
chr16	44357000	44357999	3
chr16	44358000	44358999	5
chr16	44359000	44359999	9
chr16	44360000	44360999	23
chr16	44361000	44361999	12
chr16	44362000	44362999	9
chr16	44363000	44363999	0
chr16	44364000	44364999	0
chr16	44365000	44365999	17
chr16	44366000	44366999	0
chr16	44367000	44367999	9
chr16	44368000	44368999	9
chr16	44369000	44369999	1
chr16	44370000	44370999	46
chr16	44371000	44371999	0
chr16	44372000	44372999	13
chr16	44373000	44373999	4
chr16	44374000	44374999	8
chr16	44375000	44375999	8
chr16	44376000	44376999	17
chr16	44377000	44377999	9
chr16	44378000	44378999	3
chr16	44379000	44379999	11
chr16	44380000	44380999	6
chr16	44381000	44381999	10
chr16	44382000	44382999	10
chr16	44383000	44383999	2
chr16	44384000	44384999	6
chr16	44385000	44385999	7
chr16	44386000	44386999	14
chr16	44387000	44387999	0
chr16	44388000	44388999	11
chr16	44389000	44389999	2
chr16	44390000	44390999	10
chr16	44391000	44391999	22
chr16	44392000	44392999	29
chr16	44393000	44393999	0
chr16	44394000	44394999	13
chr16	44395000	44395999	1
chr16	44396000	44396999	0
chr16	44397000	44397999	7
chr16	44398000	44398999	17
chr16	44399000	44399999	2
chr16	44400000	44400999	4
chr16	44401000	44401999	10
chr16	44402000	44402999	22
chr16	44403000	44403999	21
chr16	44404000	44404999	12
chr16	44405000	44405999	5
chr16	44406000	44406999	10
chr16	44407000	44407999	9
chr16	44408000	44408999	15
chr16	44409000	44409999	27
chr16	44410000	44410999	11
chr16	44411000	44411999	0
chr16	44412000	44412999	8
chr16	44413000	44413999	0
chr16	44414000	44414999	0
chr16	44415000	44415999	7
chr16	44416000	44416999	13
chr16	44417000	44417999	1
chr16	44418000	44418999	12
chr16	44419000	44419999	5
chr16	44420000	44420999	0
chr16	44421000	44421999	12
chr16	44422000	44422999	0
chr16	44423000	44423999	7
chr16	44424000	44424999	1
chr16	44425000	44425999	25
chr16	44426000	44426999	15
chr16	44427000	44427999	15
chr16	44428000	44428999	3
chr16	44429000	44429999	16
chr16	44430000	44430999	15
chr16	44431000	44431999	6
chr16	44432000	44432999	7
chr16	44433000	44433999	19
chr16	44434000	44434999	29
chr16	44435000	44435999	1
chr16	44436000	44436999	32
chr16	44437000	44437999	15
chr16	44438000	44438999	4
chr16	44439000	44439999	0
chr16	44440000	44440999	18
chr16	44441000	44441999	4
chr16	44442000	44442999	0
chr16	44443000	44443999	2
chr16	44444000	44444999	4
chr16	44445000	44445999	0
chr16	44446000	44446999	4
chr16	44447000	44447999	0
chr16	44448000	44448999	29
chr16	44449000	44449999	15
chr16	44450000	44450999	0
chr16	44451000	44451999	25
chr16	44452000	44452999	2
chr16	44453000	44453999	17
chr16	44454000	44454999	29
chr16	44455000	44455999	22
chr16	44456000	44456999	0
chr16	44457000	44457999	2
chr16	44458000	44458999	0
chr16	44459000	44459999	7
chr16	44460000	44460999	6
chr16	44461000	44461999	29
chr16	44462000	44462999	8
chr16	44463000	44463999	0
chr16	44464000	44464999	7
chr16	44465000	44465999	11
chr16	44466000	44466999	13
chr16	44467000	44467999	0
chr16	44468000	44468999	6
chr16	44469000	44469999	0
chr16	44470000	44470999	15
chr16	44471000	44471999	0
chr16	44472000	44472999	0
chr16	44473000	44473999	15
chr16	44474000	44474999	2
chr16	44475000	44475999	6
chr16	44476000	44476999	6
chr16	44477000	44477999	5
chr16	44478000	44478999	5
chr16	44479000	44479999	15
chr16	44480000	44480999	4
chr16	44481000	44481999	15
chr16	44482000	44482999	17
chr16	44483000	44483999	0
chr16	44484000	44484999	36
chr16	44485000	44485999	5
chr16	44486000	44486999	16
chr16	44487000	44487999	12
chr16	44488000	44488999	19
chr16	44489000	44489999	19
chr16	44490000	44490999	7
chr16	44491000	44491999	9
chr16	44492000	44492999	29
chr16	44493000	44493999	7
chr16	44494000	44494999	19
chr16	44495000	44495999	2
chr16	44496000	44496999	21
chr16	44497000	44497999	11
chr16	44498000	44498999	34
chr16	44499000	44499999	34
chr16	44500000	44500999	12
chr16	44501000	44501999	49
chr16	44502000	44502999	44
chr16	44503000	44503999	37
chr16	44504000	44504999	20
chr16	44505000	44505999	9
chr16	44506000	44506999	1
chr16	44507000	44507999	32
chr16	44508000	44508999	12
chr16	44509000	44509999	10
chr16	44510000	44510999	6
chr16	44511000	44511999	2
chr16	44512000	44512999	0
chr16	44513000	44513999	11
chr16	44514000	44514999	11
chr16	44515000	44515999	14
chr16	44516000	44516999	38
chr16	44517000	44517999	17
chr16	44518000	44518999	27
chr16	44519000	44519999	8
chr16	44520000	44520999	6
chr16	44521000	44521999	29
chr16	44522000	44522999	25
chr16	44523000	44523999	7
chr16	44524000	44524999	5
chr16	44525000	44525999	32
chr16	44526000	44526999	12
chr16	44527000	44527999	3
chr16	44528000	44528999	26
chr16	44529000	44529999	11
chr16	44530000	44530999	7
chr16	44531000	44531999	2
chr16	44532000	44532999	13
chr16	44533000	44533999	32
chr16	44534000	44534999	7
chr16	44535000	44535999	13
chr16	44536000	44536999	15
chr16	44537000	44537999	0
chr16	44538000	44538999	5
chr16	44539000	44539999	6
chr16	44540000	44540999	18
chr16	44541000	44541999	29
chr16	44542000	44542999	18
chr16	44543000	44543999	9
chr16	44544000	44544999	29
chr16	44545000	44545999	6
chr16	44546000	44546999	21
chr16	44547000	44547999	6
chr16	44548000	44548999	0
chr16	44549000	44549999	20
chr16	44550000	44550999	14
chr16	44551000	44551999	58
chr16	44552000	44552999	6
chr16	44553000	44553999	7
chr16	44554000	44554999	10
chr16	44555000	44555999	12
chr16	44556000	44556999	31
chr16	44557000	44557999	45
chr16	44558000	44558999	65
chr16	44559000	44559999	16
chr16	44560000	44560999	20
chr16	44561000	44561999	31
chr16	44562000	44562999	0
chr16	44563000	44563999	5
chr16	44564000	44564999	16
chr16	44565000	44565999	24
chr16	44566000	44566999	2
chr16	44567000	44567999	0
chr16	44568000	44568999	6
chr16	44569000	44569999	2
chr16	44570000	44570999	0
chr16	44571000	44571999	0
chr16	44572000	44572999	0
chr16	44573000	44573999	8
chr16	44574000	44574999	11
chr16	44575000	44575999	12
chr16	44576000	44576999	15
chr16	44577000	44577999	4
chr16	44578000	44578999	24
chr16	44579000	44579999	8
chr16	44580000	44580999	13
chr16	44581000	44581999	11
chr16	44582000	44582999	2
chr16	44583000	44583999	4
chr16	44584000	44584999	20
chr16	44585000	44585999	23
chr16	44586000	44586999	16
chr16	44587000	44587999	7
chr16	44588000	44588999	0
chr16	44589000	44589999	11
chr16	44590000	44590999	13
chr16	44591000	44591999	0
chr16	44592000	44592999	4
chr16	44593000	44593999	0
chr16	44594000	44594999	0
chr16	44595000	44595999	0
chr16	44596000	44596999	21
chr16	44597000	44597999	11
chr16	44598000	44598999	31
chr16	44599000	44599999	4
chr16	44600000	44600999	0
chr16	44601000	44601999	25
chr16	44602000	44602999	24
chr16	44603000	44603999	8
chr16	44604000	44604999	30
chr16	44605000	44605999	4
chr16	44606000	44606999	14
chr16	44607000	44607999	13
chr16	44608000	44608999	0
chr16	44609000	44609999	6
chr16	44610000	44610999	23
chr16	44611000	44611999	9
chr16	44612000	44612999	16
chr16	44613000	44613999	19
chr16	44614000	44614999	20
chr16	44615000	44615999	20
chr16	44616000	44616999	15
chr16	44617000	44617999	11
chr16	44618000	44618999	30
chr16	44619000	44619999	1
chr16	44620000	44620999	0
chr16	44621000	44621999	19
chr16	44622000	44622999	8
chr16	44623000	44623999	0
chr16	44624000	44624999	0
chr16	44625000	44625999	16
chr16	44626000	44626999	0
chr16	44627000	44627999	8
chr16	44628000	44628999	0
chr16	44629000	44629999	6
chr16	44630000	44630999	7
chr16	44631000	44631999	6
chr16	44632000	44632999	6
chr16	44633000	44633999	19
chr16	44634000	44634999	10
chr16	44635000	44635999	2
chr16	44636000	44636999	3
chr16	44637000	44637999	3
chr16	44638000	44638999	5
chr16	44639000	44639999	0
chr16	44640000	44640999	15
chr16	44641000	44641999	1
chr16	44642000	44642999	0
chr16	44643000	44643999	17
chr16	44644000	44644999	34
chr16	44645000	44645999	1
chr16	44646000	44646999	11
chr16	44647000	44647999	9
chr16	44648000	44648999	12
chr16	44649000	44649999	0
chr16	44650000	44650999	3
chr16	44651000	44651999	0
chr16	44652000	44652999	9
chr16	44653000	44653999	8
chr16	44654000	44654999	4
chr16	44655000	44655999	2
chr16	44656000	44656999	1
chr16	44657000	44657999	36
chr16	44658000	44658999	27
chr16	44659000	44659999	11
chr16	44660000	44660999	10
chr16	44661000	44661999	33
chr16	44662000	44662999	1
chr16	44663000	44663999	2
chr16	44664000	44664999	0
chr16	44665000	44665999	25
chr16	44666000	44666999	3
chr16	44667000	44667999	7
chr16	44668000	44668999	4
chr16	44669000	44669999	17
chr16	44670000	44670999	5
chr16	44671000	44671999	12
chr16	44672000	44672999	8
chr16	44673000	44673999	2
chr16	44674000	44674999	7
chr16	44675000	44675999	37
chr16	44676000	44676999	77
chr16	44677000	44677999	54
chr16	44678000	44678999	10
chr16	44679000	44679999	23
chr16	44680000	44680999	42
chr16	44681000	44681999	28
chr16	44682000	44682999	15
chr16	44683000	44683999	14
chr16	44684000	44684999	1
chr16	44685000	44685999	9
chr16	44686000	44686999	15
chr16	44687000	44687999	0
chr16	44688000	44688999	18
chr16	44689000	44689999	0
chr16	44690000	44690999	16
chr16	44691000	44691999	40
chr16	44692000	44692999	25
chr16	44693000	44693999	16
chr16	44694000	44694999	4
chr16	44695000	44695999	1
chr16	44696000	44696999	9
chr16	44697000	44697999	4
chr16	44698000	44698999	15
chr16	44699000	44699999	2
chr16	44700000	44700999	22
chr16	44701000	44701999	13
chr16	44702000	44702999	48
chr16	44703000	44703999	28
chr16	44704000	44704999	15
chr16	44705000	44705999	22
chr16	44706000	44706999	16
chr16	44707000	44707999	27
chr16	44708000	44708999	44
chr16	44709000	44709999	8
chr16	44710000	44710999	0
chr16	44711000	44711999	0
chr16	44712000	44712999	0
chr16	44713000	44713999	0
chr16	44714000	44714999	0
chr16	44715000	44715999	0
chr16	44716000	44716999	50
chr16	44717000	44717999	58
chr16	44718000	44718999	13
chr16	44719000	44719999	16
chr16	44720000	44720999	10
chr16	44721000	44721999	3
chr16	44722000	44722999	16
chr16	44723000	44723999	17
chr16	44724000	44724999	94
chr16	44725000	44725999	63
chr16	44726000	44726999	9
chr16	44727000	44727999	30
chr16	44728000	44728999	34
chr16	44729000	44729999	15
chr16	44730000	44730999	13
chr16	44731000	44731999	14
chr16	44732000	44732999	11
chr16	44733000	44733999	11
chr16	44734000	44734999	22
chr16	44735000	44735999	10
chr16	44736000	44736999	15
chr16	44737000	44737999	4
chr16	44738000	44738999	9
chr16	44739000	44739999	3
chr16	44740000	44740999	16
chr16	44741000	44741999	7
chr16	44742000	44742999	35
chr16	44743000	44743999	39
chr16	44744000	44744999	13
chr16	44745000	44745999	23
chr16	44746000	44746999	102
chr16	44747000	44747999	0
chr16	44748000	44748999	31
chr16	44749000	44749999	0
chr16	44750000	44750999	0
chr16	44751000	44751999	11
chr16	44752000	44752999	6
chr16	44753000	44753999	11
chr16	44754000	44754999	37
chr16	44755000	44755999	12
chr16	44756000	44756999	0
chr16	44757000	44757999	13
chr16	44758000	44758999	3
chr16	44759000	44759999	13
chr16	44760000	44760999	0
chr16	44761000	44761999	3
chr16	44762000	44762999	13
chr16	44763000	44763999	7
chr16	44764000	44764999	0
chr16	44765000	44765999	23
chr16	44766000	44766999	29
chr16	44767000	44767999	8
chr16	44768000	44768999	35
chr16	44769000	44769999	7
chr16	44770000	44770999	6
chr16	44771000	44771999	18
chr16	44772000	44772999	4
chr16	44773000	44773999	0
chr16	44774000	44774999	3
chr16	44775000	44775999	33
chr16	44776000	44776999	0
chr16	44777000	44777999	5
chr16	44778000	44778999	21
chr16	44779000	44779999	22
chr16	44780000	44780999	11
chr16	44781000	44781999	19
chr16	44782000	44782999	24
chr16	44783000	44783999	12
chr16	44784000	44784999	9
chr16	44785000	44785999	14
chr16	44786000	44786999	0
chr16	44787000	44787999	13
chr16	44788000	44788999	1
chr16	44789000	44789999	0
chr16	44790000	44790999	1
chr16	44791000	44791999	1
chr16	44792000	44792999	15
chr16	44793000	44793999	1
chr16	44794000	44794999	6
chr16	44795000	44795999	0
chr16	44796000	44796999	6
chr16	44797000	44797999	0
chr16	44798000	44798999	4
chr16	44799000	44799999	4
chr16	44800000	44800999	4
chr16	44801000	44801999	2
chr16	44802000	44802999	22
chr16	44803000	44803999	0
chr16	44804000	44804999	2
chr16	44805000	44805999	28
chr16	44806000	44806999	10
chr16	44807000	44807999	5
chr16	44808000	44808999	15
chr16	44809000	44809999	4
chr16	44810000	44810999	10
chr16	44811000	44811999	7
chr16	44812000	44812999	9
chr16	44813000	44813999	9
chr16	44814000	44814999	3
chr16	44815000	44815999	0
chr16	44816000	44816999	12
chr16	44817000	44817999	2
chr16	44818000	44818999	4
chr16	44819000	44819999	7
chr16	44820000	44820999	0
chr16	44821000	44821999	23
chr16	44822000	44822999	0
chr16	44823000	44823999	0
chr16	44824000	44824999	0
chr16	44825000	44825999	0
chr16	44826000	44826999	15
chr16	44827000	44827999	6
chr16	44828000	44828999	8
chr16	44829000	44829999	0
chr16	44830000	44830999	0
chr16	44831000	44831999	3
chr16	44832000	44832999	11
chr16	44833000	44833999	0
chr16	44834000	44834999	0
chr16	44835000	44835999	14
chr16	44836000	44836999	0
chr16	44837000	44837999	0
chr16	44838000	44838999	1
chr16	44839000	44839999	0
chr16	44840000	44840999	0
chr16	44841000	44841999	0
chr16	44842000	44842999	0
chr16	44843000	44843999	0
chr16	44844000	44844999	0
chr16	44845000	44845999	2
chr16	44846000	44846999	2
chr16	44847000	44847999	0
chr16	44848000	44848999	0
chr16	44849000	44849999	0
chr16	44850000	44850999	0
chr16	44851000	44851999	0
chr16	44852000	44852999	0
chr16	44853000	44853999	0
chr16	44854000	44854999	0
chr16	44855000	44855999	0
chr16	44856000	44856999	0
chr16	44857000	44857999	0
chr16	44858000	44858999	0
chr16	44859000	44859999	0
chr16	44860000	44860999	0
chr16	44861000	44861999	0
chr16	44862000	44862999	0
chr16	44863000	44863999	0
chr16	44864000	44864999	0
chr16	44865000	44865999	0
chr16	44866000	44866999	0
chr16	44867000	44867999	0
chr16	44868000	44868999	0
chr16	44869000	44869999	0
chr16	44870000	44870999	3
chr16	44871000	44871999	0
chr16	44872000	44872999	0
chr16	44873000	44873999	0
chr16	44874000	44874999	0
chr16	44875000	44875999	0
chr16	44876000	44876999	0
chr16	44877000	44877999	11
chr16	44878000	44878999	8
chr16	44879000	44879999	5
chr16	44880000	44880999	10
chr16	44881000	44881999	3
chr16	44882000	44882999	0
chr16	44883000	44883999	0
chr16	44884000	44884999	19
chr16	44885000	44885999	10
chr16	44886000	44886999	15
chr16	44887000	44887999	8
chr16	44888000	44888999	3
chr16	44889000	44889999	0
chr16	44890000	44890999	0
chr16	44891000	44891999	7
chr16	44892000	44892999	19
chr16	44893000	44893999	5
chr16	44894000	44894999	0
chr16	44895000	44895999	0
chr16	44896000	44896999	0
chr16	44897000	44897999	0
chr16	44898000	44898999	0
chr16	44899000	44899999	0
chr16	44900000	44900999	0
chr16	44901000	44901999	0
chr16	44902000	44902999	0
chr16	44903000	44903999	4
chr16	44904000	44904999	0
chr16	44905000	44905999	0
chr16	44906000	44906999	11
chr16	44907000	44907999	4
chr16	44908000	44908999	0
chr16	44909000	44909999	0
chr16	44910000	44910999	3
chr16	44911000	44911999	1
chr16	44912000	44912999	0
chr16	44913000	44913999	8
chr16	44914000	44914999	3
chr16	44915000	44915999	3
chr16	44916000	44916999	0
chr16	44917000	44917999	17
chr16	44918000	44918999	16
chr16	44919000	44919999	0
chr16	44920000	44920999	10
chr16	44921000	44921999	4
chr16	44922000	44922999	0
chr16	44923000	44923999	1
chr16	44924000	44924999	0
chr16	44925000	44925999	0
chr16	44926000	44926999	0
chr16	44927000	44927999	10
chr16	44928000	44928999	4
chr16	44929000	44929999	12
chr16	44930000	44930999	4
chr16	44931000	44931999	11
chr16	44932000	44932999	6
chr16	44933000	44933999	0
chr16	44934000	44934999	0
chr16	44935000	44935999	12
chr16	44936000	44936999	9
chr16	44937000	44937999	4
chr16	44938000	44938999	12
chr16	44939000	44939999	0
chr16	44940000	44940999	9
chr16	44941000	44941999	11
chr16	44942000	44942999	30
chr16	44943000	44943999	10
chr16	44944000	44944999	12
chr16	44945000	44945999	12
chr16	44946000	44946999	1
chr16	44947000	44947999	0
chr16	44948000	44948999	0
chr16	44949000	44949999	0
chr16	44950000	44950999	6
chr16	44951000	44951999	0
chr16	44952000	44952999	14
chr16	44953000	44953999	7
chr16	44954000	44954999	12
chr16	44955000	44955999	1
chr16	44956000	44956999	20
chr16	44957000	44957999	15
chr16	44958000	44958999	19
chr16	44959000	44959999	2
chr16	44960000	44960999	5
chr16	44961000	44961999	1
chr16	44962000	44962999	0
chr16	44963000	44963999	0
chr16	44964000	44964999	20
chr16	44965000	44965999	20
chr16	44966000	44966999	1
chr16	44967000	44967999	0
chr16	44968000	44968999	5
chr16	44969000	44969999	9
chr16	44970000	44970999	27
chr16	44971000	44971999	18
chr16	44972000	44972999	0
chr16	44973000	44973999	0
chr16	44974000	44974999	4
chr16	44975000	44975999	7
chr16	44976000	44976999	0
chr16	44977000	44977999	8
chr16	44978000	44978999	1
chr16	44979000	44979999	0
chr16	44980000	44980999	13
chr16	44981000	44981999	23
chr16	44982000	44982999	0
chr16	44983000	44983999	4
chr16	44984000	44984999	31
chr16	44985000	44985999	24
chr16	44986000	44986999	7
chr16	44987000	44987999	10
chr16	44988000	44988999	29
chr16	44989000	44989999	0
chr16	44990000	44990999	0
chr16	44991000	44991999	10
chr16	44992000	44992999	14
chr16	44993000	44993999	3
chr16	44994000	44994999	23
chr16	44995000	44995999	23
chr16	44996000	44996999	13
chr16	44997000	44997999	5
chr16	44998000	44998999	14
chr16	44999000	44999999	19
chr16	45000000	45000999	18
chr16	45001000	45001999	19
chr16	45002000	45002999	1
chr16	45003000	45003999	4
chr16	45004000	45004999	26
chr16	45005000	45005999	0
chr16	45006000	45006999	0
chr16	45007000	45007999	9
chr16	45008000	45008999	3
chr16	45009000	45009999	5
chr16	45010000	45010999	25
chr16	45011000	45011999	0
chr16	45012000	45012999	24
chr16	45013000	45013999	0
chr16	45014000	45014999	15
chr16	45015000	45015999	17
chr16	45016000	45016999	3
chr16	45017000	45017999	26
chr16	45018000	45018999	30
chr16	45019000	45019999	0
chr16	45020000	45020999	5
chr16	45021000	45021999	17
chr16	45022000	45022999	4
chr16	45023000	45023999	6
chr16	45024000	45024999	25
chr16	45025000	45025999	1
chr16	45026000	45026999	6
chr16	45027000	45027999	6
chr16	45028000	45028999	2
chr16	45029000	45029999	31
chr16	45030000	45030999	29
chr16	45031000	45031999	13
chr16	45032000	45032999	18
chr16	45033000	45033999	15
chr16	45034000	45034999	5
chr16	45035000	45035999	27
chr16	45036000	45036999	10
chr16	45037000	45037999	17
chr16	45038000	45038999	26
chr16	45039000	45039999	6
chr16	45040000	45040999	6
chr16	45041000	45041999	26
chr16	45042000	45042999	11
chr16	45043000	45043999	13
chr16	45044000	45044999	11
chr16	45045000	45045999	3
chr16	45046000	45046999	4
chr16	45047000	45047999	13
chr16	45048000	45048999	7
chr16	45049000	45049999	3
chr16	45050000	45050999	0
chr16	45051000	45051999	0
chr16	45052000	45052999	0
chr16	45053000	45053999	0
chr16	45054000	45054999	0
chr16	45055000	45055999	0
chr16	45056000	45056999	5
chr16	45057000	45057999	4
chr16	45058000	45058999	2
chr16	45059000	45059999	3
chr16	45060000	45060999	5
chr16	45061000	45061999	15
chr16	45062000	45062999	0
chr16	45063000	45063999	0
chr16	45064000	45064999	0
chr16	45065000	45065999	0
chr16	45066000	45066999	0
chr16	45067000	45067999	0
chr16	45068000	45068999	0
chr16	45069000	45069999	9
chr16	45070000	45070999	46
chr16	45071000	45071999	3
chr16	45072000	45072999	3
chr16	45073000	45073999	6
chr16	45074000	45074999	4
chr16	45075000	45075999	18
chr16	45076000	45076999	0
chr16	45077000	45077999	6
chr16	45078000	45078999	0
chr16	45079000	45079999	24
chr16	45080000	45080999	5
chr16	45081000	45081999	0
chr16	45082000	45082999	0
chr16	45083000	45083999	16
chr16	45084000	45084999	24
chr16	45085000	45085999	8
chr16	45086000	45086999	4
chr16	45087000	45087999	8
chr16	45088000	45088999	17
chr16	45089000	45089999	5
chr16	45090000	45090999	10
chr16	45091000	45091999	0
chr16	45092000	45092999	0
chr16	45093000	45093999	10
chr16	45094000	45094999	16
chr16	45095000	45095999	25
chr16	45096000	45096999	15
chr16	45097000	45097999	2
chr16	45098000	45098999	6
chr16	45099000	45099999	22
chr16	45100000	45100999	0
chr16	45101000	45101999	47
chr16	45102000	45102999	0
chr16	45103000	45103999	30
chr16	45104000	45104999	0
chr16	45105000	45105999	0
chr16	45106000	45106999	7
chr16	45107000	45107999	13
chr16	45108000	45108999	0
chr16	45109000	45109999	0
chr16	45110000	45110999	10
chr16	45111000	45111999	37
chr16	45112000	45112999	9
chr16	45113000	45113999	5
chr16	45114000	45114999	8
chr16	45115000	45115999	0
chr16	45116000	45116999	9
chr16	45117000	45117999	0
chr16	45118000	45118999	2
chr16	45119000	45119999	24
chr16	45120000	45120999	8
chr16	45121000	45121999	19
chr16	45122000	45122999	17
chr16	45123000	45123999	3
chr16	45124000	45124999	8
chr16	45125000	45125999	0
chr16	45126000	45126999	1
chr16	45127000	45127999	10
chr16	45128000	45128999	17
chr16	45129000	45129999	20
chr16	45130000	45130999	23
chr16	45131000	45131999	18
chr16	45132000	45132999	3
chr16	45133000	45133999	0
chr16	45134000	45134999	1
chr16	45135000	45135999	0
chr16	45136000	45136999	0
chr16	45137000	45137999	0
chr16	45138000	45138999	0
chr16	45139000	45139999	8
chr16	45140000	45140999	4
chr16	45141000	45141999	6
chr16	45142000	45142999	13
chr16	45143000	45143999	24
chr16	45144000	45144999	4
chr16	45145000	45145999	7
chr16	45146000	45146999	18
chr16	45147000	45147999	1
chr16	45148000	45148999	34
chr16	45149000	45149999	24
chr16	45150000	45150999	11
chr16	45151000	45151999	25
chr16	45152000	45152999	1
chr16	45153000	45153999	7
chr16	45154000	45154999	2
chr16	45155000	45155999	25
chr16	45156000	45156999	3
chr16	45157000	45157999	8
chr16	45158000	45158999	210
chr16	45159000	45159999	73
chr16	45160000	45160999	19
chr16	45161000	45161999	32
chr16	45162000	45162999	19
chr16	45163000	45163999	31
chr16	45164000	45164999	0
chr16	45165000	45165999	9
chr16	45166000	45166999	0
chr16	45167000	45167999	12
chr16	45168000	45168999	8
chr16	45169000	45169999	0
chr16	45170000	45170999	0
chr16	45171000	45171999	18
chr16	45172000	45172999	3
chr16	45173000	45173999	11
chr16	45174000	45174999	25
chr16	45175000	45175999	3
chr16	45176000	45176999	8
chr16	45177000	45177999	21
chr16	45178000	45178999	8
chr16	45179000	45179999	17
chr16	45180000	45180999	3
chr16	45181000	45181999	7
chr16	45182000	45182999	4
chr16	45183000	45183999	3
chr16	45184000	45184999	0
chr16	45185000	45185999	0
chr16	45186000	45186999	16
chr16	45187000	45187999	6
chr16	45188000	45188999	25
chr16	45189000	45189999	14
chr16	45190000	45190999	15
chr16	45191000	45191999	19
chr16	45192000	45192999	8
chr16	45193000	45193999	0
chr16	45194000	45194999	3
chr16	45195000	45195999	6
chr16	45196000	45196999	30
chr16	45197000	45197999	5
chr16	45198000	45198999	4
chr16	45199000	45199999	0
chr16	45200000	45200999	0
chr16	45201000	45201999	10
chr16	45202000	45202999	2
chr16	45203000	45203999	11
chr16	45204000	45204999	5
chr16	45205000	45205999	13
chr16	45206000	45206999	23
chr16	45207000	45207999	25
chr16	45208000	45208999	0
chr16	45209000	45209999	10
chr16	45210000	45210999	0
chr16	45211000	45211999	0
chr16	45212000	45212999	10
chr16	45213000	45213999	0
chr16	45214000	45214999	4
chr16	45215000	45215999	0
chr16	45216000	45216999	10
chr16	45217000	45217999	0
chr16	45218000	45218999	15
chr16	45219000	45219999	0
chr16	45220000	45220999	3
chr16	45221000	45221999	13
chr16	45222000	45222999	27
chr16	45223000	45223999	8
chr16	45224000	45224999	0
chr16	45225000	45225999	7
chr16	45226000	45226999	24
chr16	45227000	45227999	18
chr16	45228000	45228999	0
chr16	45229000	45229999	11
chr16	45230000	45230999	0
chr16	45231000	45231999	10
chr16	45232000	45232999	37
chr16	45233000	45233999	0
chr16	45234000	45234999	0
chr16	45235000	45235999	0
chr16	45236000	45236999	0
chr16	45237000	45237999	0
chr16	45238000	45238999	0
chr16	45239000	45239999	4
chr16	45240000	45240999	18
chr16	45241000	45241999	18
chr16	45242000	45242999	9
chr16	45243000	45243999	14
chr16	45244000	45244999	39
chr16	45245000	45245999	38
chr16	45246000	45246999	2
chr16	45247000	45247999	11
chr16	45248000	45248999	6
chr16	45249000	45249999	14
chr16	45250000	45250999	30
chr16	45251000	45251999	17
chr16	45252000	45252999	0
chr16	45253000	45253999	5
chr16	45254000	45254999	0
chr16	45255000	45255999	11
chr16	45256000	45256999	5
chr16	45257000	45257999	11
chr16	45258000	45258999	11
chr16	45259000	45259999	11
chr16	45260000	45260999	10
chr16	45261000	45261999	32
chr16	45262000	45262999	4
chr16	45263000	45263999	14
chr16	45264000	45264999	2
chr16	45265000	45265999	1
chr16	45266000	45266999	13
chr16	45267000	45267999	7
chr16	45268000	45268999	0
chr16	45269000	45269999	8
chr16	45270000	45270999	2
chr16	45271000	45271999	6
chr16	45272000	45272999	3
chr16	45273000	45273999	21
chr16	45274000	45274999	8
chr16	45275000	45275999	7
chr16	45276000	45276999	1
chr16	45277000	45277999	6
chr16	45278000	45278999	0
chr16	45279000	45279999	25
chr16	45280000	45280999	9
chr16	45281000	45281999	0
chr16	45282000	45282999	0
chr16	45283000	45283999	31
chr16	45284000	45284999	3
chr16	45285000	45285999	2
chr16	45286000	45286999	7
chr16	45287000	45287999	4
chr16	45288000	45288999	0
chr16	45289000	45289999	0
chr16	45290000	45290999	2
chr16	45291000	45291999	4
chr16	45292000	45292999	1
chr16	45293000	45293999	0
chr16	45294000	45294999	2
chr16	45295000	45295999	0
chr16	45296000	45296999	6
chr16	45297000	45297999	0
chr16	45298000	45298999	9
chr16	45299000	45299999	10
chr16	45300000	45300999	10
chr16	45301000	45301999	8
chr16	45302000	45302999	0
chr16	45303000	45303999	16
chr16	45304000	45304999	3
chr16	45305000	45305999	11
chr16	45306000	45306999	0
chr16	45307000	45307999	2
chr16	45308000	45308999	2
chr16	45309000	45309999	0
chr16	45310000	45310999	21
chr16	45311000	45311999	7
chr16	45312000	45312999	5
chr16	45313000	45313999	3
chr16	45314000	45314999	3
chr16	45315000	45315999	11
chr16	45316000	45316999	0
chr16	45317000	45317999	14
chr16	45318000	45318999	4
chr16	45319000	45319999	0
chr16	45320000	45320999	0
chr16	45321000	45321999	5
chr16	45322000	45322999	0
chr16	45323000	45323999	0
chr16	45324000	45324999	0
chr16	45325000	45325999	0
chr16	45326000	45326999	10
chr16	45327000	45327999	22
chr16	45328000	45328999	14
chr16	45329000	45329999	8
chr16	45330000	45330999	22
chr16	45331000	45331999	47
chr16	45332000	45332999	4
chr16	45333000	45333999	10
chr16	45334000	45334999	0
chr16	45335000	45335999	9
chr16	45336000	45336999	32
chr16	45337000	45337999	5
chr16	45338000	45338999	0
chr16	45339000	45339999	19
chr16	45340000	45340999	2
chr16	45341000	45341999	28
chr16	45342000	45342999	10
chr16	45343000	45343999	0
chr16	45344000	45344999	10
chr16	45345000	45345999	26
chr16	45346000	45346999	9
chr16	45347000	45347999	20
chr16	45348000	45348999	10
chr16	45349000	45349999	2
chr16	45350000	45350999	21
chr16	45351000	45351999	0
chr16	45352000	45352999	1
chr16	45353000	45353999	29
chr16	45354000	45354999	0
chr16	45355000	45355999	17
chr16	45356000	45356999	18
chr16	45357000	45357999	0
chr16	45358000	45358999	10
chr16	45359000	45359999	0
chr16	45360000	45360999	0
chr16	45361000	45361999	12
chr16	45362000	45362999	6
chr16	45363000	45363999	6
chr16	45364000	45364999	2
chr16	45365000	45365999	8
chr16	45366000	45366999	8
chr16	45367000	45367999	13
chr16	45368000	45368999	0
chr16	45369000	45369999	24
chr16	45370000	45370999	11
chr16	45371000	45371999	8
chr16	45372000	45372999	21
chr16	45373000	45373999	20
chr16	45374000	45374999	16
chr16	45375000	45375999	13
chr16	45376000	45376999	34
chr16	45377000	45377999	19
chr16	45378000	45378999	15
chr16	45379000	45379999	8
chr16	45380000	45380999	13
chr16	45381000	45381999	31
chr16	45382000	45382999	7
chr16	45383000	45383999	7
chr16	45384000	45384999	9
chr16	45385000	45385999	17
chr16	45386000	45386999	5
chr16	45387000	45387999	0
chr16	45388000	45388999	15
chr16	45389000	45389999	2
chr16	45390000	45390999	0
chr16	45391000	45391999	0
chr16	45392000	45392999	8
chr16	45393000	45393999	16
chr16	45394000	45394999	2
chr16	45395000	45395999	7
chr16	45396000	45396999	17
chr16	45397000	45397999	29
chr16	45398000	45398999	8
chr16	45399000	45399999	15
chr16	45400000	45400999	13
chr16	45401000	45401999	36
chr16	45402000	45402999	19
chr16	45403000	45403999	18
chr16	45404000	45404999	18
chr16	45405000	45405999	1
chr16	45406000	45406999	12
chr16	45407000	45407999	0
chr16	45408000	45408999	5
chr16	45409000	45409999	5
chr16	45410000	45410999	17
chr16	45411000	45411999	0
chr16	45412000	45412999	9
chr16	45413000	45413999	3
chr16	45414000	45414999	6
chr16	45415000	45415999	2
chr16	45416000	45416999	3
chr16	45417000	45417999	0
chr16	45418000	45418999	1
chr16	45419000	45419999	4
chr16	45420000	45420999	19
chr16	45421000	45421999	4
chr16	45422000	45422999	9
chr16	45423000	45423999	0
chr16	45424000	45424999	7
chr16	45425000	45425999	25
chr16	45426000	45426999	0
chr16	45427000	45427999	9
chr16	45428000	45428999	9
chr16	45429000	45429999	0
chr16	45430000	45430999	4
chr16	45431000	45431999	10
chr16	45432000	45432999	0
chr16	45433000	45433999	5
chr16	45434000	45434999	0
chr16	45435000	45435999	12
chr16	45436000	45436999	0
chr16	45437000	45437999	35
chr16	45438000	45438999	4
chr16	45439000	45439999	0
chr16	45440000	45440999	0
chr16	45441000	45441999	2
chr16	45442000	45442999	0
chr16	45443000	45443999	0
chr16	45444000	45444999	0
chr16	45445000	45445999	0
chr16	45446000	45446999	13
chr16	45447000	45447999	0
chr16	45448000	45448999	1
chr16	45449000	45449999	28
chr16	45450000	45450999	15
chr16	45451000	45451999	0
chr16	45452000	45452999	15
chr16	45453000	45453999	5
chr16	45454000	45454999	3
chr16	45455000	45455999	13
chr16	45456000	45456999	15
chr16	45457000	45457999	4
chr16	45458000	45458999	3
chr16	45459000	45459999	0
chr16	45460000	45460999	0
chr16	45461000	45461999	8
chr16	45462000	45462999	0
chr16	45463000	45463999	0
chr16	45464000	45464999	0
chr16	45465000	45465999	0
chr16	45466000	45466999	0
chr16	45467000	45467999	0
chr16	45468000	45468999	0
chr16	45469000	45469999	4
chr16	45470000	45470999	10
chr16	45471000	45471999	0
chr16	45472000	45472999	6
chr16	45473000	45473999	7
chr16	45474000	45474999	0
chr16	45475000	45475999	2
chr16	45476000	45476999	19
chr16	45477000	45477999	5
chr16	45478000	45478999	9
chr16	45479000	45479999	5
chr16	45480000	45480999	19
chr16	45481000	45481999	7
chr16	45482000	45482999	0
chr16	45483000	45483999	0
chr16	45484000	45484999	25
chr16	45485000	45485999	13
chr16	45486000	45486999	45
chr16	45487000	45487999	14
chr16	45488000	45488999	17
chr16	45489000	45489999	7
chr16	45490000	45490999	5
chr16	45491000	45491999	0
chr16	45492000	45492999	0
chr16	45493000	45493999	1
chr16	45494000	45494999	0
chr16	45495000	45495999	21
chr16	45496000	45496999	21
chr16	45497000	45497999	0
chr16	45498000	45498999	23
chr16	45499000	45499999	3
chr16	45500000	45500999	9
chr16	45501000	45501999	17
chr16	45502000	45502999	20
chr16	45503000	45503999	9
chr16	45504000	45504999	0
chr16	45505000	45505999	7
chr16	45506000	45506999	5
chr16	45507000	45507999	14
chr16	45508000	45508999	0
chr16	45509000	45509999	0
chr16	45510000	45510999	0
chr16	45511000	45511999	9
chr16	45512000	45512999	12
chr16	45513000	45513999	0
chr16	45514000	45514999	0
chr16	45515000	45515999	0
chr16	45516000	45516999	0
chr16	45517000	45517999	0
chr16	45518000	45518999	0
chr16	45519000	45519999	7
chr16	45520000	45520999	11
chr16	45521000	45521999	2
chr16	45522000	45522999	8
chr16	45523000	45523999	0
chr16	45524000	45524999	31
chr16	45525000	45525999	0
chr16	45526000	45526999	37
chr16	45527000	45527999	5
chr16	45528000	45528999	1
chr16	45529000	45529999	0
chr16	45530000	45530999	0
chr16	45531000	45531999	10
chr16	45532000	45532999	4
chr16	45533000	45533999	8
chr16	45534000	45534999	5
chr16	45535000	45535999	10
chr16	45536000	45536999	4
chr16	45537000	45537999	0
chr16	45538000	45538999	6
chr16	45539000	45539999	9
chr16	45540000	45540999	0
chr16	45541000	45541999	24
chr16	45542000	45542999	19
chr16	45543000	45543999	7
chr16	45544000	45544999	0
chr16	45545000	45545999	3
chr16	45546000	45546999	33
chr16	45547000	45547999	6
chr16	45548000	45548999	15
chr16	45549000	45549999	3
chr16	45550000	45550999	0
chr16	45551000	45551999	16
chr16	45552000	45552999	0
chr16	45553000	45553999	8
chr16	45554000	45554999	17
chr16	45555000	45555999	3
chr16	45556000	45556999	5
chr16	45557000	45557999	9
chr16	45558000	45558999	2
chr16	45559000	45559999	15
chr16	45560000	45560999	0
chr16	45561000	45561999	4
chr16	45562000	45562999	6
chr16	45563000	45563999	10
chr16	45564000	45564999	6
chr16	45565000	45565999	0
chr16	45566000	45566999	0
chr16	45567000	45567999	0
chr16	45568000	45568999	0
chr16	45569000	45569999	0
chr16	45570000	45570999	0
chr16	45571000	45571999	0
chr16	45572000	45572999	19
chr16	45573000	45573999	7
chr16	45574000	45574999	24
chr16	45575000	45575999	0
chr16	45576000	45576999	13
chr16	45577000	45577999	0
chr16	45578000	45578999	0
chr16	45579000	45579999	11
chr16	45580000	45580999	20
chr16	45581000	45581999	26
chr16	45582000	45582999	5
chr16	45583000	45583999	4
chr16	45584000	45584999	8
chr16	45585000	45585999	12
chr16	45586000	45586999	11
chr16	45587000	45587999	5
chr16	45588000	45588999	1
chr16	45589000	45589999	5
chr16	45590000	45590999	14
chr16	45591000	45591999	19
chr16	45592000	45592999	6
chr16	45593000	45593999	3
chr16	45594000	45594999	33
chr16	45595000	45595999	31
chr16	45596000	45596999	26
chr16	45597000	45597999	3
chr16	45598000	45598999	30
chr16	45599000	45599999	7
chr16	45600000	45600999	3
chr16	45601000	45601999	10
chr16	45602000	45602999	19
chr16	45603000	45603999	18
chr16	45604000	45604999	5
chr16	45605000	45605999	0
chr16	45606000	45606999	0
chr16	45607000	45607999	4
chr16	45608000	45608999	7
chr16	45609000	45609999	7
chr16	45610000	45610999	29
chr16	45611000	45611999	1
chr16	45612000	45612999	19
chr16	45613000	45613999	12
chr16	45614000	45614999	8
chr16	45615000	45615999	31
chr16	45616000	45616999	21
chr16	45617000	45617999	10
chr16	45618000	45618999	27
chr16	45619000	45619999	9
chr16	45620000	45620999	44
chr16	45621000	45621999	21
chr16	45622000	45622999	3
chr16	45623000	45623999	8
chr16	45624000	45624999	7
chr16	45625000	45625999	4
chr16	45626000	45626999	11
chr16	45627000	45627999	4
chr16	45628000	45628999	33
chr16	45629000	45629999	75
chr16	45630000	45630999	71
chr16	45631000	45631999	4
chr16	45632000	45632999	20
chr16	45633000	45633999	41
chr16	45634000	45634999	9
chr16	45635000	45635999	3
chr16	45636000	45636999	14
chr16	45637000	45637999	24
chr16	45638000	45638999	7
chr16	45639000	45639999	37
chr16	45640000	45640999	33
chr16	45641000	45641999	33
chr16	45642000	45642999	4
chr16	45643000	45643999	24
chr16	45644000	45644999	59
chr16	45645000	45645999	14
chr16	45646000	45646999	13
chr16	45647000	45647999	17
chr16	45648000	45648999	20
chr16	45649000	45649999	23
chr16	45650000	45650999	8
chr16	45651000	45651999	67
chr16	45652000	45652999	53
chr16	45653000	45653999	22
chr16	45654000	45654999	103
chr16	45655000	45655999	0
chr16	45656000	45656999	0
chr16	45657000	45657999	1
chr16	45658000	45658999	0
chr16	45659000	45659999	14
chr16	45660000	45660999	2
chr16	45661000	45661999	2
chr16	45662000	45662999	23
chr16	45663000	45663999	44
chr16	45664000	45664999	20
chr16	45665000	45665999	19
chr16	45666000	45666999	23
chr16	45667000	45667999	27
chr16	45668000	45668999	20
chr16	45669000	45669999	2
chr16	45670000	45670999	27
chr16	45671000	45671999	18
chr16	45672000	45672999	15
chr16	45673000	45673999	7
chr16	45674000	45674999	4
chr16	45675000	45675999	9
chr16	45676000	45676999	0
chr16	45677000	45677999	7
chr16	45678000	45678999	3
chr16	45679000	45679999	4
chr16	45680000	45680999	0
chr16	45681000	45681999	8
chr16	45682000	45682999	6
chr16	45683000	45683999	10
chr16	45684000	45684999	23
chr16	45685000	45685999	32
chr16	45686000	45686999	19
chr16	45687000	45687999	1
chr16	45688000	45688999	20
chr16	45689000	45689999	4
chr16	45690000	45690999	9
chr16	45691000	45691999	0
chr16	45692000	45692999	0
chr16	45693000	45693999	12
chr16	45694000	45694999	1
chr16	45695000	45695999	5
chr16	45696000	45696999	1
chr16	45697000	45697999	22
chr16	45698000	45698999	1
chr16	45699000	45699999	40
chr16	45700000	45700999	0
chr16	45701000	45701999	5
chr16	45702000	45702999	51
chr16	45703000	45703999	4
chr16	45704000	45704999	15
chr16	45705000	45705999	13
chr16	45706000	45706999	0
chr16	45707000	45707999	0
chr16	45708000	45708999	0
chr16	45709000	45709999	4
chr16	45710000	45710999	0
chr16	45711000	45711999	0
chr16	45712000	45712999	0
chr16	45713000	45713999	11
chr16	45714000	45714999	1
chr16	45715000	45715999	16
chr16	45716000	45716999	1
chr16	45717000	45717999	0
chr16	45718000	45718999	6
chr16	45719000	45719999	14
chr16	45720000	45720999	4
chr16	45721000	45721999	11
chr16	45722000	45722999	8
chr16	45723000	45723999	27
chr16	45724000	45724999	10
chr16	45725000	45725999	15
chr16	45726000	45726999	6
chr16	45727000	45727999	6
chr16	45728000	45728999	0
chr16	45729000	45729999	6
chr16	45730000	45730999	9
chr16	45731000	45731999	10
chr16	45732000	45732999	1
chr16	45733000	45733999	17
chr16	45734000	45734999	1
chr16	45735000	45735999	17
chr16	45736000	45736999	19
chr16	45737000	45737999	44
chr16	45738000	45738999	31
chr16	45739000	45739999	33
chr16	45740000	45740999	11
chr16	45741000	45741999	39
chr16	45742000	45742999	82
chr16	45743000	45743999	41
chr16	45744000	45744999	2
chr16	45745000	45745999	4
chr16	45746000	45746999	4
chr16	45747000	45747999	30
chr16	45748000	45748999	0
chr16	45749000	45749999	29
chr16	45750000	45750999	12
chr16	45751000	45751999	0
chr16	45752000	45752999	7
chr16	45753000	45753999	0
chr16	45754000	45754999	0
chr16	45755000	45755999	0
chr16	45756000	45756999	4
chr16	45757000	45757999	38
chr16	45758000	45758999	10
chr16	45759000	45759999	11
chr16	45760000	45760999	5
chr16	45761000	45761999	4
chr16	45762000	45762999	1
chr16	45763000	45763999	19
chr16	45764000	45764999	11
chr16	45765000	45765999	6
chr16	45766000	45766999	17
chr16	45767000	45767999	26
chr16	45768000	45768999	7
chr16	45769000	45769999	0
chr16	45770000	45770999	10
chr16	45771000	45771999	0
chr16	45772000	45772999	4
chr16	45773000	45773999	13
chr16	45774000	45774999	21
chr16	45775000	45775999	6
chr16	45776000	45776999	4
chr16	45777000	45777999	11
chr16	45778000	45778999	19
chr16	45779000	45779999	20
chr16	45780000	45780999	11
chr16	45781000	45781999	13
chr16	45782000	45782999	11
chr16	45783000	45783999	0
chr16	45784000	45784999	1
chr16	45785000	45785999	22
chr16	45786000	45786999	21
chr16	45787000	45787999	0
chr16	45788000	45788999	18
chr16	45789000	45789999	12
chr16	45790000	45790999	9
chr16	45791000	45791999	29
chr16	45792000	45792999	15
chr16	45793000	45793999	16
chr16	45794000	45794999	6
chr16	45795000	45795999	17
chr16	45796000	45796999	24
chr16	45797000	45797999	2
chr16	45798000	45798999	0
chr16	45799000	45799999	6
chr16	45800000	45800999	31
chr16	45801000	45801999	10
chr16	45802000	45802999	9
chr16	45803000	45803999	8
chr16	45804000	45804999	5
chr16	45805000	45805999	11
chr16	45806000	45806999	0
chr16	45807000	45807999	10
chr16	45808000	45808999	20
chr16	45809000	45809999	11
chr16	45810000	45810999	18
chr16	45811000	45811999	27
chr16	45812000	45812999	6
chr16	45813000	45813999	6
chr16	45814000	45814999	9
chr16	45815000	45815999	6
chr16	45816000	45816999	0
chr16	45817000	45817999	12
chr16	45818000	45818999	7
chr16	45819000	45819999	22
chr16	45820000	45820999	16
chr16	45821000	45821999	13
chr16	45822000	45822999	3
chr16	45823000	45823999	25
chr16	45824000	45824999	4
chr16	45825000	45825999	8
chr16	45826000	45826999	37
chr16	45827000	45827999	1
chr16	45828000	45828999	16
chr16	45829000	45829999	6
chr16	45830000	45830999	5
chr16	45831000	45831999	2
chr16	45832000	45832999	6
chr16	45833000	45833999	10
chr16	45834000	45834999	4
chr16	45835000	45835999	3
chr16	45836000	45836999	0
chr16	45837000	45837999	6
chr16	45838000	45838999	2
chr16	45839000	45839999	22
chr16	45840000	45840999	6
chr16	45841000	45841999	31
chr16	45842000	45842999	10
chr16	45843000	45843999	21
chr16	45844000	45844999	39
chr16	45845000	45845999	0
chr16	45846000	45846999	6
chr16	45847000	45847999	12
chr16	45848000	45848999	3
chr16	45849000	45849999	10
chr16	45850000	45850999	1
chr16	45851000	45851999	2
chr16	45852000	45852999	19
chr16	45853000	45853999	6
chr16	45854000	45854999	20
chr16	45855000	45855999	6
chr16	45856000	45856999	8
chr16	45857000	45857999	17
chr16	45858000	45858999	5
chr16	45859000	45859999	0
chr16	45860000	45860999	5
chr16	45861000	45861999	13
chr16	45862000	45862999	4
chr16	45863000	45863999	10
chr16	45864000	45864999	0
chr16	45865000	45865999	4
chr16	45866000	45866999	19
chr16	45867000	45867999	17
chr16	45868000	45868999	12
chr16	45869000	45869999	0
chr16	45870000	45870999	11
chr16	45871000	45871999	35
chr16	45872000	45872999	0
chr16	45873000	45873999	4
chr16	45874000	45874999	0
chr16	45875000	45875999	12
chr16	45876000	45876999	23
chr16	45877000	45877999	25
chr16	45878000	45878999	17
chr16	45879000	45879999	3
chr16	45880000	45880999	38
chr16	45881000	45881999	13
chr16	45882000	45882999	52
chr16	45883000	45883999	5
chr16	45884000	45884999	7
chr16	45885000	45885999	19
chr16	45886000	45886999	27
chr16	45887000	45887999	13
chr16	45888000	45888999	14
chr16	45889000	45889999	2
chr16	45890000	45890999	1
chr16	45891000	45891999	3
chr16	45892000	45892999	10
chr16	45893000	45893999	3
chr16	45894000	45894999	21
chr16	45895000	45895999	0
chr16	45896000	45896999	25
chr16	45897000	45897999	4
chr16	45898000	45898999	5
chr16	45899000	45899999	0
chr16	45900000	45900999	28
chr16	45901000	45901999	20
chr16	45902000	45902999	43
chr16	45903000	45903999	17
chr16	45904000	45904999	11
chr16	45905000	45905999	23
chr16	45906000	45906999	0
chr16	45907000	45907999	3
chr16	45908000	45908999	11
chr16	45909000	45909999	0
chr16	45910000	45910999	0
chr16	45911000	45911999	8
chr16	45912000	45912999	0
chr16	45913000	45913999	0
chr16	45914000	45914999	20
chr16	45915000	45915999	17
chr16	45916000	45916999	6
chr16	45917000	45917999	0
chr16	45918000	45918999	7
chr16	45919000	45919999	4
chr16	45920000	45920999	9
chr16	45921000	45921999	14
chr16	45922000	45922999	20
chr16	45923000	45923999	12
chr16	45924000	45924999	1
chr16	45925000	45925999	2
chr16	45926000	45926999	3
chr16	45927000	45927999	9
chr16	45928000	45928999	1
chr16	45929000	45929999	15
chr16	45930000	45930999	5
chr16	45931000	45931999	0
chr16	45932000	45932999	9
chr16	45933000	45933999	2
chr16	45934000	45934999	9
chr16	45935000	45935999	6
chr16	45936000	45936999	19
chr16	45937000	45937999	17
chr16	45938000	45938999	10
chr16	45939000	45939999	24
chr16	45940000	45940999	0
chr16	45941000	45941999	5
chr16	45942000	45942999	8
chr16	45943000	45943999	13
chr16	45944000	45944999	15
chr16	45945000	45945999	12
chr16	45946000	45946999	16
chr16	45947000	45947999	4
chr16	45948000	45948999	13
chr16	45949000	45949999	9
chr16	45950000	45950999	14
chr16	45951000	45951999	8
chr16	45952000	45952999	4
chr16	45953000	45953999	15
chr16	45954000	45954999	6
chr16	45955000	45955999	17
chr16	45956000	45956999	3
chr16	45957000	45957999	0
chr16	45958000	45958999	15
chr16	45959000	45959999	13
chr16	45960000	45960999	12
chr16	45961000	45961999	16
chr16	45962000	45962999	13
chr16	45963000	45963999	21
chr16	45964000	45964999	26
chr16	45965000	45965999	14
chr16	45966000	45966999	29
chr16	45967000	45967999	28
chr16	45968000	45968999	9
chr16	45969000	45969999	1
chr16	45970000	45970999	17
chr16	45971000	45971999	25
chr16	45972000	45972999	8
chr16	45973000	45973999	21
chr16	45974000	45974999	48
chr16	45975000	45975999	17
chr16	45976000	45976999	23
chr16	45977000	45977999	13
chr16	45978000	45978999	9
chr16	45979000	45979999	18
chr16	45980000	45980999	10
chr16	45981000	45981999	20
chr16	45982000	45982999	0
chr16	45983000	45983999	0
chr16	45984000	45984999	0
chr16	45985000	45985999	7
chr16	45986000	45986999	18
chr16	45987000	45987999	5
chr16	45988000	45988999	6
chr16	45989000	45989999	3
chr16	45990000	45990999	19
chr16	45991000	45991999	33
chr16	45992000	45992999	23
chr16	45993000	45993999	40
chr16	45994000	45994999	8
chr16	45995000	45995999	9
chr16	45996000	45996999	1
chr16	45997000	45997999	0
chr16	45998000	45998999	10
chr16	45999000	45999999	21
chr16	46000000	46000999	5
chr16	46001000	46001999	0
chr16	46002000	46002999	0
chr16	46003000	46003999	9
chr16	46004000	46004999	7
chr16	46005000	46005999	16
chr16	46006000	46006999	4
chr16	46007000	46007999	9
chr16	46008000	46008999	32
chr16	46009000	46009999	8
chr16	46010000	46010999	266
chr16	46011000	46011999	40
chr16	46012000	46012999	17
chr16	46013000	46013999	14
chr16	46014000	46014999	12
chr16	46015000	46015999	0
chr16	46016000	46016999	0
chr16	46017000	46017999	5
chr16	46018000	46018999	25
chr16	46019000	46019999	46
chr16	46020000	46020999	62
chr16	46021000	46021999	32
chr16	46022000	46022999	29
chr16	46023000	46023999	15
chr16	46024000	46024999	33
chr16	46025000	46025999	19
chr16	46026000	46026999	4
chr16	46027000	46027999	12
chr16	46028000	46028999	14
chr16	46029000	46029999	18
chr16	46030000	46030999	2
chr16	46031000	46031999	18
chr16	46032000	46032999	3
chr16	46033000	46033999	35
chr16	46034000	46034999	4
chr16	46035000	46035999	4
chr16	46036000	46036999	10
chr16	46037000	46037999	7
chr16	46038000	46038999	5
chr16	46039000	46039999	21
chr16	46040000	46040999	4
chr16	46041000	46041999	8
chr16	46042000	46042999	3
chr16	46043000	46043999	3
chr16	46044000	46044999	2
chr16	46045000	46045999	24
chr16	46046000	46046999	8
chr16	46047000	46047999	0
chr16	46048000	46048999	8
chr16	46049000	46049999	18
chr16	46050000	46050999	5
chr16	46051000	46051999	6
chr16	46052000	46052999	0
chr16	46053000	46053999	5
chr16	46054000	46054999	0
chr16	46055000	46055999	7
chr16	46056000	46056999	13
chr16	46057000	46057999	0
chr16	46058000	46058999	8
chr16	46059000	46059999	6
chr16	46060000	46060999	0
chr16	46061000	46061999	1
chr16	46062000	46062999	5
chr16	46063000	46063999	18
chr16	46064000	46064999	14
chr16	46065000	46065999	2
chr16	46066000	46066999	1
chr16	46067000	46067999	11
chr16	46068000	46068999	11
chr16	46069000	46069999	0
chr16	46070000	46070999	0
chr16	46071000	46071999	3
chr16	46072000	46072999	5
chr16	46073000	46073999	21
chr16	46074000	46074999	8
chr16	46075000	46075999	1
chr16	46076000	46076999	18
chr16	46077000	46077999	0
chr16	46078000	46078999	3
chr16	46079000	46079999	0
chr16	46080000	46080999	0
chr16	46081000	46081999	0
chr16	46082000	46082999	0
chr16	46083000	46083999	0
chr16	46084000	46084999	4
chr16	46085000	46085999	15
chr16	46086000	46086999	3
chr16	46087000	46087999	0
chr16	46088000	46088999	7
chr16	46089000	46089999	18
chr16	46090000	46090999	7
chr16	46091000	46091999	26
chr16	46092000	46092999	1
chr16	46093000	46093999	17
chr16	46094000	46094999	7
chr16	46095000	46095999	5
chr16	46096000	46096999	4
chr16	46097000	46097999	4
chr16	46098000	46098999	22
chr16	46099000	46099999	7
chr16	46100000	46100999	25
chr16	46101000	46101999	29
chr16	46102000	46102999	23
chr16	46103000	46103999	11
chr16	46104000	46104999	21
chr16	46105000	46105999	3
chr16	46106000	46106999	6
chr16	46107000	46107999	8
chr16	46108000	46108999	0
chr16	46109000	46109999	25
chr16	46110000	46110999	9
chr16	46111000	46111999	13
chr16	46112000	46112999	33
chr16	46113000	46113999	10
chr16	46114000	46114999	15
chr16	46115000	46115999	7
chr16	46116000	46116999	0
chr16	46117000	46117999	5
chr16	46118000	46118999	11
chr16	46119000	46119999	2
chr16	46120000	46120999	0
chr16	46121000	46121999	16
chr16	46122000	46122999	14
chr16	46123000	46123999	8
chr16	46124000	46124999	0
chr16	46125000	46125999	8
chr16	46126000	46126999	16
chr16	46127000	46127999	2
chr16	46128000	46128999	11
chr16	46129000	46129999	15
chr16	46130000	46130999	0
chr16	46131000	46131999	13
chr16	46132000	46132999	18
chr16	46133000	46133999	10
chr16	46134000	46134999	7
chr16	46135000	46135999	33
chr16	46136000	46136999	10
chr16	46137000	46137999	24
chr16	46138000	46138999	16
chr16	46139000	46139999	17
chr16	46140000	46140999	3
chr16	46141000	46141999	25
chr16	46142000	46142999	10
chr16	46143000	46143999	2
chr16	46144000	46144999	12
chr16	46145000	46145999	6
chr16	46146000	46146999	13
chr16	46147000	46147999	14
chr16	46148000	46148999	11
chr16	46149000	46149999	8
chr16	46150000	46150999	0
chr16	46151000	46151999	10
chr16	46152000	46152999	0
chr16	46153000	46153999	8
chr16	46154000	46154999	2
chr16	46155000	46155999	15
chr16	46156000	46156999	16
chr16	46157000	46157999	0
chr16	46158000	46158999	0
chr16	46159000	46159999	7
chr16	46160000	46160999	22
chr16	46161000	46161999	15
chr16	46162000	46162999	14
chr16	46163000	46163999	3
chr16	46164000	46164999	16
chr16	46165000	46165999	15
chr16	46166000	46166999	0
chr16	46167000	46167999	5
chr16	46168000	46168999	3
chr16	46169000	46169999	13
chr16	46170000	46170999	0
chr16	46171000	46171999	0
chr16	46172000	46172999	18
chr16	46173000	46173999	4
chr16	46174000	46174999	7
chr16	46175000	46175999	6
chr16	46176000	46176999	4
chr16	46177000	46177999	5
chr16	46178000	46178999	0
chr16	46179000	46179999	0
chr16	46180000	46180999	18
chr16	46181000	46181999	0
chr16	46182000	46182999	7
chr16	46183000	46183999	9
chr16	46184000	46184999	32
chr16	46185000	46185999	18
chr16	46186000	46186999	23
chr16	46187000	46187999	5
chr16	46188000	46188999	9
chr16	46189000	46189999	1
chr16	46190000	46190999	5
chr16	46191000	46191999	8
chr16	46192000	46192999	7
chr16	46193000	46193999	8
chr16	46194000	46194999	7
chr16	46195000	46195999	0
chr16	46196000	46196999	0
chr16	46197000	46197999	3
chr16	46198000	46198999	6
chr16	46199000	46199999	16
chr16	46200000	46200999	26
chr16	46201000	46201999	22
chr16	46202000	46202999	0
chr16	46203000	46203999	13
chr16	46204000	46204999	4
chr16	46205000	46205999	15
chr16	46206000	46206999	4
chr16	46207000	46207999	0
chr16	46208000	46208999	18
chr16	46209000	46209999	7
chr16	46210000	46210999	3
chr16	46211000	46211999	1
chr16	46212000	46212999	21
chr16	46213000	46213999	30
chr16	46214000	46214999	8
chr16	46215000	46215999	13
chr16	46216000	46216999	0
chr16	46217000	46217999	6
chr16	46218000	46218999	3
chr16	46219000	46219999	0
chr16	46220000	46220999	3
chr16	46221000	46221999	12
chr16	46222000	46222999	10
chr16	46223000	46223999	40
chr16	46224000	46224999	0
chr16	46225000	46225999	13
chr16	46226000	46226999	4
chr16	46227000	46227999	15
chr16	46228000	46228999	30
chr16	46229000	46229999	6
chr16	46230000	46230999	16
chr16	46231000	46231999	20
chr16	46232000	46232999	0
chr16	46233000	46233999	10
chr16	46234000	46234999	10
chr16	46235000	46235999	3
chr16	46236000	46236999	11
chr16	46237000	46237999	5
chr16	46238000	46238999	7
chr16	46239000	46239999	7
chr16	46240000	46240999	2
chr16	46241000	46241999	0
chr16	46242000	46242999	0
chr16	46243000	46243999	5
chr16	46244000	46244999	3
chr16	46245000	46245999	9
chr16	46246000	46246999	4
chr16	46247000	46247999	18
chr16	46248000	46248999	0
chr16	46249000	46249999	8
chr16	46250000	46250999	5
chr16	46251000	46251999	0
chr16	46252000	46252999	17
chr16	46253000	46253999	6
chr16	46254000	46254999	4
chr16	46255000	46255999	0
chr16	46256000	46256999	1
chr16	46257000	46257999	26
chr16	46258000	46258999	1
chr16	46259000	46259999	19
chr16	46260000	46260999	7
chr16	46261000	46261999	35
chr16	46262000	46262999	12
chr16	46263000	46263999	18
chr16	46264000	46264999	10
chr16	46265000	46265999	0
chr16	46266000	46266999	0
chr16	46267000	46267999	3
chr16	46268000	46268999	0
chr16	46269000	46269999	0
chr16	46270000	46270999	0
chr16	46271000	46271999	17
chr16	46272000	46272999	0
chr16	46273000	46273999	0
chr16	46274000	46274999	7
chr16	46275000	46275999	7
chr16	46276000	46276999	0
chr16	46277000	46277999	0
chr16	46278000	46278999	0
chr16	46279000	46279999	0
chr16	46280000	46280999	10
chr16	46281000	46281999	5
chr16	46282000	46282999	26
chr16	46283000	46283999	11
chr16	46284000	46284999	26
chr16	46285000	46285999	5
chr16	46286000	46286999	16
chr16	46287000	46287999	12
chr16	46288000	46288999	6
chr16	46289000	46289999	3
chr16	46290000	46290999	8
chr16	46291000	46291999	7
chr16	46292000	46292999	17
chr16	46293000	46293999	14
chr16	46294000	46294999	18
chr16	46295000	46295999	11
chr16	46296000	46296999	8
chr16	46297000	46297999	25
chr16	46298000	46298999	7
chr16	46299000	46299999	0
chr16	46300000	46300999	13
chr16	46301000	46301999	4
chr16	46302000	46302999	8
chr16	46303000	46303999	4
chr16	46304000	46304999	14
chr16	46305000	46305999	35
chr16	46306000	46306999	0
chr16	46307000	46307999	0
chr16	46308000	46308999	11
chr16	46309000	46309999	8
chr16	46310000	46310999	4
chr16	46311000	46311999	19
chr16	46312000	46312999	0
chr16	46313000	46313999	0
chr16	46314000	46314999	0
chr16	46315000	46315999	9
chr16	46316000	46316999	0
chr16	46317000	46317999	1
chr16	46318000	46318999	16
chr16	46319000	46319999	12
chr16	46320000	46320999	23
chr16	46321000	46321999	3
chr16	46322000	46322999	11
chr16	46323000	46323999	8
chr16	46324000	46324999	1
chr16	46325000	46325999	0
chr16	46326000	46326999	2
chr16	46327000	46327999	12
chr16	46328000	46328999	22
chr16	46329000	46329999	14
chr16	46330000	46330999	6
chr16	46331000	46331999	8
chr16	46332000	46332999	11
chr16	46333000	46333999	10
chr16	46334000	46334999	0
chr16	46335000	46335999	15
chr16	46336000	46336999	13
chr16	46337000	46337999	0
chr16	46338000	46338999	2
chr16	46339000	46339999	14
chr16	46340000	46340999	17
chr16	46341000	46341999	0
chr16	46342000	46342999	0
chr16	46343000	46343999	4
chr16	46344000	46344999	12
chr16	46345000	46345999	18
chr16	46346000	46346999	13
chr16	46347000	46347999	10
chr16	46348000	46348999	7
chr16	46349000	46349999	23
chr16	46350000	46350999	4
chr16	46351000	46351999	5
chr16	46352000	46352999	10
chr16	46353000	46353999	4
chr16	46354000	46354999	14
chr16	46355000	46355999	15
chr16	46356000	46356999	18
chr16	46357000	46357999	22
chr16	46358000	46358999	5
chr16	46359000	46359999	17
chr16	46360000	46360999	19
chr16	46361000	46361999	22
chr16	46362000	46362999	5
chr16	46363000	46363999	5
chr16	46364000	46364999	0
chr16	46365000	46365999	0
chr16	46366000	46366999	0
chr16	46367000	46367999	0
chr16	46368000	46368999	0
chr16	46369000	46369999	21
chr16	46370000	46370999	2
chr16	46371000	46371999	0
chr16	46372000	46372999	27
chr16	46373000	46373999	0
chr16	46374000	46374999	4
chr16	46375000	46375999	0
chr16	46376000	46376999	1
chr16	46377000	46377999	21
chr16	46378000	46378999	10
chr16	46379000	46379999	8
chr16	46380000	46380999	29
chr16	46381000	46381999	12
chr16	46382000	46382999	2
chr16	46383000	46383999	20
chr16	46384000	46384999	6
chr16	46385000	46385999	22
chr16	46386000	46386999	11
chr16	46387000	46387999	17
chr16	46388000	46388999	6
chr16	46389000	46389999	4
chr16	46390000	46390999	6
chr16	46391000	46391999	0
chr16	46392000	46392999	8
chr16	46393000	46393999	16
chr16	46394000	46394999	0
chr16	46395000	46395999	20
chr16	46396000	46396999	10
chr16	46397000	46397999	3
chr16	46398000	46398999	0
chr16	46399000	46399999	0
chr16	46400000	46400999	7
chr16	46401000	46401999	0
chr16	46402000	46402999	20
chr16	46403000	46403999	0
chr16	46404000	46404999	12
chr16	46405000	46405999	27
chr16	46406000	46406999	1
chr16	46407000	46407999	1
chr16	46408000	46408999	3
chr16	46409000	46409999	9
chr16	46410000	46410999	22
chr16	46411000	46411999	10
chr16	46412000	46412999	18
chr16	46413000	46413999	19
chr16	46414000	46414999	24
chr16	46415000	46415999	57
chr16	46416000	46416999	8
chr16	46417000	46417999	17
chr16	46418000	46418999	0
chr16	46419000	46419999	12
chr16	46420000	46420999	15
chr16	46421000	46421999	0
chr16	46422000	46422999	0
chr16	46423000	46423999	14
chr16	46424000	46424999	8
chr16	46425000	46425999	10
chr16	46426000	46426999	34
chr16	46427000	46427999	0
chr16	46428000	46428999	19
chr16	46429000	46429999	23
chr16	46430000	46430999	3
chr16	46431000	46431999	9
chr16	46432000	46432999	1
chr16	46433000	46433999	20
chr16	46434000	46434999	13
chr16	46435000	46435999	12
chr16	46436000	46436999	0
chr16	46437000	46437999	17
chr16	46438000	46438999	14
chr16	46439000	46439999	0
chr16	46440000	46440999	0
chr16	46441000	46441999	10
chr16	46442000	46442999	0
chr16	46443000	46443999	15
chr16	46444000	46444999	12
chr16	46445000	46445999	0
chr16	46446000	46446999	5
chr16	46447000	46447999	17
chr16	46448000	46448999	14
chr16	46449000	46449999	0
chr16	46450000	46450999	9
chr16	46451000	46451999	0
chr16	46452000	46452999	40
chr16	46453000	46453999	40
chr16	46454000	46454999	16
chr16	46455000	46455999	7
chr16	46456000	46456999	1
chr16	46457000	46457999	8
chr16	46458000	46458999	18
chr16	46459000	46459999	0
chr16	46460000	46460999	13
chr16	46461000	46461999	0
chr16	46462000	46462999	0
chr16	46463000	46463999	3
chr16	46464000	46464999	7
chr16	46465000	46465999	2
chr16	46466000	46466999	7
chr16	46467000	46467999	4
chr16	46468000	46468999	12
chr16	46469000	46469999	7
chr16	46470000	46470999	3
chr16	46471000	46471999	0
chr16	46472000	46472999	15
chr16	46473000	46473999	0
chr16	46474000	46474999	2
chr16	46475000	46475999	15
chr16	46476000	46476999	14
chr16	46477000	46477999	9
chr16	46478000	46478999	0
chr16	46479000	46479999	0
chr16	46480000	46480999	47
chr16	46481000	46481999	0
chr16	46482000	46482999	0
chr16	46483000	46483999	0
chr16	46484000	46484999	13
chr16	46485000	46485999	3
chr16	46486000	46486999	25
chr16	46487000	46487999	2
chr16	46488000	46488999	0
chr16	46489000	46489999	3
chr16	46490000	46490999	24
chr16	46491000	46491999	0
chr16	46492000	46492999	0
chr16	46493000	46493999	4
chr16	46494000	46494999	5
chr16	46495000	46495999	19
chr16	46496000	46496999	45
chr16	46497000	46497999	52
chr16	46498000	46498999	28
chr16	46499000	46499999	0
chr16	46500000	46500999	35
chr16	46501000	46501999	33
chr16	46502000	46502999	5
chr16	46503000	46503999	0
chr16	46504000	46504999	11
chr16	46505000	46505999	3
chr16	46506000	46506999	8
chr16	46507000	46507999	16
chr16	46508000	46508999	15
chr16	46509000	46509999	0
chr16	46510000	46510999	10
chr16	46511000	46511999	8
chr16	46512000	46512999	0
chr16	46513000	46513999	24
chr16	46514000	46514999	0
chr16	46515000	46515999	3
chr16	46516000	46516999	3
chr16	46517000	46517999	10
chr16	46518000	46518999	0
chr16	46519000	46519999	24
chr16	46520000	46520999	26
chr16	46521000	46521999	26
chr16	46522000	46522999	25
chr16	46523000	46523999	18
chr16	46524000	46524999	0
chr16	46525000	46525999	0
chr16	46526000	46526999	17
chr16	46527000	46527999	15
chr16	46528000	46528999	24
chr16	46529000	46529999	8
chr16	46530000	46530999	32
chr16	46531000	46531999	14
chr16	46532000	46532999	0
chr16	46533000	46533999	24
chr16	46534000	46534999	2
chr16	46535000	46535999	1
chr16	46536000	46536999	9
chr16	46537000	46537999	11
chr16	46538000	46538999	12
chr16	46539000	46539999	11
chr16	46540000	46540999	0
chr16	46541000	46541999	7
chr16	46542000	46542999	4
chr16	46543000	46543999	19
chr16	46544000	46544999	9
chr16	46545000	46545999	5
chr16	46546000	46546999	0
chr16	46547000	46547999	6
chr16	46548000	46548999	16
chr16	46549000	46549999	0
chr16	46550000	46550999	5
chr16	46551000	46551999	4
chr16	46552000	46552999	6
chr16	46553000	46553999	6
chr16	46554000	46554999	0
chr16	46555000	46555999	21
chr16	46556000	46556999	13
chr16	46557000	46557999	16
chr16	46558000	46558999	8
chr16	46559000	46559999	12
chr16	46560000	46560999	7
chr16	46561000	46561999	3
chr16	46562000	46562999	4
chr16	46563000	46563999	0
chr16	46564000	46564999	22
chr16	46565000	46565999	2
chr16	46566000	46566999	13
chr16	46567000	46567999	30
chr16	46568000	46568999	6
chr16	46569000	46569999	9
chr16	46570000	46570999	0
chr16	46571000	46571999	25
chr16	46572000	46572999	26
chr16	46573000	46573999	14
chr16	46574000	46574999	0
chr16	46575000	46575999	21
chr16	46576000	46576999	34
chr16	46577000	46577999	15
chr16	46578000	46578999	22
chr16	46579000	46579999	13
chr16	46580000	46580999	18
chr16	46581000	46581999	0
chr16	46582000	46582999	0
chr16	46583000	46583999	4
chr16	46584000	46584999	7
chr16	46585000	46585999	1
chr16	46586000	46586999	0
chr16	46587000	46587999	7
chr16	46588000	46588999	8
chr16	46589000	46589999	6
chr16	46590000	46590999	23
chr16	46591000	46591999	14
chr16	46592000	46592999	9
chr16	46593000	46593999	43
chr16	46594000	46594999	8
chr16	46595000	46595999	0
chr16	46596000	46596999	0
chr16	46597000	46597999	0
chr16	46598000	46598999	1
chr16	46599000	46599999	12
chr16	46600000	46600999	7
chr16	46601000	46601999	6
chr16	46602000	46602999	0
chr16	46603000	46603999	7
chr16	46604000	46604999	26
chr16	46605000	46605999	0
chr16	46606000	46606999	10
chr16	46607000	46607999	9
chr16	46608000	46608999	10
chr16	46609000	46609999	18
chr16	46610000	46610999	21
chr16	46611000	46611999	6
chr16	46612000	46612999	33
chr16	46613000	46613999	2
chr16	46614000	46614999	0
chr16	46615000	46615999	7
chr16	46616000	46616999	5
chr16	46617000	46617999	2
chr16	46618000	46618999	4
chr16	46619000	46619999	0
chr16	46620000	46620999	4
chr16	46621000	46621999	0
chr16	46622000	46622999	24
chr16	46623000	46623999	17
chr16	46624000	46624999	24
chr16	46625000	46625999	14
chr16	46626000	46626999	5
chr16	46627000	46627999	14
chr16	46628000	46628999	9
chr16	46629000	46629999	16
chr16	46630000	46630999	5
chr16	46631000	46631999	0
chr16	46632000	46632999	39
chr16	46633000	46633999	17
chr16	46634000	46634999	0
chr16	46635000	46635999	7
chr16	46636000	46636999	21
chr16	46637000	46637999	11
chr16	46638000	46638999	1
chr16	46639000	46639999	0
chr16	46640000	46640999	7
chr16	46641000	46641999	25
chr16	46642000	46642999	0
chr16	46643000	46643999	0
chr16	46644000	46644999	0
chr16	46645000	46645999	0
chr16	46646000	46646999	0
chr16	46647000	46647999	0
chr16	46648000	46648999	0
chr16	46649000	46649999	0
chr16	46650000	46650999	0
chr16	46651000	46651999	0
chr16	46652000	46652999	6
chr16	46653000	46653999	0
chr16	46654000	46654999	20
chr16	46655000	46655999	4
chr16	46656000	46656999	9
chr16	46657000	46657999	1
chr16	46658000	46658999	0
chr16	46659000	46659999	4
chr16	46660000	46660999	25
chr16	46661000	46661999	19
chr16	46662000	46662999	0
chr16	46663000	46663999	8
chr16	46664000	46664999	0
chr16	46665000	46665999	6
chr16	46666000	46666999	7
chr16	46667000	46667999	0
chr16	46668000	46668999	0
chr16	46669000	46669999	28
chr16	46670000	46670999	36
chr16	46671000	46671999	3
chr16	46672000	46672999	3
chr16	46673000	46673999	23
chr16	46674000	46674999	23
chr16	46675000	46675999	12
chr16	46676000	46676999	6
chr16	46677000	46677999	8
chr16	46678000	46678999	11
chr16	46679000	46679999	16
chr16	46680000	46680999	5
chr16	46681000	46681999	2
chr16	46682000	46682999	13
chr16	46683000	46683999	0
chr16	46684000	46684999	4
chr16	46685000	46685999	0
chr16	46686000	46686999	11
chr16	46687000	46687999	12
chr16	46688000	46688999	14
chr16	46689000	46689999	25
chr16	46690000	46690999	5
chr16	46691000	46691999	10
chr16	46692000	46692999	3
chr16	46693000	46693999	4
chr16	46694000	46694999	3
chr16	46695000	46695999	11
chr16	46696000	46696999	21
chr16	46697000	46697999	9
chr16	46698000	46698999	6
chr16	46699000	46699999	24
chr16	46700000	46700999	17
chr16	46701000	46701999	16
chr16	46702000	46702999	5
chr16	46703000	46703999	24
chr16	46704000	46704999	18
chr16	46705000	46705999	0
chr16	46706000	46706999	0
chr16	46707000	46707999	17
chr16	46708000	46708999	22
chr16	46709000	46709999	3
chr16	46710000	46710999	0
chr16	46711000	46711999	4
chr16	46712000	46712999	0
chr16	46713000	46713999	21
chr16	46714000	46714999	5
chr16	46715000	46715999	3
chr16	46716000	46716999	0
chr16	46717000	46717999	0
chr16	46718000	46718999	0
chr16	46719000	46719999	13
chr16	46720000	46720999	17
chr16	46721000	46721999	6
chr16	46722000	46722999	22
chr16	46723000	46723999	8
chr16	46724000	46724999	6
chr16	46725000	46725999	1
chr16	46726000	46726999	20
chr16	46727000	46727999	12
chr16	46728000	46728999	4
chr16	46729000	46729999	0
chr16	46730000	46730999	11
chr16	46731000	46731999	6
chr16	46732000	46732999	0
chr16	46733000	46733999	0
chr16	46734000	46734999	2
chr16	46735000	46735999	12
chr16	46736000	46736999	37
chr16	46737000	46737999	4
chr16	46738000	46738999	1
chr16	46739000	46739999	0
chr16	46740000	46740999	5
chr16	46741000	46741999	7
chr16	46742000	46742999	6
chr16	46743000	46743999	28
chr16	46744000	46744999	16
chr16	46745000	46745999	10
chr16	46746000	46746999	11
chr16	46747000	46747999	0
chr16	46748000	46748999	1
chr16	46749000	46749999	10
chr16	46750000	46750999	7
chr16	46751000	46751999	18
chr16	46752000	46752999	5
chr16	46753000	46753999	0
chr16	46754000	46754999	3
chr16	46755000	46755999	1
chr16	46756000	46756999	0
chr16	46757000	46757999	0
chr16	46758000	46758999	0
chr16	46759000	46759999	0
chr16	46760000	46760999	0
chr16	46761000	46761999	0
chr16	46762000	46762999	0
chr16	46763000	46763999	2
chr16	46764000	46764999	1
chr16	46765000	46765999	12
chr16	46766000	46766999	7
chr16	46767000	46767999	15
chr16	46768000	46768999	11
chr16	46769000	46769999	8
chr16	46770000	46770999	5
chr16	46771000	46771999	7
chr16	46772000	46772999	8
chr16	46773000	46773999	6
chr16	46774000	46774999	14
chr16	46775000	46775999	4
chr16	46776000	46776999	0
chr16	46777000	46777999	11
chr16	46778000	46778999	0
chr16	46779000	46779999	16
chr16	46780000	46780999	3
chr16	46781000	46781999	3
chr16	46782000	46782999	3
chr16	46783000	46783999	11
chr16	46784000	46784999	0
chr16	46785000	46785999	7
chr16	46786000	46786999	0
chr16	46787000	46787999	5
chr16	46788000	46788999	10
chr16	46789000	46789999	0
chr16	46790000	46790999	5
chr16	46791000	46791999	0
chr16	46792000	46792999	5
chr16	46793000	46793999	5
chr16	46794000	46794999	19
chr16	46795000	46795999	9
chr16	46796000	46796999	3
chr16	46797000	46797999	0
chr16	46798000	46798999	16
chr16	46799000	46799999	5
chr16	46800000	46800999	6
chr16	46801000	46801999	10
chr16	46802000	46802999	6
chr16	46803000	46803999	17
chr16	46804000	46804999	9
chr16	46805000	46805999	20
chr16	46806000	46806999	6
chr16	46807000	46807999	0
chr16	46808000	46808999	3
chr16	46809000	46809999	0
chr16	46810000	46810999	17
chr16	46811000	46811999	0
chr16	46812000	46812999	10
chr16	46813000	46813999	1
chr16	46814000	46814999	4
chr16	46815000	46815999	11
chr16	46816000	46816999	7
chr16	46817000	46817999	15
chr16	46818000	46818999	6
chr16	46819000	46819999	11
chr16	46820000	46820999	14
chr16	46821000	46821999	6
chr16	46822000	46822999	9
chr16	46823000	46823999	8
chr16	46824000	46824999	10
chr16	46825000	46825999	6
chr16	46826000	46826999	0
chr16	46827000	46827999	2
chr16	46828000	46828999	17
chr16	46829000	46829999	2
chr16	46830000	46830999	16
chr16	46831000	46831999	10
chr16	46832000	46832999	0
chr16	46833000	46833999	9
chr16	46834000	46834999	3
chr16	46835000	46835999	0
chr16	46836000	46836999	2
chr16	46837000	46837999	0
chr16	46838000	46838999	19
chr16	46839000	46839999	16
chr16	46840000	46840999	22
chr16	46841000	46841999	5
chr16	46842000	46842999	20
chr16	46843000	46843999	18
chr16	46844000	46844999	15
chr16	46845000	46845999	10
chr16	46846000	46846999	6
chr16	46847000	46847999	7
chr16	46848000	46848999	10
chr16	46849000	46849999	0
chr16	46850000	46850999	2
chr16	46851000	46851999	38
chr16	46852000	46852999	13
chr16	46853000	46853999	1
chr16	46854000	46854999	7
chr16	46855000	46855999	8
chr16	46856000	46856999	17
chr16	46857000	46857999	11
chr16	46858000	46858999	2
chr16	46859000	46859999	10
chr16	46860000	46860999	0
chr16	46861000	46861999	7
chr16	46862000	46862999	20
chr16	46863000	46863999	0
chr16	46864000	46864999	0
chr16	46865000	46865999	8
chr16	46866000	46866999	0
chr16	46867000	46867999	10
chr16	46868000	46868999	1
chr16	46869000	46869999	0
chr16	46870000	46870999	8
chr16	46871000	46871999	0
chr16	46872000	46872999	16
chr16	46873000	46873999	6
chr16	46874000	46874999	13
chr16	46875000	46875999	8
chr16	46876000	46876999	30
chr16	46877000	46877999	5
chr16	46878000	46878999	6
chr16	46879000	46879999	1
chr16	46880000	46880999	9
chr16	46881000	46881999	0
chr16	46882000	46882999	1
chr16	46883000	46883999	8
chr16	46884000	46884999	20
chr16	46885000	46885999	0
chr16	46886000	46886999	10
chr16	46887000	46887999	33
chr16	46888000	46888999	24
chr16	46889000	46889999	0
chr16	46890000	46890999	0
chr16	46891000	46891999	0
chr16	46892000	46892999	5
chr16	46893000	46893999	15
chr16	46894000	46894999	14
chr16	46895000	46895999	35
chr16	46896000	46896999	16
chr16	46897000	46897999	6
chr16	46898000	46898999	13
chr16	46899000	46899999	1
chr16	46900000	46900999	15
chr16	46901000	46901999	0
chr16	46902000	46902999	0
chr16	46903000	46903999	4
chr16	46904000	46904999	9
chr16	46905000	46905999	5
chr16	46906000	46906999	0
chr16	46907000	46907999	5
chr16	46908000	46908999	0
chr16	46909000	46909999	17
chr16	46910000	46910999	9
chr16	46911000	46911999	18
chr16	46912000	46912999	1
chr16	46913000	46913999	6
chr16	46914000	46914999	22
chr16	46915000	46915999	0
chr16	46916000	46916999	5
chr16	46917000	46917999	9
chr16	46918000	46918999	8
chr16	46919000	46919999	35
chr16	46920000	46920999	10
chr16	46921000	46921999	8
chr16	46922000	46922999	12
chr16	46923000	46923999	33
chr16	46924000	46924999	32
chr16	46925000	46925999	4
chr16	46926000	46926999	8
chr16	46927000	46927999	4
chr16	46928000	46928999	19
chr16	46929000	46929999	5
chr16	46930000	46930999	13
chr16	46931000	46931999	0
chr16	46932000	46932999	7
chr16	46933000	46933999	5
chr16	46934000	46934999	4
chr16	46935000	46935999	3
chr16	46936000	46936999	10
chr16	46937000	46937999	19
chr16	46938000	46938999	3
chr16	46939000	46939999	15
chr16	46940000	46940999	8
chr16	46941000	46941999	6
chr16	46942000	46942999	8
chr16	46943000	46943999	9
chr16	46944000	46944999	5
chr16	46945000	46945999	8
chr16	46946000	46946999	0
chr16	46947000	46947999	0
chr16	46948000	46948999	0
chr16	46949000	46949999	5
chr16	46950000	46950999	6
chr16	46951000	46951999	7
chr16	46952000	46952999	8
chr16	46953000	46953999	4
chr16	46954000	46954999	15
chr16	46955000	46955999	0
chr16	46956000	46956999	16
chr16	46957000	46957999	1
chr16	46958000	46958999	0
chr16	46959000	46959999	21
chr16	46960000	46960999	13
chr16	46961000	46961999	6
chr16	46962000	46962999	0
chr16	46963000	46963999	9
chr16	46964000	46964999	19
chr16	46965000	46965999	5
chr16	46966000	46966999	19
chr16	46967000	46967999	9
chr16	46968000	46968999	13
chr16	46969000	46969999	2
chr16	46970000	46970999	9
chr16	46971000	46971999	4
chr16	46972000	46972999	10
chr16	46973000	46973999	0
chr16	46974000	46974999	28
chr16	46975000	46975999	14
chr16	46976000	46976999	0
chr16	46977000	46977999	0
chr16	46978000	46978999	0
chr16	46979000	46979999	0
chr16	46980000	46980999	0
chr16	46981000	46981999	0
chr16	46982000	46982999	7
chr16	46983000	46983999	3
chr16	46984000	46984999	4
chr16	46985000	46985999	22
chr16	46986000	46986999	11
chr16	46987000	46987999	15
chr16	46988000	46988999	0
chr16	46989000	46989999	0
chr16	46990000	46990999	4
chr16	46991000	46991999	11
chr16	46992000	46992999	8
chr16	46993000	46993999	11
chr16	46994000	46994999	12
chr16	46995000	46995999	19
chr16	46996000	46996999	21
chr16	46997000	46997999	2
chr16	46998000	46998999	10
chr16	46999000	46999999	7
chr16	47000000	47000999	12
chr16	47001000	47001999	11
chr16	47002000	47002999	0
chr16	47003000	47003999	38
chr16	47004000	47004999	11
chr16	47005000	47005999	8
chr16	47006000	47006999	4
chr16	47007000	47007999	0
chr16	47008000	47008999	8
chr16	47009000	47009999	6
chr16	47010000	47010999	1
chr16	47011000	47011999	0
chr16	47012000	47012999	5
chr16	47013000	47013999	4
chr16	47014000	47014999	4
chr16	47015000	47015999	14
chr16	47016000	47016999	6
chr16	47017000	47017999	0
chr16	47018000	47018999	0
chr16	47019000	47019999	13
chr16	47020000	47020999	1
chr16	47021000	47021999	27
chr16	47022000	47022999	11
chr16	47023000	47023999	0
chr16	47024000	47024999	28
chr16	47025000	47025999	14
chr16	47026000	47026999	16
chr16	47027000	47027999	4
chr16	47028000	47028999	19
chr16	47029000	47029999	1
chr16	47030000	47030999	0
chr16	47031000	47031999	4
chr16	47032000	47032999	0
chr16	47033000	47033999	13
chr16	47034000	47034999	15
chr16	47035000	47035999	0
chr16	47036000	47036999	5
chr16	47037000	47037999	4
chr16	47038000	47038999	0
chr16	47039000	47039999	11
chr16	47040000	47040999	5
chr16	47041000	47041999	19
chr16	47042000	47042999	0
chr16	47043000	47043999	0
chr16	47044000	47044999	1
chr16	47045000	47045999	9
chr16	47046000	47046999	10
chr16	47047000	47047999	5
chr16	47048000	47048999	14
chr16	47049000	47049999	7
chr16	47050000	47050999	0
chr16	47051000	47051999	18
chr16	47052000	47052999	8
chr16	47053000	47053999	0
chr16	47054000	47054999	16
chr16	47055000	47055999	1
chr16	47056000	47056999	26
chr16	47057000	47057999	23
chr16	47058000	47058999	22
chr16	47059000	47059999	16
chr16	47060000	47060999	6
chr16	47061000	47061999	1
chr16	47062000	47062999	0
chr16	47063000	47063999	0
chr16	47064000	47064999	0
chr16	47065000	47065999	0
chr16	47066000	47066999	6
chr16	47067000	47067999	0
chr16	47068000	47068999	24
chr16	47069000	47069999	2
chr16	47070000	47070999	1
chr16	47071000	47071999	0
chr16	47072000	47072999	9
chr16	47073000	47073999	18
chr16	47074000	47074999	7
chr16	47075000	47075999	9
chr16	47076000	47076999	11
chr16	47077000	47077999	0
chr16	47078000	47078999	3
chr16	47079000	47079999	13
chr16	47080000	47080999	0
chr16	47081000	47081999	25
chr16	47082000	47082999	11
chr16	47083000	47083999	0
chr16	47084000	47084999	13
chr16	47085000	47085999	11
chr16	47086000	47086999	25
chr16	47087000	47087999	2
chr16	47088000	47088999	7
chr16	47089000	47089999	21
chr16	47090000	47090999	6
chr16	47091000	47091999	4
chr16	47092000	47092999	0
chr16	47093000	47093999	20
chr16	47094000	47094999	7
chr16	47095000	47095999	67
chr16	47096000	47096999	19
chr16	47097000	47097999	0
chr16	47098000	47098999	17
chr16	47099000	47099999	0
chr16	47100000	47100999	3
chr16	47101000	47101999	20
chr16	47102000	47102999	3
chr16	47103000	47103999	16
chr16	47104000	47104999	0
chr16	47105000	47105999	0
chr16	47106000	47106999	15
chr16	47107000	47107999	0
chr16	47108000	47108999	16
chr16	47109000	47109999	0
chr16	47110000	47110999	20
chr16	47111000	47111999	6
chr16	47112000	47112999	7
chr16	47113000	47113999	0
chr16	47114000	47114999	0
chr16	47115000	47115999	14
chr16	47116000	47116999	9
chr16	47117000	47117999	6
chr16	47118000	47118999	13
chr16	47119000	47119999	8
chr16	47120000	47120999	5
chr16	47121000	47121999	0
chr16	47122000	47122999	0
chr16	47123000	47123999	0
chr16	47124000	47124999	1
chr16	47125000	47125999	0
chr16	47126000	47126999	8
chr16	47127000	47127999	25
chr16	47128000	47128999	1
chr16	47129000	47129999	27
chr16	47130000	47130999	13
chr16	47131000	47131999	0
chr16	47132000	47132999	4
chr16	47133000	47133999	0
chr16	47134000	47134999	0
chr16	47135000	47135999	0
chr16	47136000	47136999	0
chr16	47137000	47137999	0
chr16	47138000	47138999	0
chr16	47139000	47139999	20
chr16	47140000	47140999	2
chr16	47141000	47141999	10
chr16	47142000	47142999	0
chr16	47143000	47143999	0
chr16	47144000	47144999	4
chr16	47145000	47145999	0
chr16	47146000	47146999	0
chr16	47147000	47147999	0
chr16	47148000	47148999	11
chr16	47149000	47149999	0
chr16	47150000	47150999	3
chr16	47151000	47151999	12
chr16	47152000	47152999	14
chr16	47153000	47153999	11
chr16	47154000	47154999	11
chr16	47155000	47155999	1
chr16	47156000	47156999	27
chr16	47157000	47157999	9
chr16	47158000	47158999	21
chr16	47159000	47159999	5
chr16	47160000	47160999	1
chr16	47161000	47161999	15
chr16	47162000	47162999	3
chr16	47163000	47163999	0
chr16	47164000	47164999	2
chr16	47165000	47165999	2
chr16	47166000	47166999	6
chr16	47167000	47167999	5
chr16	47168000	47168999	20
chr16	47169000	47169999	7
chr16	47170000	47170999	5
chr16	47171000	47171999	18
chr16	47172000	47172999	3
chr16	47173000	47173999	11
chr16	47174000	47174999	16
chr16	47175000	47175999	2
chr16	47176000	47176999	9
chr16	47177000	47177999	10
chr16	47178000	47178999	10
chr16	47179000	47179999	19
chr16	47180000	47180999	2
chr16	47181000	47181999	16
chr16	47182000	47182999	8
chr16	47183000	47183999	9
chr16	47184000	47184999	0
chr16	47185000	47185999	0
chr16	47186000	47186999	11
chr16	47187000	47187999	7
chr16	47188000	47188999	10
chr16	47189000	47189999	0
chr16	47190000	47190999	2
chr16	47191000	47191999	2
chr16	47192000	47192999	10
chr16	47193000	47193999	0
chr16	47194000	47194999	11
chr16	47195000	47195999	21
chr16	47196000	47196999	16
chr16	47197000	47197999	8
chr16	47198000	47198999	28
chr16	47199000	47199999	0
chr16	47200000	47200999	11
chr16	47201000	47201999	16
chr16	47202000	47202999	2
chr16	47203000	47203999	7
chr16	47204000	47204999	0
chr16	47205000	47205999	8
chr16	47206000	47206999	0
chr16	47207000	47207999	18
chr16	47208000	47208999	15
chr16	47209000	47209999	19
chr16	47210000	47210999	5
chr16	47211000	47211999	13
chr16	47212000	47212999	17
chr16	47213000	47213999	14
chr16	47214000	47214999	24
chr16	47215000	47215999	12
chr16	47216000	47216999	0
chr16	47217000	47217999	16
chr16	47218000	47218999	10
chr16	47219000	47219999	3
chr16	47220000	47220999	12
chr16	47221000	47221999	11
chr16	47222000	47222999	22
chr16	47223000	47223999	15
chr16	47224000	47224999	0
chr16	47225000	47225999	0
chr16	47226000	47226999	14
chr16	47227000	47227999	5
chr16	47228000	47228999	8
chr16	47229000	47229999	5
chr16	47230000	47230999	13
chr16	47231000	47231999	9
chr16	47232000	47232999	0
chr16	47233000	47233999	24
chr16	47234000	47234999	0
chr16	47235000	47235999	5
chr16	47236000	47236999	0
chr16	47237000	47237999	1
chr16	47238000	47238999	0
chr16	47239000	47239999	8
chr16	47240000	47240999	0
chr16	47241000	47241999	0
chr16	47242000	47242999	0
chr16	47243000	47243999	11
chr16	47244000	47244999	27
chr16	47245000	47245999	3
chr16	47246000	47246999	3
chr16	47247000	47247999	4
chr16	47248000	47248999	8
chr16	47249000	47249999	14
chr16	47250000	47250999	3
chr16	47251000	47251999	11
chr16	47252000	47252999	14
chr16	47253000	47253999	10
chr16	47254000	47254999	0
chr16	47255000	47255999	7
chr16	47256000	47256999	2
chr16	47257000	47257999	7
chr16	47258000	47258999	0
chr16	47259000	47259999	0
chr16	47260000	47260999	22
chr16	47261000	47261999	12
chr16	47262000	47262999	10
chr16	47263000	47263999	11
chr16	47264000	47264999	5
chr16	47265000	47265999	18
chr16	47266000	47266999	19
chr16	47267000	47267999	4
chr16	47268000	47268999	4
chr16	47269000	47269999	0
chr16	47270000	47270999	0
chr16	47271000	47271999	9
chr16	47272000	47272999	5
chr16	47273000	47273999	0
chr16	47274000	47274999	0
chr16	47275000	47275999	11
chr16	47276000	47276999	21
chr16	47277000	47277999	17
chr16	47278000	47278999	7
chr16	47279000	47279999	0
chr16	47280000	47280999	6
chr16	47281000	47281999	18
chr16	47282000	47282999	23
chr16	47283000	47283999	13
chr16	47284000	47284999	33
chr16	47285000	47285999	0
chr16	47286000	47286999	0
chr16	47287000	47287999	6
chr16	47288000	47288999	0
chr16	47289000	47289999	12
chr16	47290000	47290999	15
chr16	47291000	47291999	6
chr16	47292000	47292999	9
chr16	47293000	47293999	0
chr16	47294000	47294999	0
chr16	47295000	47295999	0
chr16	47296000	47296999	0
chr16	47297000	47297999	0
chr16	47298000	47298999	0
chr16	47299000	47299999	0
chr16	47300000	47300999	0
chr16	47301000	47301999	15
chr16	47302000	47302999	23
chr16	47303000	47303999	18
chr16	47304000	47304999	9
chr16	47305000	47305999	0
chr16	47306000	47306999	0
chr16	47307000	47307999	0
chr16	47308000	47308999	0
chr16	47309000	47309999	0
chr16	47310000	47310999	0
chr16	47311000	47311999	0
chr16	47312000	47312999	10
chr16	47313000	47313999	2
chr16	47314000	47314999	1
chr16	47315000	47315999	15
chr16	47316000	47316999	6
chr16	47317000	47317999	0
chr16	47318000	47318999	8
chr16	47319000	47319999	11
chr16	47320000	47320999	25
chr16	47321000	47321999	0
chr16	47322000	47322999	0
chr16	47323000	47323999	3
chr16	47324000	47324999	7
chr16	47325000	47325999	0
chr16	47326000	47326999	17
chr16	47327000	47327999	14
chr16	47328000	47328999	3
chr16	47329000	47329999	0
chr16	47330000	47330999	0
chr16	47331000	47331999	9
chr16	47332000	47332999	17
chr16	47333000	47333999	5
chr16	47334000	47334999	4
chr16	47335000	47335999	7
chr16	47336000	47336999	1
chr16	47337000	47337999	14
chr16	47338000	47338999	22
chr16	47339000	47339999	12
chr16	47340000	47340999	0
chr16	47341000	47341999	0
chr16	47342000	47342999	19
chr16	47343000	47343999	10
chr16	47344000	47344999	4
chr16	47345000	47345999	7
chr16	47346000	47346999	0
chr16	47347000	47347999	5
chr16	47348000	47348999	20
chr16	47349000	47349999	7
chr16	47350000	47350999	3
chr16	47351000	47351999	29
chr16	47352000	47352999	0
chr16	47353000	47353999	0
chr16	47354000	47354999	0
chr16	47355000	47355999	19
chr16	47356000	47356999	11
chr16	47357000	47357999	14
chr16	47358000	47358999	19
chr16	47359000	47359999	6
chr16	47360000	47360999	14
chr16	47361000	47361999	0
chr16	47362000	47362999	0
chr16	47363000	47363999	1
chr16	47364000	47364999	9
chr16	47365000	47365999	10
chr16	47366000	47366999	5
chr16	47367000	47367999	16
chr16	47368000	47368999	0
chr16	47369000	47369999	2
chr16	47370000	47370999	11
chr16	47371000	47371999	0
chr16	47372000	47372999	6
chr16	47373000	47373999	7
chr16	47374000	47374999	2
chr16	47375000	47375999	10
chr16	47376000	47376999	0
chr16	47377000	47377999	12
chr16	47378000	47378999	5
chr16	47379000	47379999	0
chr16	47380000	47380999	0
chr16	47381000	47381999	0
chr16	47382000	47382999	0
chr16	47383000	47383999	24
chr16	47384000	47384999	0
chr16	47385000	47385999	1
chr16	47386000	47386999	6
chr16	47387000	47387999	9
chr16	47388000	47388999	4
chr16	47389000	47389999	0
chr16	47390000	47390999	14
chr16	47391000	47391999	0
chr16	47392000	47392999	11
chr16	47393000	47393999	5
chr16	47394000	47394999	21
chr16	47395000	47395999	0
chr16	47396000	47396999	0
chr16	47397000	47397999	8
chr16	47398000	47398999	16
chr16	47399000	47399999	25
chr16	47400000	47400999	11
chr16	47401000	47401999	46
chr16	47402000	47402999	2
chr16	47403000	47403999	10
chr16	47404000	47404999	10
chr16	47405000	47405999	4
chr16	47406000	47406999	5
chr16	47407000	47407999	8
chr16	47408000	47408999	9
chr16	47409000	47409999	1
chr16	47410000	47410999	11
chr16	47411000	47411999	11
chr16	47412000	47412999	0
chr16	47413000	47413999	8
chr16	47414000	47414999	0
chr16	47415000	47415999	0
chr16	47416000	47416999	9
chr16	47417000	47417999	7
chr16	47418000	47418999	7
chr16	47419000	47419999	7
chr16	47420000	47420999	4
chr16	47421000	47421999	0
chr16	47422000	47422999	0
chr16	47423000	47423999	4
chr16	47424000	47424999	3
chr16	47425000	47425999	18
chr16	47426000	47426999	5
chr16	47427000	47427999	6
chr16	47428000	47428999	6
chr16	47429000	47429999	8
chr16	47430000	47430999	0
chr16	47431000	47431999	22
chr16	47432000	47432999	8
chr16	47433000	47433999	1
chr16	47434000	47434999	7
chr16	47435000	47435999	0
chr16	47436000	47436999	11
chr16	47437000	47437999	19
chr16	47438000	47438999	31
chr16	47439000	47439999	21
chr16	47440000	47440999	14
chr16	47441000	47441999	14
chr16	47442000	47442999	5
chr16	47443000	47443999	5
chr16	47444000	47444999	13
chr16	47445000	47445999	9
chr16	47446000	47446999	25
chr16	47447000	47447999	11
chr16	47448000	47448999	0
chr16	47449000	47449999	3
chr16	47450000	47450999	26
chr16	47451000	47451999	3
chr16	47452000	47452999	0
chr16	47453000	47453999	0
chr16	47454000	47454999	0
chr16	47455000	47455999	2
chr16	47456000	47456999	15
chr16	47457000	47457999	8
chr16	47458000	47458999	11
chr16	47459000	47459999	13
chr16	47460000	47460999	3
chr16	47461000	47461999	7
chr16	47462000	47462999	2
chr16	47463000	47463999	6
chr16	47464000	47464999	4
chr16	47465000	47465999	0
chr16	47466000	47466999	3
chr16	47467000	47467999	19
chr16	47468000	47468999	0
chr16	47469000	47469999	2
chr16	47470000	47470999	15
chr16	47471000	47471999	6
chr16	47472000	47472999	5
chr16	47473000	47473999	8
chr16	47474000	47474999	7
chr16	47475000	47475999	8
chr16	47476000	47476999	0
chr16	47477000	47477999	8
chr16	47478000	47478999	0
chr16	47479000	47479999	8
chr16	47480000	47480999	12
chr16	47481000	47481999	3
chr16	47482000	47482999	8
chr16	47483000	47483999	11
chr16	47484000	47484999	10
chr16	47485000	47485999	0
chr16	47486000	47486999	0
chr16	47487000	47487999	0
chr16	47488000	47488999	25
chr16	47489000	47489999	23
chr16	47490000	47490999	14
chr16	47491000	47491999	0
chr16	47492000	47492999	5
chr16	47493000	47493999	14
chr16	47494000	47494999	12
chr16	47495000	47495999	17
chr16	47496000	47496999	22
chr16	47497000	47497999	0
chr16	47498000	47498999	19
chr16	47499000	47499999	11
chr16	47500000	47500999	0
chr16	47501000	47501999	13
chr16	47502000	47502999	10
chr16	47503000	47503999	11
chr16	47504000	47504999	14
chr16	47505000	47505999	5
chr16	47506000	47506999	0
chr16	47507000	47507999	22
chr16	47508000	47508999	3
chr16	47509000	47509999	13
chr16	47510000	47510999	0
chr16	47511000	47511999	13
chr16	47512000	47512999	3
chr16	47513000	47513999	9
chr16	47514000	47514999	5
chr16	47515000	47515999	4
chr16	47516000	47516999	4
chr16	47517000	47517999	4
chr16	47518000	47518999	0
chr16	47519000	47519999	1
chr16	47520000	47520999	12
chr16	47521000	47521999	9
chr16	47522000	47522999	13
chr16	47523000	47523999	0
chr16	47524000	47524999	16
chr16	47525000	47525999	7
chr16	47526000	47526999	10
chr16	47527000	47527999	5
chr16	47528000	47528999	31
chr16	47529000	47529999	2
chr16	47530000	47530999	24
chr16	47531000	47531999	13
chr16	47532000	47532999	0
chr16	47533000	47533999	0
chr16	47534000	47534999	0
chr16	47535000	47535999	4
chr16	47536000	47536999	24
chr16	47537000	47537999	3
chr16	47538000	47538999	8
chr16	47539000	47539999	4
chr16	47540000	47540999	28
chr16	47541000	47541999	7
chr16	47542000	47542999	10
chr16	47543000	47543999	7
chr16	47544000	47544999	5
chr16	47545000	47545999	5
chr16	47546000	47546999	8
chr16	47547000	47547999	6
chr16	47548000	47548999	2
chr16	47549000	47549999	27
chr16	47550000	47550999	10
chr16	47551000	47551999	8
chr16	47552000	47552999	2
chr16	47553000	47553999	0
chr16	47554000	47554999	0
chr16	47555000	47555999	34
chr16	47556000	47556999	2
chr16	47557000	47557999	0
chr16	47558000	47558999	0
chr16	47559000	47559999	0
chr16	47560000	47560999	0
chr16	47561000	47561999	0
chr16	47562000	47562999	0
chr16	47563000	47563999	0
chr16	47564000	47564999	6
chr16	47565000	47565999	3
chr16	47566000	47566999	14
chr16	47567000	47567999	5
chr16	47568000	47568999	15
chr16	47569000	47569999	37
chr16	47570000	47570999	5
chr16	47571000	47571999	15
chr16	47572000	47572999	1
chr16	47573000	47573999	8
chr16	47574000	47574999	0
chr16	47575000	47575999	14
chr16	47576000	47576999	17
chr16	47577000	47577999	0
chr16	47578000	47578999	0
chr16	47579000	47579999	11
chr16	47580000	47580999	0
chr16	47581000	47581999	0
chr16	47582000	47582999	7
chr16	47583000	47583999	0
chr16	47584000	47584999	17
chr16	47585000	47585999	29
chr16	47586000	47586999	16
chr16	47587000	47587999	0
chr16	47588000	47588999	4
chr16	47589000	47589999	7
chr16	47590000	47590999	5
chr16	47591000	47591999	4
chr16	47592000	47592999	4
chr16	47593000	47593999	12
chr16	47594000	47594999	5
chr16	47595000	47595999	21
chr16	47596000	47596999	10
chr16	47597000	47597999	20
chr16	47598000	47598999	12
chr16	47599000	47599999	10
chr16	47600000	47600999	8
chr16	47601000	47601999	2
chr16	47602000	47602999	5
chr16	47603000	47603999	32
chr16	47604000	47604999	15
chr16	47605000	47605999	0
chr16	47606000	47606999	8
chr16	47607000	47607999	33
chr16	47608000	47608999	25
chr16	47609000	47609999	10
chr16	47610000	47610999	12
chr16	47611000	47611999	6
chr16	47612000	47612999	3
chr16	47613000	47613999	0
chr16	47614000	47614999	0
chr16	47615000	47615999	12
chr16	47616000	47616999	9
chr16	47617000	47617999	12
chr16	47618000	47618999	0
chr16	47619000	47619999	0
chr16	47620000	47620999	8
chr16	47621000	47621999	4
chr16	47622000	47622999	3
chr16	47623000	47623999	4
chr16	47624000	47624999	16
chr16	47625000	47625999	7
chr16	47626000	47626999	7
chr16	47627000	47627999	0
chr16	47628000	47628999	1
chr16	47629000	47629999	13
chr16	47630000	47630999	2
chr16	47631000	47631999	17
chr16	47632000	47632999	14
chr16	47633000	47633999	0
chr16	47634000	47634999	17
chr16	47635000	47635999	6
chr16	47636000	47636999	12
chr16	47637000	47637999	3
chr16	47638000	47638999	0
chr16	47639000	47639999	9
chr16	47640000	47640999	10
chr16	47641000	47641999	12
chr16	47642000	47642999	5
chr16	47643000	47643999	0
chr16	47644000	47644999	16
chr16	47645000	47645999	2
chr16	47646000	47646999	3
chr16	47647000	47647999	7
chr16	47648000	47648999	4
chr16	47649000	47649999	2
chr16	47650000	47650999	13
chr16	47651000	47651999	8
chr16	47652000	47652999	0
chr16	47653000	47653999	0
chr16	47654000	47654999	5
chr16	47655000	47655999	0
chr16	47656000	47656999	9
chr16	47657000	47657999	11
chr16	47658000	47658999	30
chr16	47659000	47659999	19
chr16	47660000	47660999	10
chr16	47661000	47661999	0
chr16	47662000	47662999	0
chr16	47663000	47663999	24
chr16	47664000	47664999	0
chr16	47665000	47665999	6
chr16	47666000	47666999	0
chr16	47667000	47667999	0
chr16	47668000	47668999	4
chr16	47669000	47669999	25
chr16	47670000	47670999	0
chr16	47671000	47671999	24
chr16	47672000	47672999	13
chr16	47673000	47673999	26
chr16	47674000	47674999	9
chr16	47675000	47675999	0
chr16	47676000	47676999	14
chr16	47677000	47677999	0
chr16	47678000	47678999	0
chr16	47679000	47679999	11
chr16	47680000	47680999	7
chr16	47681000	47681999	6
chr16	47682000	47682999	0
chr16	47683000	47683999	19
chr16	47684000	47684999	6
chr16	47685000	47685999	15
chr16	47686000	47686999	13
chr16	47687000	47687999	1
chr16	47688000	47688999	0
chr16	47689000	47689999	4
chr16	47690000	47690999	8
chr16	47691000	47691999	0
chr16	47692000	47692999	0
chr16	47693000	47693999	4
chr16	47694000	47694999	0
chr16	47695000	47695999	0
chr16	47696000	47696999	5
chr16	47697000	47697999	0
chr16	47698000	47698999	10
chr16	47699000	47699999	6
chr16	47700000	47700999	17
chr16	47701000	47701999	2
chr16	47702000	47702999	20
chr16	47703000	47703999	6
chr16	47704000	47704999	8
chr16	47705000	47705999	3
chr16	47706000	47706999	6
chr16	47707000	47707999	42
chr16	47708000	47708999	6
chr16	47709000	47709999	6
chr16	47710000	47710999	0
chr16	47711000	47711999	6
chr16	47712000	47712999	17
chr16	47713000	47713999	17
chr16	47714000	47714999	12
chr16	47715000	47715999	7
chr16	47716000	47716999	9
chr16	47717000	47717999	0
chr16	47718000	47718999	36
chr16	47719000	47719999	0
chr16	47720000	47720999	1
chr16	47721000	47721999	8
chr16	47722000	47722999	16
chr16	47723000	47723999	0
chr16	47724000	47724999	4
chr16	47725000	47725999	16
chr16	47726000	47726999	7
chr16	47727000	47727999	1
chr16	47728000	47728999	4
chr16	47729000	47729999	10
chr16	47730000	47730999	7
chr16	47731000	47731999	0
chr16	47732000	47732999	22
chr16	47733000	47733999	0
chr16	47734000	47734999	24
chr16	47735000	47735999	10
chr16	47736000	47736999	0
chr16	47737000	47737999	0
chr16	47738000	47738999	0
chr16	47739000	47739999	0
chr16	47740000	47740999	12
chr16	47741000	47741999	21
chr16	47742000	47742999	0
chr16	47743000	47743999	0
chr16	47744000	47744999	0
chr16	47745000	47745999	3
chr16	47746000	47746999	0
chr16	47747000	47747999	1
chr16	47748000	47748999	0
chr16	47749000	47749999	0
chr16	47750000	47750999	0
chr16	47751000	47751999	0
chr16	47752000	47752999	0
chr16	47753000	47753999	0
chr16	47754000	47754999	6
chr16	47755000	47755999	5
chr16	47756000	47756999	0
chr16	47757000	47757999	17
chr16	47758000	47758999	5
chr16	47759000	47759999	0
chr16	47760000	47760999	8
chr16	47761000	47761999	17
chr16	47762000	47762999	1
chr16	47763000	47763999	0
chr16	47764000	47764999	0
chr16	47765000	47765999	0
chr16	47766000	47766999	21
chr16	47767000	47767999	1
chr16	47768000	47768999	3
chr16	47769000	47769999	9
chr16	47770000	47770999	10
chr16	47771000	47771999	0
chr16	47772000	47772999	23
chr16	47773000	47773999	0
chr16	47774000	47774999	7
chr16	47775000	47775999	5
chr16	47776000	47776999	10
chr16	47777000	47777999	0
chr16	47778000	47778999	0
chr16	47779000	47779999	6
chr16	47780000	47780999	6
chr16	47781000	47781999	12
chr16	47782000	47782999	9
chr16	47783000	47783999	15
chr16	47784000	47784999	0
chr16	47785000	47785999	5
chr16	47786000	47786999	10
chr16	47787000	47787999	15
chr16	47788000	47788999	4
chr16	47789000	47789999	32
chr16	47790000	47790999	0
chr16	47791000	47791999	24
chr16	47792000	47792999	16
chr16	47793000	47793999	0
chr16	47794000	47794999	0
chr16	47795000	47795999	20
chr16	47796000	47796999	16
chr16	47797000	47797999	12
chr16	47798000	47798999	0
chr16	47799000	47799999	0
chr16	47800000	47800999	8
chr16	47801000	47801999	10
chr16	47802000	47802999	0
chr16	47803000	47803999	0
chr16	47804000	47804999	0
chr16	47805000	47805999	4
chr16	47806000	47806999	0
chr16	47807000	47807999	12
chr16	47808000	47808999	0
chr16	47809000	47809999	25
chr16	47810000	47810999	30
chr16	47811000	47811999	46
chr16	47812000	47812999	6
chr16	47813000	47813999	0
chr16	47814000	47814999	3
chr16	47815000	47815999	5
chr16	47816000	47816999	4
chr16	47817000	47817999	0
chr16	47818000	47818999	7
chr16	47819000	47819999	11
chr16	47820000	47820999	0
chr16	47821000	47821999	0
chr16	47822000	47822999	9
chr16	47823000	47823999	10
chr16	47824000	47824999	0
chr16	47825000	47825999	6
chr16	47826000	47826999	8
chr16	47827000	47827999	18
chr16	47828000	47828999	4
chr16	47829000	47829999	0
chr16	47830000	47830999	0
chr16	47831000	47831999	0
chr16	47832000	47832999	0
chr16	47833000	47833999	0
chr16	47834000	47834999	0
chr16	47835000	47835999	0
chr16	47836000	47836999	5
chr16	47837000	47837999	15
chr16	47838000	47838999	2
chr16	47839000	47839999	13
chr16	47840000	47840999	0
chr16	47841000	47841999	0
chr16	47842000	47842999	19
chr16	47843000	47843999	18
chr16	47844000	47844999	0
chr16	47845000	47845999	12
chr16	47846000	47846999	7
chr16	47847000	47847999	9
chr16	47848000	47848999	3
chr16	47849000	47849999	6
chr16	47850000	47850999	0
chr16	47851000	47851999	6
chr16	47852000	47852999	17
chr16	47853000	47853999	8
chr16	47854000	47854999	0
chr16	47855000	47855999	4
chr16	47856000	47856999	16
chr16	47857000	47857999	16
chr16	47858000	47858999	7
chr16	47859000	47859999	23
chr16	47860000	47860999	9
chr16	47861000	47861999	9
chr16	47862000	47862999	9
chr16	47863000	47863999	0
chr16	47864000	47864999	11
chr16	47865000	47865999	25
chr16	47866000	47866999	21
chr16	47867000	47867999	32
chr16	47868000	47868999	0
chr16	47869000	47869999	4
chr16	47870000	47870999	2
chr16	47871000	47871999	10
chr16	47872000	47872999	25
chr16	47873000	47873999	0
chr16	47874000	47874999	54
chr16	47875000	47875999	9
chr16	47876000	47876999	6
chr16	47877000	47877999	8
chr16	47878000	47878999	0
chr16	47879000	47879999	0
chr16	47880000	47880999	19
chr16	47881000	47881999	10
chr16	47882000	47882999	8
chr16	47883000	47883999	8
chr16	47884000	47884999	14
chr16	47885000	47885999	17
chr16	47886000	47886999	5
chr16	47887000	47887999	10
chr16	47888000	47888999	6
chr16	47889000	47889999	13
chr16	47890000	47890999	16
chr16	47891000	47891999	0
chr16	47892000	47892999	6
chr16	47893000	47893999	0
chr16	47894000	47894999	25
chr16	47895000	47895999	12
chr16	47896000	47896999	0
chr16	47897000	47897999	2
chr16	47898000	47898999	5
chr16	47899000	47899999	12
chr16	47900000	47900999	22
chr16	47901000	47901999	13
chr16	47902000	47902999	4
chr16	47903000	47903999	8
chr16	47904000	47904999	0
chr16	47905000	47905999	3
chr16	47906000	47906999	6
chr16	47907000	47907999	0
chr16	47908000	47908999	0
chr16	47909000	47909999	0
chr16	47910000	47910999	0
chr16	47911000	47911999	0
chr16	47912000	47912999	0
chr16	47913000	47913999	0
chr16	47914000	47914999	13
chr16	47915000	47915999	9
chr16	47916000	47916999	21
chr16	47917000	47917999	4
chr16	47918000	47918999	6
chr16	47919000	47919999	4
chr16	47920000	47920999	0
chr16	47921000	47921999	0
chr16	47922000	47922999	24
chr16	47923000	47923999	20
chr16	47924000	47924999	3
chr16	47925000	47925999	0
chr16	47926000	47926999	0
chr16	47927000	47927999	2
chr16	47928000	47928999	0
chr16	47929000	47929999	3
chr16	47930000	47930999	0
chr16	47931000	47931999	1
chr16	47932000	47932999	11
chr16	47933000	47933999	13
chr16	47934000	47934999	26
chr16	47935000	47935999	11
chr16	47936000	47936999	19
chr16	47937000	47937999	5
chr16	47938000	47938999	6
chr16	47939000	47939999	13
chr16	47940000	47940999	9
chr16	47941000	47941999	40
chr16	47942000	47942999	0
chr16	47943000	47943999	14
chr16	47944000	47944999	7
chr16	47945000	47945999	7
chr16	47946000	47946999	16
chr16	47947000	47947999	9
chr16	47948000	47948999	7
chr16	47949000	47949999	3
chr16	47950000	47950999	14
chr16	47951000	47951999	2
chr16	47952000	47952999	5
chr16	47953000	47953999	31
chr16	47954000	47954999	9
chr16	47955000	47955999	1
chr16	47956000	47956999	0
chr16	47957000	47957999	8
chr16	47958000	47958999	0
chr16	47959000	47959999	30
chr16	47960000	47960999	22
chr16	47961000	47961999	20
chr16	47962000	47962999	15
chr16	47963000	47963999	3
chr16	47964000	47964999	10
chr16	47965000	47965999	4
chr16	47966000	47966999	0
chr16	47967000	47967999	16
chr16	47968000	47968999	0
chr16	47969000	47969999	9
chr16	47970000	47970999	15
chr16	47971000	47971999	12
chr16	47972000	47972999	11
chr16	47973000	47973999	9
chr16	47974000	47974999	3
chr16	47975000	47975999	12
chr16	47976000	47976999	14
chr16	47977000	47977999	4
chr16	47978000	47978999	7
chr16	47979000	47979999	22
chr16	47980000	47980999	0
chr16	47981000	47981999	2
chr16	47982000	47982999	0
chr16	47983000	47983999	0
chr16	47984000	47984999	0
chr16	47985000	47985999	0
chr16	47986000	47986999	0
chr16	47987000	47987999	0
chr16	47988000	47988999	0
chr16	47989000	47989999	17
chr16	47990000	47990999	13
chr16	47991000	47991999	33
chr16	47992000	47992999	12
chr16	47993000	47993999	7
chr16	47994000	47994999	4
chr16	47995000	47995999	0
chr16	47996000	47996999	10
chr16	47997000	47997999	11
chr16	47998000	47998999	6
chr16	47999000	47999999	0
chr16	48000000	48000999	4
chr16	48001000	48001999	26
chr16	48002000	48002999	6
chr16	48003000	48003999	5
chr16	48004000	48004999	20
chr16	48005000	48005999	6
chr16	48006000	48006999	0
chr16	48007000	48007999	27
chr16	48008000	48008999	13
chr16	48009000	48009999	7
chr16	48010000	48010999	0
chr16	48011000	48011999	0
chr16	48012000	48012999	9
chr16	48013000	48013999	10
chr16	48014000	48014999	0
chr16	48015000	48015999	0
chr16	48016000	48016999	21
chr16	48017000	48017999	19
chr16	48018000	48018999	0
chr16	48019000	48019999	0
chr16	48020000	48020999	9
chr16	48021000	48021999	7
chr16	48022000	48022999	0
chr16	48023000	48023999	0
chr16	48024000	48024999	0
chr16	48025000	48025999	0
chr16	48026000	48026999	0
chr16	48027000	48027999	0
chr16	48028000	48028999	0
chr16	48029000	48029999	3
chr16	48030000	48030999	24
chr16	48031000	48031999	4
chr16	48032000	48032999	3
chr16	48033000	48033999	1
chr16	48034000	48034999	0
chr16	48035000	48035999	1
chr16	48036000	48036999	26
chr16	48037000	48037999	3
chr16	48038000	48038999	0
chr16	48039000	48039999	14
chr16	48040000	48040999	6
chr16	48041000	48041999	0
chr16	48042000	48042999	0
chr16	48043000	48043999	11
chr16	48044000	48044999	11
chr16	48045000	48045999	0
chr16	48046000	48046999	0
chr16	48047000	48047999	20
chr16	48048000	48048999	1
chr16	48049000	48049999	12
chr16	48050000	48050999	4
chr16	48051000	48051999	0
chr16	48052000	48052999	8
chr16	48053000	48053999	0
chr16	48054000	48054999	38
chr16	48055000	48055999	12
chr16	48056000	48056999	12
chr16	48057000	48057999	0
chr16	48058000	48058999	5
chr16	48059000	48059999	10
chr16	48060000	48060999	0
chr16	48061000	48061999	0
chr16	48062000	48062999	9
chr16	48063000	48063999	11
chr16	48064000	48064999	3
chr16	48065000	48065999	0
chr16	48066000	48066999	8
chr16	48067000	48067999	10
chr16	48068000	48068999	0
chr16	48069000	48069999	0
chr16	48070000	48070999	1
chr16	48071000	48071999	0
chr16	48072000	48072999	5
chr16	48073000	48073999	7
chr16	48074000	48074999	24
chr16	48075000	48075999	2
chr16	48076000	48076999	22
chr16	48077000	48077999	0
chr16	48078000	48078999	10
chr16	48079000	48079999	9
chr16	48080000	48080999	24
chr16	48081000	48081999	7
chr16	48082000	48082999	2
chr16	48083000	48083999	3
chr16	48084000	48084999	0
chr16	48085000	48085999	0
chr16	48086000	48086999	6
chr16	48087000	48087999	8
chr16	48088000	48088999	10
chr16	48089000	48089999	0
chr16	48090000	48090999	7
chr16	48091000	48091999	12
chr16	48092000	48092999	0
chr16	48093000	48093999	16
chr16	48094000	48094999	6
chr16	48095000	48095999	0
chr16	48096000	48096999	4
chr16	48097000	48097999	0
chr16	48098000	48098999	21
chr16	48099000	48099999	2
chr16	48100000	48100999	0
chr16	48101000	48101999	0
chr16	48102000	48102999	3
chr16	48103000	48103999	6
chr16	48104000	48104999	10
chr16	48105000	48105999	16
chr16	48106000	48106999	0
chr16	48107000	48107999	11
chr16	48108000	48108999	6
chr16	48109000	48109999	18
chr16	48110000	48110999	13
chr16	48111000	48111999	11
chr16	48112000	48112999	2
chr16	48113000	48113999	0
chr16	48114000	48114999	8
chr16	48115000	48115999	0
chr16	48116000	48116999	0
chr16	48117000	48117999	0
chr16	48118000	48118999	27
chr16	48119000	48119999	13
chr16	48120000	48120999	10
chr16	48121000	48121999	10
chr16	48122000	48122999	4
chr16	48123000	48123999	11
chr16	48124000	48124999	6
chr16	48125000	48125999	0
chr16	48126000	48126999	18
chr16	48127000	48127999	16
chr16	48128000	48128999	6
chr16	48129000	48129999	8
chr16	48130000	48130999	8
chr16	48131000	48131999	1
chr16	48132000	48132999	2
chr16	48133000	48133999	6
chr16	48134000	48134999	7
chr16	48135000	48135999	1
chr16	48136000	48136999	3
chr16	48137000	48137999	0
chr16	48138000	48138999	8
chr16	48139000	48139999	16
chr16	48140000	48140999	30
chr16	48141000	48141999	20
chr16	48142000	48142999	24
chr16	48143000	48143999	0
chr16	48144000	48144999	0
chr16	48145000	48145999	0
chr16	48146000	48146999	0
chr16	48147000	48147999	0
chr16	48148000	48148999	0
chr16	48149000	48149999	6
chr16	48150000	48150999	3
chr16	48151000	48151999	10
chr16	48152000	48152999	4
chr16	48153000	48153999	6
chr16	48154000	48154999	14
chr16	48155000	48155999	4
chr16	48156000	48156999	0
chr16	48157000	48157999	9
chr16	48158000	48158999	3
chr16	48159000	48159999	17
chr16	48160000	48160999	0
chr16	48161000	48161999	0
chr16	48162000	48162999	6
chr16	48163000	48163999	11
chr16	48164000	48164999	14
chr16	48165000	48165999	10
chr16	48166000	48166999	22
chr16	48167000	48167999	0
chr16	48168000	48168999	0
chr16	48169000	48169999	7
chr16	48170000	48170999	8
chr16	48171000	48171999	4
chr16	48172000	48172999	5
chr16	48173000	48173999	4
chr16	48174000	48174999	3
chr16	48175000	48175999	6
chr16	48176000	48176999	15
chr16	48177000	48177999	5
chr16	48178000	48178999	0
chr16	48179000	48179999	4
chr16	48180000	48180999	16
chr16	48181000	48181999	3
chr16	48182000	48182999	3
chr16	48183000	48183999	8
chr16	48184000	48184999	10
chr16	48185000	48185999	9
chr16	48186000	48186999	0
chr16	48187000	48187999	0
chr16	48188000	48188999	0
chr16	48189000	48189999	3
chr16	48190000	48190999	15
chr16	48191000	48191999	15
chr16	48192000	48192999	28
chr16	48193000	48193999	12
chr16	48194000	48194999	12
chr16	48195000	48195999	7
chr16	48196000	48196999	6
chr16	48197000	48197999	15
chr16	48198000	48198999	3
chr16	48199000	48199999	16
chr16	48200000	48200999	9
chr16	48201000	48201999	10
chr16	48202000	48202999	14
chr16	48203000	48203999	2
chr16	48204000	48204999	0
chr16	48205000	48205999	0
chr16	48206000	48206999	5
chr16	48207000	48207999	6
chr16	48208000	48208999	11
chr16	48209000	48209999	0
chr16	48210000	48210999	32
chr16	48211000	48211999	8
chr16	48212000	48212999	32
chr16	48213000	48213999	14
chr16	48214000	48214999	4
chr16	48215000	48215999	10
chr16	48216000	48216999	25
chr16	48217000	48217999	17
chr16	48218000	48218999	2
chr16	48219000	48219999	19
chr16	48220000	48220999	13
chr16	48221000	48221999	0
chr16	48222000	48222999	15
chr16	48223000	48223999	0
chr16	48224000	48224999	0
chr16	48225000	48225999	7
chr16	48226000	48226999	0
chr16	48227000	48227999	0
chr16	48228000	48228999	0
chr16	48229000	48229999	0
chr16	48230000	48230999	0
chr16	48231000	48231999	0
chr16	48232000	48232999	13
chr16	48233000	48233999	2
chr16	48234000	48234999	41
chr16	48235000	48235999	12
chr16	48236000	48236999	0
chr16	48237000	48237999	8
chr16	48238000	48238999	27
chr16	48239000	48239999	3
chr16	48240000	48240999	1
chr16	48241000	48241999	3
chr16	48242000	48242999	26
chr16	48243000	48243999	3
chr16	48244000	48244999	10
chr16	48245000	48245999	14
chr16	48246000	48246999	11
chr16	48247000	48247999	11
chr16	48248000	48248999	14
chr16	48249000	48249999	11
chr16	48250000	48250999	16
chr16	48251000	48251999	7
chr16	48252000	48252999	7
chr16	48253000	48253999	4
chr16	48254000	48254999	27
chr16	48255000	48255999	1
chr16	48256000	48256999	27
chr16	48257000	48257999	2
chr16	48258000	48258999	7
chr16	48259000	48259999	15
chr16	48260000	48260999	22
chr16	48261000	48261999	8
chr16	48262000	48262999	7
chr16	48263000	48263999	16
chr16	48264000	48264999	6
chr16	48265000	48265999	6
chr16	48266000	48266999	14
chr16	48267000	48267999	0
chr16	48268000	48268999	7
chr16	48269000	48269999	0
chr16	48270000	48270999	28
chr16	48271000	48271999	9
chr16	48272000	48272999	7
chr16	48273000	48273999	2
chr16	48274000	48274999	2
chr16	48275000	48275999	3
chr16	48276000	48276999	13
chr16	48277000	48277999	16
chr16	48278000	48278999	3
chr16	48279000	48279999	37
chr16	48280000	48280999	0
chr16	48281000	48281999	8
chr16	48282000	48282999	0
chr16	48283000	48283999	2
chr16	48284000	48284999	22
chr16	48285000	48285999	18
chr16	48286000	48286999	11
chr16	48287000	48287999	14
chr16	48288000	48288999	1
chr16	48289000	48289999	24
chr16	48290000	48290999	18
chr16	48291000	48291999	17
chr16	48292000	48292999	9
chr16	48293000	48293999	8
chr16	48294000	48294999	4
chr16	48295000	48295999	6
chr16	48296000	48296999	9
chr16	48297000	48297999	1
chr16	48298000	48298999	20
chr16	48299000	48299999	3
chr16	48300000	48300999	26
chr16	48301000	48301999	25
chr16	48302000	48302999	2
chr16	48303000	48303999	12
chr16	48304000	48304999	1
chr16	48305000	48305999	14
chr16	48306000	48306999	2
chr16	48307000	48307999	10
chr16	48308000	48308999	19
chr16	48309000	48309999	0
chr16	48310000	48310999	7
chr16	48311000	48311999	37
chr16	48312000	48312999	16
chr16	48313000	48313999	0
chr16	48314000	48314999	8
chr16	48315000	48315999	16
chr16	48316000	48316999	0
chr16	48317000	48317999	34
chr16	48318000	48318999	0
chr16	48319000	48319999	15
chr16	48320000	48320999	10
chr16	48321000	48321999	9
chr16	48322000	48322999	13
chr16	48323000	48323999	16
chr16	48324000	48324999	10
chr16	48325000	48325999	12
chr16	48326000	48326999	7
chr16	48327000	48327999	14
chr16	48328000	48328999	26
chr16	48329000	48329999	7
chr16	48330000	48330999	13
chr16	48331000	48331999	9
chr16	48332000	48332999	0
chr16	48333000	48333999	19
chr16	48334000	48334999	19
chr16	48335000	48335999	1
chr16	48336000	48336999	7
chr16	48337000	48337999	17
chr16	48338000	48338999	13
chr16	48339000	48339999	26
chr16	48340000	48340999	18
chr16	48341000	48341999	0
chr16	48342000	48342999	21
chr16	48343000	48343999	16
chr16	48344000	48344999	0
chr16	48345000	48345999	21
chr16	48346000	48346999	25
chr16	48347000	48347999	4
chr16	48348000	48348999	3
chr16	48349000	48349999	5
chr16	48350000	48350999	10
chr16	48351000	48351999	10
chr16	48352000	48352999	0
chr16	48353000	48353999	0
chr16	48354000	48354999	30
chr16	48355000	48355999	9
chr16	48356000	48356999	0
chr16	48357000	48357999	6
chr16	48358000	48358999	18
chr16	48359000	48359999	0
chr16	48360000	48360999	7
chr16	48361000	48361999	0
chr16	48362000	48362999	20
chr16	48363000	48363999	4
chr16	48364000	48364999	6
chr16	48365000	48365999	6
chr16	48366000	48366999	21
chr16	48367000	48367999	0
chr16	48368000	48368999	3
chr16	48369000	48369999	1
chr16	48370000	48370999	8
chr16	48371000	48371999	14
chr16	48372000	48372999	8
chr16	48373000	48373999	3
chr16	48374000	48374999	16
chr16	48375000	48375999	18
chr16	48376000	48376999	13
chr16	48377000	48377999	5
chr16	48378000	48378999	0
chr16	48379000	48379999	8
chr16	48380000	48380999	3
chr16	48381000	48381999	0
chr16	48382000	48382999	11
chr16	48383000	48383999	11
chr16	48384000	48384999	0
chr16	48385000	48385999	15
chr16	48386000	48386999	2
chr16	48387000	48387999	13
chr16	48388000	48388999	3
chr16	48389000	48389999	12
chr16	48390000	48390999	8
chr16	48391000	48391999	6
chr16	48392000	48392999	32
chr16	48393000	48393999	20
chr16	48394000	48394999	0
chr16	48395000	48395999	18
chr16	48396000	48396999	5
chr16	48397000	48397999	0
chr16	48398000	48398999	5
chr16	48399000	48399999	22
chr16	48400000	48400999	4
chr16	48401000	48401999	0
chr16	48402000	48402999	5
chr16	48403000	48403999	8
chr16	48404000	48404999	1
chr16	48405000	48405999	8
chr16	48406000	48406999	8
chr16	48407000	48407999	29
chr16	48408000	48408999	6
chr16	48409000	48409999	27
chr16	48410000	48410999	17
chr16	48411000	48411999	22
chr16	48412000	48412999	0
chr16	48413000	48413999	0
chr16	48414000	48414999	10
chr16	48415000	48415999	7
chr16	48416000	48416999	9
chr16	48417000	48417999	8
chr16	48418000	48418999	0
chr16	48419000	48419999	16
chr16	48420000	48420999	19
chr16	48421000	48421999	10
chr16	48422000	48422999	7
chr16	48423000	48423999	12
chr16	48424000	48424999	8
chr16	48425000	48425999	2
chr16	48426000	48426999	0
chr16	48427000	48427999	12
chr16	48428000	48428999	17
chr16	48429000	48429999	5
chr16	48430000	48430999	18
chr16	48431000	48431999	17
chr16	48432000	48432999	11
chr16	48433000	48433999	9
chr16	48434000	48434999	0
chr16	48435000	48435999	4
chr16	48436000	48436999	11
chr16	48437000	48437999	1
chr16	48438000	48438999	9
chr16	48439000	48439999	2
chr16	48440000	48440999	6
chr16	48441000	48441999	2
chr16	48442000	48442999	1
chr16	48443000	48443999	15
chr16	48444000	48444999	11
chr16	48445000	48445999	18
chr16	48446000	48446999	6
chr16	48447000	48447999	20
chr16	48448000	48448999	0
chr16	48449000	48449999	6
chr16	48450000	48450999	14
chr16	48451000	48451999	7
chr16	48452000	48452999	39
chr16	48453000	48453999	15
chr16	48454000	48454999	0
chr16	48455000	48455999	15
chr16	48456000	48456999	0
chr16	48457000	48457999	22
chr16	48458000	48458999	3
chr16	48459000	48459999	23
chr16	48460000	48460999	5
chr16	48461000	48461999	6
chr16	48462000	48462999	0
chr16	48463000	48463999	7
chr16	48464000	48464999	1
chr16	48465000	48465999	23
chr16	48466000	48466999	19
chr16	48467000	48467999	10
chr16	48468000	48468999	0
chr16	48469000	48469999	14
chr16	48470000	48470999	24
chr16	48471000	48471999	13
chr16	48472000	48472999	4
chr16	48473000	48473999	6
chr16	48474000	48474999	11
chr16	48475000	48475999	13
chr16	48476000	48476999	12
chr16	48477000	48477999	0
chr16	48478000	48478999	23
chr16	48479000	48479999	22
chr16	48480000	48480999	16
chr16	48481000	48481999	11
chr16	48482000	48482999	20
chr16	48483000	48483999	19
chr16	48484000	48484999	7
chr16	48485000	48485999	0
chr16	48486000	48486999	0
chr16	48487000	48487999	0
chr16	48488000	48488999	5
chr16	48489000	48489999	24
chr16	48490000	48490999	11
chr16	48491000	48491999	0
chr16	48492000	48492999	0
chr16	48493000	48493999	0
chr16	48494000	48494999	0
chr16	48495000	48495999	2
chr16	48496000	48496999	0
chr16	48497000	48497999	0
chr16	48498000	48498999	12
chr16	48499000	48499999	13
chr16	48500000	48500999	56
chr16	48501000	48501999	34
chr16	48502000	48502999	1
chr16	48503000	48503999	25
chr16	48504000	48504999	2
chr16	48505000	48505999	11
chr16	48506000	48506999	7
chr16	48507000	48507999	14
chr16	48508000	48508999	5
chr16	48509000	48509999	12
chr16	48510000	48510999	10
chr16	48511000	48511999	2
chr16	48512000	48512999	7
chr16	48513000	48513999	20
chr16	48514000	48514999	1
chr16	48515000	48515999	25
chr16	48516000	48516999	0
chr16	48517000	48517999	6
chr16	48518000	48518999	0
chr16	48519000	48519999	0
chr16	48520000	48520999	5
chr16	48521000	48521999	5
chr16	48522000	48522999	11
chr16	48523000	48523999	0
chr16	48524000	48524999	8
chr16	48525000	48525999	3
chr16	48526000	48526999	13
chr16	48527000	48527999	4
chr16	48528000	48528999	5
chr16	48529000	48529999	19
chr16	48530000	48530999	6
chr16	48531000	48531999	13
chr16	48532000	48532999	3
chr16	48533000	48533999	4
chr16	48534000	48534999	16
chr16	48535000	48535999	0
chr16	48536000	48536999	20
chr16	48537000	48537999	35
chr16	48538000	48538999	0
chr16	48539000	48539999	0
chr16	48540000	48540999	0
chr16	48541000	48541999	0
chr16	48542000	48542999	0
chr16	48543000	48543999	0
chr16	48544000	48544999	0
chr16	48545000	48545999	0
chr16	48546000	48546999	0
chr16	48547000	48547999	1
chr16	48548000	48548999	5
chr16	48549000	48549999	0
chr16	48550000	48550999	7
chr16	48551000	48551999	10
chr16	48552000	48552999	9
chr16	48553000	48553999	9
chr16	48554000	48554999	12
chr16	48555000	48555999	7
chr16	48556000	48556999	9
chr16	48557000	48557999	10
chr16	48558000	48558999	3
chr16	48559000	48559999	0
chr16	48560000	48560999	12
chr16	48561000	48561999	32
chr16	48562000	48562999	35
chr16	48563000	48563999	8
chr16	48564000	48564999	8
chr16	48565000	48565999	12
chr16	48566000	48566999	16
chr16	48567000	48567999	17
chr16	48568000	48568999	12
chr16	48569000	48569999	35
chr16	48570000	48570999	15
chr16	48571000	48571999	0
chr16	48572000	48572999	8
chr16	48573000	48573999	24
chr16	48574000	48574999	17
chr16	48575000	48575999	0
chr16	48576000	48576999	0
chr16	48577000	48577999	18
chr16	48578000	48578999	29
chr16	48579000	48579999	10
chr16	48580000	48580999	0
chr16	48581000	48581999	19
chr16	48582000	48582999	0
chr16	48583000	48583999	12
chr16	48584000	48584999	5
chr16	48585000	48585999	5
chr16	48586000	48586999	32
chr16	48587000	48587999	16
chr16	48588000	48588999	16
chr16	48589000	48589999	0
chr16	48590000	48590999	23
chr16	48591000	48591999	4
chr16	48592000	48592999	10
chr16	48593000	48593999	33
chr16	48594000	48594999	0
chr16	48595000	48595999	4
chr16	48596000	48596999	4
chr16	48597000	48597999	9
chr16	48598000	48598999	5
chr16	48599000	48599999	13
chr16	48600000	48600999	0
chr16	48601000	48601999	13
chr16	48602000	48602999	6
chr16	48603000	48603999	20
chr16	48604000	48604999	12
chr16	48605000	48605999	0
chr16	48606000	48606999	28
chr16	48607000	48607999	4
chr16	48608000	48608999	16
chr16	48609000	48609999	4
chr16	48610000	48610999	25
chr16	48611000	48611999	0
chr16	48612000	48612999	22
chr16	48613000	48613999	8
chr16	48614000	48614999	0
chr16	48615000	48615999	4
chr16	48616000	48616999	20
chr16	48617000	48617999	11
chr16	48618000	48618999	13
chr16	48619000	48619999	12
chr16	48620000	48620999	6
chr16	48621000	48621999	5
chr16	48622000	48622999	15
chr16	48623000	48623999	21
chr16	48624000	48624999	26
chr16	48625000	48625999	26
chr16	48626000	48626999	10
chr16	48627000	48627999	0
chr16	48628000	48628999	0
chr16	48629000	48629999	26
chr16	48630000	48630999	13
chr16	48631000	48631999	12
chr16	48632000	48632999	8
chr16	48633000	48633999	9
chr16	48634000	48634999	17
chr16	48635000	48635999	28
chr16	48636000	48636999	3
chr16	48637000	48637999	0
chr16	48638000	48638999	12
chr16	48639000	48639999	6
chr16	48640000	48640999	15
chr16	48641000	48641999	1
chr16	48642000	48642999	13
chr16	48643000	48643999	0
chr16	48644000	48644999	0
chr16	48645000	48645999	0
chr16	48646000	48646999	26
chr16	48647000	48647999	4
chr16	48648000	48648999	0
chr16	48649000	48649999	0
chr16	48650000	48650999	6
chr16	48651000	48651999	6
chr16	48652000	48652999	14
chr16	48653000	48653999	0
chr16	48654000	48654999	10
chr16	48655000	48655999	9
chr16	48656000	48656999	0
chr16	48657000	48657999	5
chr16	48658000	48658999	0
chr16	48659000	48659999	0
chr16	48660000	48660999	5
chr16	48661000	48661999	0
chr16	48662000	48662999	5
chr16	48663000	48663999	0
chr16	48664000	48664999	14
chr16	48665000	48665999	8
chr16	48666000	48666999	5
chr16	48667000	48667999	16
chr16	48668000	48668999	0
chr16	48669000	48669999	31
chr16	48670000	48670999	16
chr16	48671000	48671999	3
chr16	48672000	48672999	2
chr16	48673000	48673999	8
chr16	48674000	48674999	14
chr16	48675000	48675999	25
chr16	48676000	48676999	0
chr16	48677000	48677999	7
chr16	48678000	48678999	8
chr16	48679000	48679999	10
chr16	48680000	48680999	27
chr16	48681000	48681999	15
chr16	48682000	48682999	5
chr16	48683000	48683999	0
chr16	48684000	48684999	3
chr16	48685000	48685999	9
chr16	48686000	48686999	1
chr16	48687000	48687999	6
chr16	48688000	48688999	15
chr16	48689000	48689999	0
chr16	48690000	48690999	0
chr16	48691000	48691999	0
chr16	48692000	48692999	0
chr16	48693000	48693999	0
chr16	48694000	48694999	21
chr16	48695000	48695999	16
chr16	48696000	48696999	11
chr16	48697000	48697999	0
chr16	48698000	48698999	8
chr16	48699000	48699999	11
chr16	48700000	48700999	2
chr16	48701000	48701999	1
chr16	48702000	48702999	2
chr16	48703000	48703999	0
chr16	48704000	48704999	13
chr16	48705000	48705999	5
chr16	48706000	48706999	0
chr16	48707000	48707999	26
chr16	48708000	48708999	26
chr16	48709000	48709999	0
chr16	48710000	48710999	5
chr16	48711000	48711999	0
chr16	48712000	48712999	1
chr16	48713000	48713999	3
chr16	48714000	48714999	0
chr16	48715000	48715999	0
chr16	48716000	48716999	20
chr16	48717000	48717999	18
chr16	48718000	48718999	2
chr16	48719000	48719999	0
chr16	48720000	48720999	19
chr16	48721000	48721999	2
chr16	48722000	48722999	0
chr16	48723000	48723999	9
chr16	48724000	48724999	5
chr16	48725000	48725999	0
chr16	48726000	48726999	8
chr16	48727000	48727999	0
chr16	48728000	48728999	11
chr16	48729000	48729999	19
chr16	48730000	48730999	1
chr16	48731000	48731999	14
chr16	48732000	48732999	2
chr16	48733000	48733999	12
chr16	48734000	48734999	7
chr16	48735000	48735999	8
chr16	48736000	48736999	33
chr16	48737000	48737999	14
chr16	48738000	48738999	12
chr16	48739000	48739999	0
chr16	48740000	48740999	9
chr16	48741000	48741999	1
chr16	48742000	48742999	17
chr16	48743000	48743999	8
chr16	48744000	48744999	5
chr16	48745000	48745999	4
chr16	48746000	48746999	6
chr16	48747000	48747999	1
chr16	48748000	48748999	8
chr16	48749000	48749999	10
chr16	48750000	48750999	14
chr16	48751000	48751999	15
chr16	48752000	48752999	16
chr16	48753000	48753999	0
chr16	48754000	48754999	7
chr16	48755000	48755999	12
chr16	48756000	48756999	13
chr16	48757000	48757999	0
chr16	48758000	48758999	9
chr16	48759000	48759999	5
chr16	48760000	48760999	16
chr16	48761000	48761999	5
chr16	48762000	48762999	7
chr16	48763000	48763999	14
chr16	48764000	48764999	9
chr16	48765000	48765999	29
chr16	48766000	48766999	0
chr16	48767000	48767999	19
chr16	48768000	48768999	1
chr16	48769000	48769999	14
chr16	48770000	48770999	16
chr16	48771000	48771999	4
chr16	48772000	48772999	0
chr16	48773000	48773999	26
chr16	48774000	48774999	11
chr16	48775000	48775999	9
chr16	48776000	48776999	6
chr16	48777000	48777999	0
chr16	48778000	48778999	10
chr16	48779000	48779999	14
chr16	48780000	48780999	2
chr16	48781000	48781999	2
chr16	48782000	48782999	11
chr16	48783000	48783999	1
chr16	48784000	48784999	12
chr16	48785000	48785999	0
chr16	48786000	48786999	14
chr16	48787000	48787999	0
chr16	48788000	48788999	19
chr16	48789000	48789999	4
chr16	48790000	48790999	10
chr16	48791000	48791999	32
chr16	48792000	48792999	10
chr16	48793000	48793999	7
chr16	48794000	48794999	11
chr16	48795000	48795999	10
chr16	48796000	48796999	5
chr16	48797000	48797999	25
chr16	48798000	48798999	24
chr16	48799000	48799999	6
chr16	48800000	48800999	6
chr16	48801000	48801999	19
chr16	48802000	48802999	29
chr16	48803000	48803999	3
chr16	48804000	48804999	5
chr16	48805000	48805999	17
chr16	48806000	48806999	17
chr16	48807000	48807999	1
chr16	48808000	48808999	0
chr16	48809000	48809999	20
chr16	48810000	48810999	51
chr16	48811000	48811999	47
chr16	48812000	48812999	67
chr16	48813000	48813999	9
chr16	48814000	48814999	8
chr16	48815000	48815999	5
chr16	48816000	48816999	9
chr16	48817000	48817999	0
chr16	48818000	48818999	9
chr16	48819000	48819999	3
chr16	48820000	48820999	12
chr16	48821000	48821999	10
chr16	48822000	48822999	6
chr16	48823000	48823999	34
chr16	48824000	48824999	0
chr16	48825000	48825999	11
chr16	48826000	48826999	11
chr16	48827000	48827999	14
chr16	48828000	48828999	4
chr16	48829000	48829999	0
chr16	48830000	48830999	10
chr16	48831000	48831999	57
chr16	48832000	48832999	61
chr16	48833000	48833999	36
chr16	48834000	48834999	0
chr16	48835000	48835999	10
chr16	48836000	48836999	13
chr16	48837000	48837999	15
chr16	48838000	48838999	12
chr16	48839000	48839999	33
chr16	48840000	48840999	5
chr16	48841000	48841999	9
chr16	48842000	48842999	5
chr16	48843000	48843999	19
chr16	48844000	48844999	23
chr16	48845000	48845999	8
chr16	48846000	48846999	7
chr16	48847000	48847999	4
chr16	48848000	48848999	5
chr16	48849000	48849999	8
chr16	48850000	48850999	0
chr16	48851000	48851999	20
chr16	48852000	48852999	8
chr16	48853000	48853999	0
chr16	48854000	48854999	2
chr16	48855000	48855999	17
chr16	48856000	48856999	0
chr16	48857000	48857999	0
chr16	48858000	48858999	0
chr16	48859000	48859999	0
chr16	48860000	48860999	0
chr16	48861000	48861999	0
chr16	48862000	48862999	15
chr16	48863000	48863999	0
chr16	48864000	48864999	5
chr16	48865000	48865999	2
chr16	48866000	48866999	20
chr16	48867000	48867999	16
chr16	48868000	48868999	13
chr16	48869000	48869999	4
chr16	48870000	48870999	11
chr16	48871000	48871999	40
chr16	48872000	48872999	10
chr16	48873000	48873999	18
chr16	48874000	48874999	11
chr16	48875000	48875999	1
chr16	48876000	48876999	0
chr16	48877000	48877999	0
chr16	48878000	48878999	1
chr16	48879000	48879999	0
chr16	48880000	48880999	0
chr16	48881000	48881999	4
chr16	48882000	48882999	0
chr16	48883000	48883999	0
chr16	48884000	48884999	0
chr16	48885000	48885999	0
chr16	48886000	48886999	0
chr16	48887000	48887999	11
chr16	48888000	48888999	0
chr16	48889000	48889999	28
chr16	48890000	48890999	24
chr16	48891000	48891999	50
chr16	48892000	48892999	24
chr16	48893000	48893999	0
chr16	48894000	48894999	19
chr16	48895000	48895999	11
chr16	48896000	48896999	16
chr16	48897000	48897999	5
chr16	48898000	48898999	0
chr16	48899000	48899999	7
chr16	48900000	48900999	29
chr16	48901000	48901999	5
chr16	48902000	48902999	2
chr16	48903000	48903999	27
chr16	48904000	48904999	20
chr16	48905000	48905999	4
chr16	48906000	48906999	1
chr16	48907000	48907999	6
chr16	48908000	48908999	0
chr16	48909000	48909999	21
chr16	48910000	48910999	23
chr16	48911000	48911999	4
chr16	48912000	48912999	14
chr16	48913000	48913999	0
chr16	48914000	48914999	5
chr16	48915000	48915999	23
chr16	48916000	48916999	2
chr16	48917000	48917999	0
chr16	48918000	48918999	0
chr16	48919000	48919999	0
chr16	48920000	48920999	7
chr16	48921000	48921999	9
chr16	48922000	48922999	16
chr16	48923000	48923999	21
chr16	48924000	48924999	12
chr16	48925000	48925999	26
chr16	48926000	48926999	5
chr16	48927000	48927999	20
chr16	48928000	48928999	14
chr16	48929000	48929999	3
chr16	48930000	48930999	6
chr16	48931000	48931999	23
chr16	48932000	48932999	30
chr16	48933000	48933999	20
chr16	48934000	48934999	12
chr16	48935000	48935999	0
chr16	48936000	48936999	20
chr16	48937000	48937999	0
chr16	48938000	48938999	4
chr16	48939000	48939999	0
chr16	48940000	48940999	1
chr16	48941000	48941999	8
chr16	48942000	48942999	14
chr16	48943000	48943999	0
chr16	48944000	48944999	16
chr16	48945000	48945999	0
chr16	48946000	48946999	21
chr16	48947000	48947999	0
chr16	48948000	48948999	0
chr16	48949000	48949999	0
chr16	48950000	48950999	7
chr16	48951000	48951999	20
chr16	48952000	48952999	0
chr16	48953000	48953999	16
chr16	48954000	48954999	10
chr16	48955000	48955999	13
chr16	48956000	48956999	17
chr16	48957000	48957999	7
chr16	48958000	48958999	13
chr16	48959000	48959999	11
chr16	48960000	48960999	3
chr16	48961000	48961999	16
chr16	48962000	48962999	15
chr16	48963000	48963999	0
chr16	48964000	48964999	0
chr16	48965000	48965999	0
chr16	48966000	48966999	0
chr16	48967000	48967999	0
chr16	48968000	48968999	0
chr16	48969000	48969999	0
chr16	48970000	48970999	0
chr16	48971000	48971999	0
chr16	48972000	48972999	7
chr16	48973000	48973999	2
chr16	48974000	48974999	2
chr16	48975000	48975999	9
chr16	48976000	48976999	0
chr16	48977000	48977999	0
chr16	48978000	48978999	0
chr16	48979000	48979999	0
chr16	48980000	48980999	7
chr16	48981000	48981999	0
chr16	48982000	48982999	5
chr16	48983000	48983999	2
chr16	48984000	48984999	0
chr16	48985000	48985999	1
chr16	48986000	48986999	15
chr16	48987000	48987999	29
chr16	48988000	48988999	0
chr16	48989000	48989999	0
chr16	48990000	48990999	17
chr16	48991000	48991999	3
chr16	48992000	48992999	11
chr16	48993000	48993999	26
chr16	48994000	48994999	38
chr16	48995000	48995999	28
chr16	48996000	48996999	3
chr16	48997000	48997999	1
chr16	48998000	48998999	6
chr16	48999000	48999999	7
chr16	49000000	49000999	0
chr16	49001000	49001999	17
chr16	49002000	49002999	9
chr16	49003000	49003999	37
chr16	49004000	49004999	4
chr16	49005000	49005999	7
chr16	49006000	49006999	19
chr16	49007000	49007999	0
chr16	49008000	49008999	22
chr16	49009000	49009999	3
chr16	49010000	49010999	8
chr16	49011000	49011999	0
chr16	49012000	49012999	6
chr16	49013000	49013999	8
chr16	49014000	49014999	0
chr16	49015000	49015999	0
chr16	49016000	49016999	0
chr16	49017000	49017999	31
chr16	49018000	49018999	3
chr16	49019000	49019999	5
chr16	49020000	49020999	28
chr16	49021000	49021999	6
chr16	49022000	49022999	0
chr16	49023000	49023999	9
chr16	49024000	49024999	9
chr16	49025000	49025999	0
chr16	49026000	49026999	0
chr16	49027000	49027999	0
chr16	49028000	49028999	0
chr16	49029000	49029999	3
chr16	49030000	49030999	0
chr16	49031000	49031999	0
chr16	49032000	49032999	0
chr16	49033000	49033999	0
chr16	49034000	49034999	10
chr16	49035000	49035999	10
chr16	49036000	49036999	7
chr16	49037000	49037999	26
chr16	49038000	49038999	0
chr16	49039000	49039999	6
chr16	49040000	49040999	5
chr16	49041000	49041999	0
chr16	49042000	49042999	41
chr16	49043000	49043999	1
chr16	49044000	49044999	4
chr16	49045000	49045999	22
chr16	49046000	49046999	5
chr16	49047000	49047999	14
chr16	49048000	49048999	17
chr16	49049000	49049999	37
chr16	49050000	49050999	0
chr16	49051000	49051999	6
chr16	49052000	49052999	12
chr16	49053000	49053999	0
chr16	49054000	49054999	21
chr16	49055000	49055999	5
chr16	49056000	49056999	12
chr16	49057000	49057999	1
chr16	49058000	49058999	7
chr16	49059000	49059999	0
chr16	49060000	49060999	5
chr16	49061000	49061999	22
chr16	49062000	49062999	5
chr16	49063000	49063999	0
chr16	49064000	49064999	17
chr16	49065000	49065999	13
chr16	49066000	49066999	8
chr16	49067000	49067999	5
chr16	49068000	49068999	16
chr16	49069000	49069999	13
chr16	49070000	49070999	2
chr16	49071000	49071999	1
chr16	49072000	49072999	19
chr16	49073000	49073999	20
chr16	49074000	49074999	12
chr16	49075000	49075999	0
chr16	49076000	49076999	0
chr16	49077000	49077999	0
chr16	49078000	49078999	8
chr16	49079000	49079999	12
chr16	49080000	49080999	6
chr16	49081000	49081999	0
chr16	49082000	49082999	3
chr16	49083000	49083999	27
chr16	49084000	49084999	0
chr16	49085000	49085999	9
chr16	49086000	49086999	11
chr16	49087000	49087999	8
chr16	49088000	49088999	10
chr16	49089000	49089999	31
chr16	49090000	49090999	11
chr16	49091000	49091999	21
chr16	49092000	49092999	9
chr16	49093000	49093999	17
chr16	49094000	49094999	2
chr16	49095000	49095999	6
chr16	49096000	49096999	19
chr16	49097000	49097999	14
chr16	49098000	49098999	13
chr16	49099000	49099999	7
chr16	49100000	49100999	2
chr16	49101000	49101999	0
chr16	49102000	49102999	0
chr16	49103000	49103999	0
chr16	49104000	49104999	19
chr16	49105000	49105999	6
chr16	49106000	49106999	6
chr16	49107000	49107999	46
chr16	49108000	49108999	0
chr16	49109000	49109999	12
chr16	49110000	49110999	17
chr16	49111000	49111999	11
chr16	49112000	49112999	3
chr16	49113000	49113999	8
chr16	49114000	49114999	10
chr16	49115000	49115999	5
chr16	49116000	49116999	13
chr16	49117000	49117999	21
chr16	49118000	49118999	10
chr16	49119000	49119999	2
chr16	49120000	49120999	16
chr16	49121000	49121999	3
chr16	49122000	49122999	5
chr16	49123000	49123999	12
chr16	49124000	49124999	0
chr16	49125000	49125999	0
chr16	49126000	49126999	2
chr16	49127000	49127999	5
chr16	49128000	49128999	5
chr16	49129000	49129999	7
chr16	49130000	49130999	14
chr16	49131000	49131999	20
chr16	49132000	49132999	2
chr16	49133000	49133999	3
chr16	49134000	49134999	13
chr16	49135000	49135999	0
chr16	49136000	49136999	9
chr16	49137000	49137999	25
chr16	49138000	49138999	28
chr16	49139000	49139999	12
chr16	49140000	49140999	8
chr16	49141000	49141999	20
chr16	49142000	49142999	16
chr16	49143000	49143999	0
chr16	49144000	49144999	5
chr16	49145000	49145999	0
chr16	49146000	49146999	12
chr16	49147000	49147999	0
chr16	49148000	49148999	0
chr16	49149000	49149999	0
chr16	49150000	49150999	9
chr16	49151000	49151999	0
chr16	49152000	49152999	11
chr16	49153000	49153999	9
chr16	49154000	49154999	11
chr16	49155000	49155999	6
chr16	49156000	49156999	6
chr16	49157000	49157999	25
chr16	49158000	49158999	21
chr16	49159000	49159999	28
chr16	49160000	49160999	36
chr16	49161000	49161999	7
chr16	49162000	49162999	22
chr16	49163000	49163999	21
chr16	49164000	49164999	18
chr16	49165000	49165999	16
chr16	49166000	49166999	22
chr16	49167000	49167999	10
chr16	49168000	49168999	6
chr16	49169000	49169999	29
chr16	49170000	49170999	16
chr16	49171000	49171999	0
chr16	49172000	49172999	11
chr16	49173000	49173999	8
chr16	49174000	49174999	12
chr16	49175000	49175999	5
chr16	49176000	49176999	2
chr16	49177000	49177999	9
chr16	49178000	49178999	3
chr16	49179000	49179999	0
chr16	49180000	49180999	15
chr16	49181000	49181999	6
chr16	49182000	49182999	13
chr16	49183000	49183999	4
chr16	49184000	49184999	7
chr16	49185000	49185999	18
chr16	49186000	49186999	15
chr16	49187000	49187999	11
chr16	49188000	49188999	7
chr16	49189000	49189999	6
chr16	49190000	49190999	12
chr16	49191000	49191999	4
chr16	49192000	49192999	0
chr16	49193000	49193999	13
chr16	49194000	49194999	21
chr16	49195000	49195999	10
chr16	49196000	49196999	13
chr16	49197000	49197999	14
chr16	49198000	49198999	9
chr16	49199000	49199999	21
chr16	49200000	49200999	3
chr16	49201000	49201999	0
chr16	49202000	49202999	0
chr16	49203000	49203999	0
chr16	49204000	49204999	7
chr16	49205000	49205999	0
chr16	49206000	49206999	0
chr16	49207000	49207999	0
chr16	49208000	49208999	9
chr16	49209000	49209999	10
chr16	49210000	49210999	6
chr16	49211000	49211999	9
chr16	49212000	49212999	9
chr16	49213000	49213999	24
chr16	49214000	49214999	11
chr16	49215000	49215999	31
chr16	49216000	49216999	34
chr16	49217000	49217999	5
chr16	49218000	49218999	8
chr16	49219000	49219999	11
chr16	49220000	49220999	20
chr16	49221000	49221999	13
chr16	49222000	49222999	0
chr16	49223000	49223999	0
chr16	49224000	49224999	16
chr16	49225000	49225999	3
chr16	49226000	49226999	14
chr16	49227000	49227999	17
chr16	49228000	49228999	1
chr16	49229000	49229999	11
chr16	49230000	49230999	0
chr16	49231000	49231999	6
chr16	49232000	49232999	0
chr16	49233000	49233999	24
chr16	49234000	49234999	0
chr16	49235000	49235999	0
chr16	49236000	49236999	26
chr16	49237000	49237999	7
chr16	49238000	49238999	15
chr16	49239000	49239999	0
chr16	49240000	49240999	10
chr16	49241000	49241999	17
chr16	49242000	49242999	1
chr16	49243000	49243999	0
chr16	49244000	49244999	2
chr16	49245000	49245999	40
chr16	49246000	49246999	18
chr16	49247000	49247999	4
chr16	49248000	49248999	13
chr16	49249000	49249999	0
chr16	49250000	49250999	6
chr16	49251000	49251999	2
chr16	49252000	49252999	7
chr16	49253000	49253999	0
chr16	49254000	49254999	26
chr16	49255000	49255999	2
chr16	49256000	49256999	1
chr16	49257000	49257999	0
chr16	49258000	49258999	0
chr16	49259000	49259999	0
chr16	49260000	49260999	5
chr16	49261000	49261999	5
chr16	49262000	49262999	0
chr16	49263000	49263999	0
chr16	49264000	49264999	0
chr16	49265000	49265999	0
chr16	49266000	49266999	16
chr16	49267000	49267999	7
chr16	49268000	49268999	18
chr16	49269000	49269999	19
chr16	49270000	49270999	9
chr16	49271000	49271999	1
chr16	49272000	49272999	0
chr16	49273000	49273999	33
chr16	49274000	49274999	4
chr16	49275000	49275999	11
chr16	49276000	49276999	5
chr16	49277000	49277999	0
chr16	49278000	49278999	28
chr16	49279000	49279999	4
chr16	49280000	49280999	6
chr16	49281000	49281999	21
chr16	49282000	49282999	0
chr16	49283000	49283999	1
chr16	49284000	49284999	0
chr16	49285000	49285999	11
chr16	49286000	49286999	10
chr16	49287000	49287999	15
chr16	49288000	49288999	9
chr16	49289000	49289999	39
chr16	49290000	49290999	16
chr16	49291000	49291999	9
chr16	49292000	49292999	3
chr16	49293000	49293999	0
chr16	49294000	49294999	3
chr16	49295000	49295999	32
chr16	49296000	49296999	8
chr16	49297000	49297999	16
chr16	49298000	49298999	7
chr16	49299000	49299999	16
chr16	49300000	49300999	13
chr16	49301000	49301999	12
chr16	49302000	49302999	15
chr16	49303000	49303999	21
chr16	49304000	49304999	8
chr16	49305000	49305999	19
chr16	49306000	49306999	25
chr16	49307000	49307999	3
chr16	49308000	49308999	2
chr16	49309000	49309999	23
chr16	49310000	49310999	4
chr16	49311000	49311999	0
chr16	49312000	49312999	8
chr16	49313000	49313999	15
chr16	49314000	49314999	6
chr16	49315000	49315999	9
chr16	49316000	49316999	8
chr16	49317000	49317999	0
chr16	49318000	49318999	2
chr16	49319000	49319999	14
chr16	49320000	49320999	2
chr16	49321000	49321999	18
chr16	49322000	49322999	0
chr16	49323000	49323999	5
chr16	49324000	49324999	13
chr16	49325000	49325999	0
chr16	49326000	49326999	21
chr16	49327000	49327999	12
chr16	49328000	49328999	15
chr16	49329000	49329999	4
chr16	49330000	49330999	6
chr16	49331000	49331999	9
chr16	49332000	49332999	7
chr16	49333000	49333999	6
chr16	49334000	49334999	6
chr16	49335000	49335999	13
chr16	49336000	49336999	17
chr16	49337000	49337999	5
chr16	49338000	49338999	7
chr16	49339000	49339999	5
chr16	49340000	49340999	12
chr16	49341000	49341999	42
chr16	49342000	49342999	12
chr16	49343000	49343999	4
chr16	49344000	49344999	7
chr16	49345000	49345999	18
chr16	49346000	49346999	3
chr16	49347000	49347999	16
chr16	49348000	49348999	27
chr16	49349000	49349999	23
chr16	49350000	49350999	13
chr16	49351000	49351999	15
chr16	49352000	49352999	14
chr16	49353000	49353999	2
chr16	49354000	49354999	3
chr16	49355000	49355999	4
chr16	49356000	49356999	10
chr16	49357000	49357999	4
chr16	49358000	49358999	3
chr16	49359000	49359999	3
chr16	49360000	49360999	4
chr16	49361000	49361999	13
chr16	49362000	49362999	23
chr16	49363000	49363999	0
chr16	49364000	49364999	8
chr16	49365000	49365999	10
chr16	49366000	49366999	0
chr16	49367000	49367999	2
chr16	49368000	49368999	28
chr16	49369000	49369999	27
chr16	49370000	49370999	9
chr16	49371000	49371999	10
chr16	49372000	49372999	5
chr16	49373000	49373999	23
chr16	49374000	49374999	3
chr16	49375000	49375999	0
chr16	49376000	49376999	8
chr16	49377000	49377999	0
chr16	49378000	49378999	1
chr16	49379000	49379999	14
chr16	49380000	49380999	8
chr16	49381000	49381999	10
chr16	49382000	49382999	9
chr16	49383000	49383999	2
chr16	49384000	49384999	3
chr16	49385000	49385999	13
chr16	49386000	49386999	11
chr16	49387000	49387999	2
chr16	49388000	49388999	0
chr16	49389000	49389999	0
chr16	49390000	49390999	12
chr16	49391000	49391999	0
chr16	49392000	49392999	2
chr16	49393000	49393999	16
chr16	49394000	49394999	29
chr16	49395000	49395999	21
chr16	49396000	49396999	4
chr16	49397000	49397999	1
chr16	49398000	49398999	2
chr16	49399000	49399999	16
chr16	49400000	49400999	13
chr16	49401000	49401999	13
chr16	49402000	49402999	18
chr16	49403000	49403999	0
chr16	49404000	49404999	12
chr16	49405000	49405999	23
chr16	49406000	49406999	4
chr16	49407000	49407999	0
chr16	49408000	49408999	22
chr16	49409000	49409999	1
chr16	49410000	49410999	24
chr16	49411000	49411999	16
chr16	49412000	49412999	11
chr16	49413000	49413999	0
chr16	49414000	49414999	0
chr16	49415000	49415999	18
chr16	49416000	49416999	6
chr16	49417000	49417999	0
chr16	49418000	49418999	0
chr16	49419000	49419999	24
chr16	49420000	49420999	0
chr16	49421000	49421999	18
chr16	49422000	49422999	17
chr16	49423000	49423999	1
chr16	49424000	49424999	22
chr16	49425000	49425999	15
chr16	49426000	49426999	0
chr16	49427000	49427999	18
chr16	49428000	49428999	2
chr16	49429000	49429999	0
chr16	49430000	49430999	7
chr16	49431000	49431999	24
chr16	49432000	49432999	0
chr16	49433000	49433999	24
chr16	49434000	49434999	17
chr16	49435000	49435999	33
chr16	49436000	49436999	14
chr16	49437000	49437999	21
chr16	49438000	49438999	13
chr16	49439000	49439999	2
chr16	49440000	49440999	0
chr16	49441000	49441999	3
chr16	49442000	49442999	4
chr16	49443000	49443999	7
chr16	49444000	49444999	2
chr16	49445000	49445999	48
chr16	49446000	49446999	22
chr16	49447000	49447999	11
chr16	49448000	49448999	0
chr16	49449000	49449999	0
chr16	49450000	49450999	0
chr16	49451000	49451999	0
chr16	49452000	49452999	0
chr16	49453000	49453999	0
chr16	49454000	49454999	14
chr16	49455000	49455999	4
chr16	49456000	49456999	10
chr16	49457000	49457999	7
chr16	49458000	49458999	1
chr16	49459000	49459999	16
chr16	49460000	49460999	0
chr16	49461000	49461999	1
chr16	49462000	49462999	37
chr16	49463000	49463999	6
chr16	49464000	49464999	0
chr16	49465000	49465999	0
chr16	49466000	49466999	20
chr16	49467000	49467999	0
chr16	49468000	49468999	0
chr16	49469000	49469999	0
chr16	49470000	49470999	0
chr16	49471000	49471999	0
chr16	49472000	49472999	0
chr16	49473000	49473999	16
chr16	49474000	49474999	5
chr16	49475000	49475999	4
chr16	49476000	49476999	8
chr16	49477000	49477999	0
chr16	49478000	49478999	12
chr16	49479000	49479999	22
chr16	49480000	49480999	17
chr16	49481000	49481999	6
chr16	49482000	49482999	12
chr16	49483000	49483999	0
chr16	49484000	49484999	4
chr16	49485000	49485999	0
chr16	49486000	49486999	0
chr16	49487000	49487999	0
chr16	49488000	49488999	0
chr16	49489000	49489999	0
chr16	49490000	49490999	2
chr16	49491000	49491999	10
chr16	49492000	49492999	1
chr16	49493000	49493999	0
chr16	49494000	49494999	16
chr16	49495000	49495999	15
chr16	49496000	49496999	7
chr16	49497000	49497999	15
chr16	49498000	49498999	6
chr16	49499000	49499999	10
chr16	49500000	49500999	12
chr16	49501000	49501999	0
chr16	49502000	49502999	12
chr16	49503000	49503999	12
chr16	49504000	49504999	14
chr16	49505000	49505999	11
chr16	49506000	49506999	5
chr16	49507000	49507999	5
chr16	49508000	49508999	6
chr16	49509000	49509999	17
chr16	49510000	49510999	6
chr16	49511000	49511999	34
chr16	49512000	49512999	0
chr16	49513000	49513999	30
chr16	49514000	49514999	1
chr16	49515000	49515999	20
chr16	49516000	49516999	7
chr16	49517000	49517999	15
chr16	49518000	49518999	9
chr16	49519000	49519999	16
chr16	49520000	49520999	7
chr16	49521000	49521999	9
chr16	49522000	49522999	10
chr16	49523000	49523999	16
chr16	49524000	49524999	0
chr16	49525000	49525999	1
chr16	49526000	49526999	0
chr16	49527000	49527999	33
chr16	49528000	49528999	26
chr16	49529000	49529999	9
chr16	49530000	49530999	0
chr16	49531000	49531999	5
chr16	49532000	49532999	15
chr16	49533000	49533999	1
chr16	49534000	49534999	1
chr16	49535000	49535999	32
chr16	49536000	49536999	2
chr16	49537000	49537999	5
chr16	49538000	49538999	3
chr16	49539000	49539999	0
chr16	49540000	49540999	0
chr16	49541000	49541999	10
chr16	49542000	49542999	10
chr16	49543000	49543999	16
chr16	49544000	49544999	13
chr16	49545000	49545999	29
chr16	49546000	49546999	11
chr16	49547000	49547999	19
chr16	49548000	49548999	1
chr16	49549000	49549999	21
chr16	49550000	49550999	7
chr16	49551000	49551999	3
chr16	49552000	49552999	0
chr16	49553000	49553999	0
chr16	49554000	49554999	0
chr16	49555000	49555999	0
chr16	49556000	49556999	0
chr16	49557000	49557999	0
chr16	49558000	49558999	0
chr16	49559000	49559999	0
chr16	49560000	49560999	15
chr16	49561000	49561999	11
chr16	49562000	49562999	4
chr16	49563000	49563999	14
chr16	49564000	49564999	0
chr16	49565000	49565999	4
chr16	49566000	49566999	8
chr16	49567000	49567999	18
chr16	49568000	49568999	6
chr16	49569000	49569999	0
chr16	49570000	49570999	14
chr16	49571000	49571999	0
chr16	49572000	49572999	5
chr16	49573000	49573999	10
chr16	49574000	49574999	19
chr16	49575000	49575999	37
chr16	49576000	49576999	18
chr16	49577000	49577999	0
chr16	49578000	49578999	1
chr16	49579000	49579999	4
chr16	49580000	49580999	0
chr16	49581000	49581999	22
chr16	49582000	49582999	0
chr16	49583000	49583999	29
chr16	49584000	49584999	0
chr16	49585000	49585999	12
chr16	49586000	49586999	7
chr16	49587000	49587999	0
chr16	49588000	49588999	0
chr16	49589000	49589999	0
chr16	49590000	49590999	0
chr16	49591000	49591999	9
chr16	49592000	49592999	24
chr16	49593000	49593999	15
chr16	49594000	49594999	0
chr16	49595000	49595999	7
chr16	49596000	49596999	3
chr16	49597000	49597999	2
chr16	49598000	49598999	4
chr16	49599000	49599999	16
chr16	49600000	49600999	0
chr16	49601000	49601999	6
chr16	49602000	49602999	9
chr16	49603000	49603999	0
chr16	49604000	49604999	14
chr16	49605000	49605999	17
chr16	49606000	49606999	22
chr16	49607000	49607999	0
chr16	49608000	49608999	3
chr16	49609000	49609999	19
chr16	49610000	49610999	9
chr16	49611000	49611999	4
chr16	49612000	49612999	5
chr16	49613000	49613999	23
chr16	49614000	49614999	28
chr16	49615000	49615999	35
chr16	49616000	49616999	12
chr16	49617000	49617999	20
chr16	49618000	49618999	9
chr16	49619000	49619999	2
chr16	49620000	49620999	26
chr16	49621000	49621999	8
chr16	49622000	49622999	5
chr16	49623000	49623999	0
chr16	49624000	49624999	0
chr16	49625000	49625999	0
chr16	49626000	49626999	0
chr16	49627000	49627999	0
chr16	49628000	49628999	15
chr16	49629000	49629999	25
chr16	49630000	49630999	11
chr16	49631000	49631999	1
chr16	49632000	49632999	13
chr16	49633000	49633999	29
chr16	49634000	49634999	7
chr16	49635000	49635999	29
chr16	49636000	49636999	0
chr16	49637000	49637999	4
chr16	49638000	49638999	7
chr16	49639000	49639999	13
chr16	49640000	49640999	24
chr16	49641000	49641999	10
chr16	49642000	49642999	12
chr16	49643000	49643999	22
chr16	49644000	49644999	2
chr16	49645000	49645999	19
chr16	49646000	49646999	0
chr16	49647000	49647999	19
chr16	49648000	49648999	3
chr16	49649000	49649999	0
chr16	49650000	49650999	14
chr16	49651000	49651999	12
chr16	49652000	49652999	18
chr16	49653000	49653999	0
chr16	49654000	49654999	17
chr16	49655000	49655999	14
chr16	49656000	49656999	0
chr16	49657000	49657999	3
chr16	49658000	49658999	0
chr16	49659000	49659999	4
chr16	49660000	49660999	1
chr16	49661000	49661999	9
chr16	49662000	49662999	16
chr16	49663000	49663999	0
chr16	49664000	49664999	23
chr16	49665000	49665999	22
chr16	49666000	49666999	0
chr16	49667000	49667999	1
chr16	49668000	49668999	3
chr16	49669000	49669999	12
chr16	49670000	49670999	2
chr16	49671000	49671999	3
chr16	49672000	49672999	0
chr16	49673000	49673999	14
chr16	49674000	49674999	13
chr16	49675000	49675999	9
chr16	49676000	49676999	6
chr16	49677000	49677999	10
chr16	49678000	49678999	9
chr16	49679000	49679999	16
chr16	49680000	49680999	36
chr16	49681000	49681999	4
chr16	49682000	49682999	2
chr16	49683000	49683999	29
chr16	49684000	49684999	14
chr16	49685000	49685999	0
chr16	49686000	49686999	5
chr16	49687000	49687999	22
chr16	49688000	49688999	10
chr16	49689000	49689999	6
chr16	49690000	49690999	17
chr16	49691000	49691999	9
chr16	49692000	49692999	3
chr16	49693000	49693999	19
chr16	49694000	49694999	16
chr16	49695000	49695999	7
chr16	49696000	49696999	0
chr16	49697000	49697999	0
chr16	49698000	49698999	47
chr16	49699000	49699999	83
chr16	49700000	49700999	13
chr16	49701000	49701999	15
chr16	49702000	49702999	22
chr16	49703000	49703999	0
chr16	49704000	49704999	5
chr16	49705000	49705999	0
chr16	49706000	49706999	2
chr16	49707000	49707999	11
chr16	49708000	49708999	7
chr16	49709000	49709999	14
chr16	49710000	49710999	10
chr16	49711000	49711999	11
chr16	49712000	49712999	14
chr16	49713000	49713999	25
chr16	49714000	49714999	18
chr16	49715000	49715999	1
chr16	49716000	49716999	5
chr16	49717000	49717999	24
chr16	49718000	49718999	15
chr16	49719000	49719999	0
chr16	49720000	49720999	12
chr16	49721000	49721999	9
chr16	49722000	49722999	10
chr16	49723000	49723999	5
chr16	49724000	49724999	10
chr16	49725000	49725999	2
chr16	49726000	49726999	2
chr16	49727000	49727999	0
chr16	49728000	49728999	0
chr16	49729000	49729999	0
chr16	49730000	49730999	5
chr16	49731000	49731999	0
chr16	49732000	49732999	5
chr16	49733000	49733999	0
chr16	49734000	49734999	4
chr16	49735000	49735999	2
chr16	49736000	49736999	8
chr16	49737000	49737999	0
chr16	49738000	49738999	2
chr16	49739000	49739999	3
chr16	49740000	49740999	8
chr16	49741000	49741999	11
chr16	49742000	49742999	24
chr16	49743000	49743999	7
chr16	49744000	49744999	0
chr16	49745000	49745999	12
chr16	49746000	49746999	6
chr16	49747000	49747999	9
chr16	49748000	49748999	9
chr16	49749000	49749999	2
chr16	49750000	49750999	9
chr16	49751000	49751999	11
chr16	49752000	49752999	18
chr16	49753000	49753999	60
chr16	49754000	49754999	0
chr16	49755000	49755999	11
chr16	49756000	49756999	9
chr16	49757000	49757999	19
chr16	49758000	49758999	7
chr16	49759000	49759999	2
chr16	49760000	49760999	23
chr16	49761000	49761999	2
chr16	49762000	49762999	4
chr16	49763000	49763999	8
chr16	49764000	49764999	6
chr16	49765000	49765999	1
chr16	49766000	49766999	23
chr16	49767000	49767999	8
chr16	49768000	49768999	1
chr16	49769000	49769999	6
chr16	49770000	49770999	15
chr16	49771000	49771999	0
chr16	49772000	49772999	21
chr16	49773000	49773999	18
chr16	49774000	49774999	15
chr16	49775000	49775999	14
chr16	49776000	49776999	19
chr16	49777000	49777999	2
chr16	49778000	49778999	55
chr16	49779000	49779999	10
chr16	49780000	49780999	12
chr16	49781000	49781999	20
chr16	49782000	49782999	20
chr16	49783000	49783999	0
chr16	49784000	49784999	6
chr16	49785000	49785999	16
chr16	49786000	49786999	4
chr16	49787000	49787999	0
chr16	49788000	49788999	0
chr16	49789000	49789999	9
chr16	49790000	49790999	25
chr16	49791000	49791999	9
chr16	49792000	49792999	25
chr16	49793000	49793999	0
chr16	49794000	49794999	2
chr16	49795000	49795999	23
chr16	49796000	49796999	10
chr16	49797000	49797999	10
chr16	49798000	49798999	5
chr16	49799000	49799999	0
chr16	49800000	49800999	4
chr16	49801000	49801999	9
chr16	49802000	49802999	20
chr16	49803000	49803999	2
chr16	49804000	49804999	15
chr16	49805000	49805999	4
chr16	49806000	49806999	21
chr16	49807000	49807999	5
chr16	49808000	49808999	2
chr16	49809000	49809999	7
chr16	49810000	49810999	10
chr16	49811000	49811999	6
chr16	49812000	49812999	6
chr16	49813000	49813999	8
chr16	49814000	49814999	0
chr16	49815000	49815999	13
chr16	49816000	49816999	0
chr16	49817000	49817999	41
chr16	49818000	49818999	14
chr16	49819000	49819999	15
chr16	49820000	49820999	0
chr16	49821000	49821999	24
chr16	49822000	49822999	19
chr16	49823000	49823999	9
chr16	49824000	49824999	7
chr16	49825000	49825999	10
chr16	49826000	49826999	21
chr16	49827000	49827999	9
chr16	49828000	49828999	27
chr16	49829000	49829999	0
chr16	49830000	49830999	2
chr16	49831000	49831999	0
chr16	49832000	49832999	4
chr16	49833000	49833999	17
chr16	49834000	49834999	10
chr16	49835000	49835999	18
chr16	49836000	49836999	0
chr16	49837000	49837999	3
chr16	49838000	49838999	15
chr16	49839000	49839999	21
chr16	49840000	49840999	17
chr16	49841000	49841999	0
chr16	49842000	49842999	3
chr16	49843000	49843999	16
chr16	49844000	49844999	15
chr16	49845000	49845999	3
chr16	49846000	49846999	9
chr16	49847000	49847999	8
chr16	49848000	49848999	10
chr16	49849000	49849999	0
chr16	49850000	49850999	11
chr16	49851000	49851999	0
chr16	49852000	49852999	9
chr16	49853000	49853999	27
chr16	49854000	49854999	16
chr16	49855000	49855999	185
chr16	49856000	49856999	22
chr16	49857000	49857999	8
chr16	49858000	49858999	22
chr16	49859000	49859999	40
chr16	49860000	49860999	0
chr16	49861000	49861999	23
chr16	49862000	49862999	5
chr16	49863000	49863999	20
chr16	49864000	49864999	0
chr16	49865000	49865999	3
chr16	49866000	49866999	0
chr16	49867000	49867999	0
chr16	49868000	49868999	2
chr16	49869000	49869999	12
chr16	49870000	49870999	12
chr16	49871000	49871999	0
chr16	49872000	49872999	14
chr16	49873000	49873999	7
chr16	49874000	49874999	6
chr16	49875000	49875999	5
chr16	49876000	49876999	28
chr16	49877000	49877999	22
chr16	49878000	49878999	9
chr16	49879000	49879999	11
chr16	49880000	49880999	26
chr16	49881000	49881999	8
chr16	49882000	49882999	3
chr16	49883000	49883999	15
chr16	49884000	49884999	29
chr16	49885000	49885999	2
chr16	49886000	49886999	0
chr16	49887000	49887999	31
chr16	49888000	49888999	43
chr16	49889000	49889999	7
chr16	49890000	49890999	5
chr16	49891000	49891999	7
chr16	49892000	49892999	11
chr16	49893000	49893999	0
chr16	49894000	49894999	13
chr16	49895000	49895999	14
chr16	49896000	49896999	7
chr16	49897000	49897999	0
chr16	49898000	49898999	7
chr16	49899000	49899999	8
chr16	49900000	49900999	8
chr16	49901000	49901999	4
chr16	49902000	49902999	5
chr16	49903000	49903999	12
chr16	49904000	49904999	12
chr16	49905000	49905999	35
chr16	49906000	49906999	42
chr16	49907000	49907999	22
chr16	49908000	49908999	13
chr16	49909000	49909999	8
chr16	49910000	49910999	5
chr16	49911000	49911999	10
chr16	49912000	49912999	0
chr16	49913000	49913999	4
chr16	49914000	49914999	0
chr16	49915000	49915999	11
chr16	49916000	49916999	6
chr16	49917000	49917999	8
chr16	49918000	49918999	0
chr16	49919000	49919999	0
chr16	49920000	49920999	2
chr16	49921000	49921999	6
chr16	49922000	49922999	28
chr16	49923000	49923999	2
chr16	49924000	49924999	12
chr16	49925000	49925999	13
chr16	49926000	49926999	0
chr16	49927000	49927999	0
chr16	49928000	49928999	7
chr16	49929000	49929999	6
chr16	49930000	49930999	0
chr16	49931000	49931999	3
chr16	49932000	49932999	12
chr16	49933000	49933999	9
chr16	49934000	49934999	14
chr16	49935000	49935999	34
chr16	49936000	49936999	11
chr16	49937000	49937999	32
chr16	49938000	49938999	16
chr16	49939000	49939999	5
chr16	49940000	49940999	2
chr16	49941000	49941999	14
chr16	49942000	49942999	17
chr16	49943000	49943999	4
chr16	49944000	49944999	0
chr16	49945000	49945999	2
chr16	49946000	49946999	11
chr16	49947000	49947999	17
chr16	49948000	49948999	10
chr16	49949000	49949999	7
chr16	49950000	49950999	13
chr16	49951000	49951999	62
chr16	49952000	49952999	24
chr16	49953000	49953999	28
chr16	49954000	49954999	12
chr16	49955000	49955999	0
chr16	49956000	49956999	18
chr16	49957000	49957999	12
chr16	49958000	49958999	29
chr16	49959000	49959999	0
chr16	49960000	49960999	19
chr16	49961000	49961999	3
chr16	49962000	49962999	29
chr16	49963000	49963999	4
chr16	49964000	49964999	29
chr16	49965000	49965999	2
chr16	49966000	49966999	5
chr16	49967000	49967999	0
chr16	49968000	49968999	9
chr16	49969000	49969999	2
chr16	49970000	49970999	12
chr16	49971000	49971999	7
chr16	49972000	49972999	13
chr16	49973000	49973999	13
chr16	49974000	49974999	2
chr16	49975000	49975999	0
chr16	49976000	49976999	19
chr16	49977000	49977999	11
chr16	49978000	49978999	0
chr16	49979000	49979999	0
chr16	49980000	49980999	20
chr16	49981000	49981999	23
chr16	49982000	49982999	8
chr16	49983000	49983999	4
chr16	49984000	49984999	16
chr16	49985000	49985999	12
chr16	49986000	49986999	26
chr16	49987000	49987999	3
chr16	49988000	49988999	3
chr16	49989000	49989999	14
chr16	49990000	49990999	19
chr16	49991000	49991999	3
chr16	49992000	49992999	19
chr16	49993000	49993999	15
chr16	49994000	49994999	4
chr16	49995000	49995999	14
chr16	49996000	49996999	5
chr16	49997000	49997999	7
chr16	49998000	49998999	20
chr16	49999000	49999999	10
chr16	50000000	50000999	0
chr16	50001000	50001999	3
chr16	50002000	50002999	5
chr16	50003000	50003999	8
chr16	50004000	50004999	29
chr16	50005000	50005999	7
chr16	50006000	50006999	3
chr16	50007000	50007999	3
chr16	50008000	50008999	6
chr16	50009000	50009999	18
chr16	50010000	50010999	17
chr16	50011000	50011999	0
chr16	50012000	50012999	0
chr16	50013000	50013999	0
chr16	50014000	50014999	13
chr16	50015000	50015999	15
chr16	50016000	50016999	10
chr16	50017000	50017999	0
chr16	50018000	50018999	1
chr16	50019000	50019999	1
chr16	50020000	50020999	0
chr16	50021000	50021999	8
chr16	50022000	50022999	7
chr16	50023000	50023999	0
chr16	50024000	50024999	10
chr16	50025000	50025999	10
chr16	50026000	50026999	34
chr16	50027000	50027999	17
chr16	50028000	50028999	18
chr16	50029000	50029999	0
chr16	50030000	50030999	0
chr16	50031000	50031999	15
chr16	50032000	50032999	12
chr16	50033000	50033999	23
chr16	50034000	50034999	14
chr16	50035000	50035999	0
chr16	50036000	50036999	6
chr16	50037000	50037999	10
chr16	50038000	50038999	4
chr16	50039000	50039999	2
chr16	50040000	50040999	13
chr16	50041000	50041999	15
chr16	50042000	50042999	0
chr16	50043000	50043999	11
chr16	50044000	50044999	7
chr16	50045000	50045999	2
chr16	50046000	50046999	16
chr16	50047000	50047999	13
chr16	50048000	50048999	4
chr16	50049000	50049999	10
chr16	50050000	50050999	7
chr16	50051000	50051999	2
chr16	50052000	50052999	3
chr16	50053000	50053999	16
chr16	50054000	50054999	0
chr16	50055000	50055999	9
chr16	50056000	50056999	12
chr16	50057000	50057999	0
chr16	50058000	50058999	16
chr16	50059000	50059999	13
chr16	50060000	50060999	6
chr16	50061000	50061999	4
chr16	50062000	50062999	4
chr16	50063000	50063999	16
chr16	50064000	50064999	6
chr16	50065000	50065999	8
chr16	50066000	50066999	0
chr16	50067000	50067999	0
chr16	50068000	50068999	9
chr16	50069000	50069999	18
chr16	50070000	50070999	26
chr16	50071000	50071999	0
chr16	50072000	50072999	10
chr16	50073000	50073999	0
chr16	50074000	50074999	20
chr16	50075000	50075999	0
chr16	50076000	50076999	16
chr16	50077000	50077999	8
chr16	50078000	50078999	6
chr16	50079000	50079999	23
chr16	50080000	50080999	10
chr16	50081000	50081999	20
chr16	50082000	50082999	3
chr16	50083000	50083999	6
chr16	50084000	50084999	5
chr16	50085000	50085999	0
chr16	50086000	50086999	0
chr16	50087000	50087999	0
chr16	50088000	50088999	0
chr16	50089000	50089999	9
chr16	50090000	50090999	4
chr16	50091000	50091999	2
chr16	50092000	50092999	0
chr16	50093000	50093999	31
chr16	50094000	50094999	6
chr16	50095000	50095999	11
chr16	50096000	50096999	0
chr16	50097000	50097999	3
chr16	50098000	50098999	4
chr16	50099000	50099999	0
chr16	50100000	50100999	0
chr16	50101000	50101999	15
chr16	50102000	50102999	8
chr16	50103000	50103999	3
chr16	50104000	50104999	10
chr16	50105000	50105999	14
chr16	50106000	50106999	11
chr16	50107000	50107999	0
chr16	50108000	50108999	0
chr16	50109000	50109999	1
chr16	50110000	50110999	7
chr16	50111000	50111999	0
chr16	50112000	50112999	26
chr16	50113000	50113999	12
chr16	50114000	50114999	9
chr16	50115000	50115999	6
chr16	50116000	50116999	8
chr16	50117000	50117999	17
chr16	50118000	50118999	8
chr16	50119000	50119999	15
chr16	50120000	50120999	4
chr16	50121000	50121999	7
chr16	50122000	50122999	0
chr16	50123000	50123999	28
chr16	50124000	50124999	25
chr16	50125000	50125999	15
chr16	50126000	50126999	20
chr16	50127000	50127999	2
chr16	50128000	50128999	40
chr16	50129000	50129999	12
chr16	50130000	50130999	4
chr16	50131000	50131999	9
chr16	50132000	50132999	1
chr16	50133000	50133999	0
chr16	50134000	50134999	6
chr16	50135000	50135999	0
chr16	50136000	50136999	0
chr16	50137000	50137999	5
chr16	50138000	50138999	3
chr16	50139000	50139999	13
chr16	50140000	50140999	20
chr16	50141000	50141999	0
chr16	50142000	50142999	22
chr16	50143000	50143999	4
chr16	50144000	50144999	2
chr16	50145000	50145999	5
chr16	50146000	50146999	0
chr16	50147000	50147999	0
chr16	50148000	50148999	4
chr16	50149000	50149999	0
chr16	50150000	50150999	12
chr16	50151000	50151999	25
chr16	50152000	50152999	18
chr16	50153000	50153999	0
chr16	50154000	50154999	0
chr16	50155000	50155999	7
chr16	50156000	50156999	8
chr16	50157000	50157999	33
chr16	50158000	50158999	14
chr16	50159000	50159999	0
chr16	50160000	50160999	11
chr16	50161000	50161999	26
chr16	50162000	50162999	3
chr16	50163000	50163999	14
chr16	50164000	50164999	0
chr16	50165000	50165999	6
chr16	50166000	50166999	6
chr16	50167000	50167999	23
chr16	50168000	50168999	21
chr16	50169000	50169999	3
chr16	50170000	50170999	18
chr16	50171000	50171999	14
chr16	50172000	50172999	9
chr16	50173000	50173999	21
chr16	50174000	50174999	3
chr16	50175000	50175999	29
chr16	50176000	50176999	31
chr16	50177000	50177999	6
chr16	50178000	50178999	0
chr16	50179000	50179999	4
chr16	50180000	50180999	8
chr16	50181000	50181999	17
chr16	50182000	50182999	6
chr16	50183000	50183999	0
chr16	50184000	50184999	6
chr16	50185000	50185999	27
chr16	50186000	50186999	31
chr16	50187000	50187999	9
chr16	50188000	50188999	29
chr16	50189000	50189999	12
chr16	50190000	50190999	34
chr16	50191000	50191999	12
chr16	50192000	50192999	4
chr16	50193000	50193999	38
chr16	50194000	50194999	13
chr16	50195000	50195999	0
chr16	50196000	50196999	4
chr16	50197000	50197999	0
chr16	50198000	50198999	32
chr16	50199000	50199999	1
chr16	50200000	50200999	5
chr16	50201000	50201999	12
chr16	50202000	50202999	17
chr16	50203000	50203999	0
chr16	50204000	50204999	13
chr16	50205000	50205999	19
chr16	50206000	50206999	5
chr16	50207000	50207999	16
chr16	50208000	50208999	18
chr16	50209000	50209999	11
chr16	50210000	50210999	20
chr16	50211000	50211999	6
chr16	50212000	50212999	5
chr16	50213000	50213999	11
chr16	50214000	50214999	13
chr16	50215000	50215999	18
chr16	50216000	50216999	0
chr16	50217000	50217999	2
chr16	50218000	50218999	23
chr16	50219000	50219999	14
chr16	50220000	50220999	20
chr16	50221000	50221999	19
chr16	50222000	50222999	6
chr16	50223000	50223999	5
chr16	50224000	50224999	13
chr16	50225000	50225999	0
chr16	50226000	50226999	7
chr16	50227000	50227999	21
chr16	50228000	50228999	20
chr16	50229000	50229999	3
chr16	50230000	50230999	0
chr16	50231000	50231999	6
chr16	50232000	50232999	21
chr16	50233000	50233999	27
chr16	50234000	50234999	0
chr16	50235000	50235999	6
chr16	50236000	50236999	29
chr16	50237000	50237999	9
chr16	50238000	50238999	2
chr16	50239000	50239999	0
chr16	50240000	50240999	8
chr16	50241000	50241999	0
chr16	50242000	50242999	4
chr16	50243000	50243999	0
chr16	50244000	50244999	2
chr16	50245000	50245999	3
chr16	50246000	50246999	36
chr16	50247000	50247999	27
chr16	50248000	50248999	0
chr16	50249000	50249999	0
chr16	50250000	50250999	1
chr16	50251000	50251999	41
chr16	50252000	50252999	5
chr16	50253000	50253999	9
chr16	50254000	50254999	14
chr16	50255000	50255999	2
chr16	50256000	50256999	0
chr16	50257000	50257999	0
chr16	50258000	50258999	2
chr16	50259000	50259999	0
chr16	50260000	50260999	2
chr16	50261000	50261999	20
chr16	50262000	50262999	0
chr16	50263000	50263999	10
chr16	50264000	50264999	25
chr16	50265000	50265999	5
chr16	50266000	50266999	26
chr16	50267000	50267999	11
chr16	50268000	50268999	8
chr16	50269000	50269999	12
chr16	50270000	50270999	0
chr16	50271000	50271999	4
chr16	50272000	50272999	0
chr16	50273000	50273999	9
chr16	50274000	50274999	8
chr16	50275000	50275999	0
chr16	50276000	50276999	0
chr16	50277000	50277999	20
chr16	50278000	50278999	0
chr16	50279000	50279999	18
chr16	50280000	50280999	9
chr16	50281000	50281999	6
chr16	50282000	50282999	7
chr16	50283000	50283999	5
chr16	50284000	50284999	2
chr16	50285000	50285999	7
chr16	50286000	50286999	3
chr16	50287000	50287999	6
chr16	50288000	50288999	13
chr16	50289000	50289999	5
chr16	50290000	50290999	5
chr16	50291000	50291999	28
chr16	50292000	50292999	3
chr16	50293000	50293999	15
chr16	50294000	50294999	7
chr16	50295000	50295999	0
chr16	50296000	50296999	14
chr16	50297000	50297999	21
chr16	50298000	50298999	9
chr16	50299000	50299999	0
chr16	50300000	50300999	22
chr16	50301000	50301999	9
chr16	50302000	50302999	21
chr16	50303000	50303999	22
chr16	50304000	50304999	25
chr16	50305000	50305999	20
chr16	50306000	50306999	5
chr16	50307000	50307999	0
chr16	50308000	50308999	8
chr16	50309000	50309999	11
chr16	50310000	50310999	20
chr16	50311000	50311999	3
chr16	50312000	50312999	0
chr16	50313000	50313999	6
chr16	50314000	50314999	0
chr16	50315000	50315999	19
chr16	50316000	50316999	6
chr16	50317000	50317999	25
chr16	50318000	50318999	4
chr16	50319000	50319999	4
chr16	50320000	50320999	23
chr16	50321000	50321999	12
chr16	50322000	50322999	24
chr16	50323000	50323999	2
chr16	50324000	50324999	14
chr16	50325000	50325999	6
chr16	50326000	50326999	5
chr16	50327000	50327999	3
chr16	50328000	50328999	9
chr16	50329000	50329999	21
chr16	50330000	50330999	12
chr16	50331000	50331999	2
chr16	50332000	50332999	1
chr16	50333000	50333999	32
chr16	50334000	50334999	1
chr16	50335000	50335999	0
chr16	50336000	50336999	0
chr16	50337000	50337999	14
chr16	50338000	50338999	12
chr16	50339000	50339999	12
chr16	50340000	50340999	7
chr16	50341000	50341999	10
chr16	50342000	50342999	11
chr16	50343000	50343999	10
chr16	50344000	50344999	5
chr16	50345000	50345999	11
chr16	50346000	50346999	4
chr16	50347000	50347999	7
chr16	50348000	50348999	3
chr16	50349000	50349999	19
chr16	50350000	50350999	12
chr16	50351000	50351999	20
chr16	50352000	50352999	5
chr16	50353000	50353999	6
chr16	50354000	50354999	6
chr16	50355000	50355999	13
chr16	50356000	50356999	15
chr16	50357000	50357999	25
chr16	50358000	50358999	1
chr16	50359000	50359999	6
chr16	50360000	50360999	14
chr16	50361000	50361999	8
chr16	50362000	50362999	6
chr16	50363000	50363999	13
chr16	50364000	50364999	54
chr16	50365000	50365999	2
chr16	50366000	50366999	0
chr16	50367000	50367999	1
chr16	50368000	50368999	14
chr16	50369000	50369999	8
chr16	50370000	50370999	4
chr16	50371000	50371999	21
chr16	50372000	50372999	0
chr16	50373000	50373999	53
chr16	50374000	50374999	13
chr16	50375000	50375999	8
chr16	50376000	50376999	16
chr16	50377000	50377999	18
chr16	50378000	50378999	9
chr16	50379000	50379999	0
chr16	50380000	50380999	23
chr16	50381000	50381999	26
chr16	50382000	50382999	18
chr16	50383000	50383999	0
chr16	50384000	50384999	7
chr16	50385000	50385999	3
chr16	50386000	50386999	0
chr16	50387000	50387999	12
chr16	50388000	50388999	12
chr16	50389000	50389999	23
chr16	50390000	50390999	18
chr16	50391000	50391999	26
chr16	50392000	50392999	5
chr16	50393000	50393999	32
chr16	50394000	50394999	5
chr16	50395000	50395999	9
chr16	50396000	50396999	9
chr16	50397000	50397999	10
chr16	50398000	50398999	13
chr16	50399000	50399999	0
chr16	50400000	50400999	9
chr16	50401000	50401999	8
chr16	50402000	50402999	25
chr16	50403000	50403999	9
chr16	50404000	50404999	8
chr16	50405000	50405999	7
chr16	50406000	50406999	9
chr16	50407000	50407999	12
chr16	50408000	50408999	0
chr16	50409000	50409999	5
chr16	50410000	50410999	1
chr16	50411000	50411999	6
chr16	50412000	50412999	0
chr16	50413000	50413999	3
chr16	50414000	50414999	6
chr16	50415000	50415999	5
chr16	50416000	50416999	4
chr16	50417000	50417999	16
chr16	50418000	50418999	19
chr16	50419000	50419999	0
chr16	50420000	50420999	10
chr16	50421000	50421999	13
chr16	50422000	50422999	0
chr16	50423000	50423999	14
chr16	50424000	50424999	0
chr16	50425000	50425999	0
chr16	50426000	50426999	0
chr16	50427000	50427999	0
chr16	50428000	50428999	15
chr16	50429000	50429999	21
chr16	50430000	50430999	28
chr16	50431000	50431999	15
chr16	50432000	50432999	80
chr16	50433000	50433999	10
chr16	50434000	50434999	11
chr16	50435000	50435999	12
chr16	50436000	50436999	2
chr16	50437000	50437999	8
chr16	50438000	50438999	17
chr16	50439000	50439999	1
chr16	50440000	50440999	7
chr16	50441000	50441999	6
chr16	50442000	50442999	0
chr16	50443000	50443999	4
chr16	50444000	50444999	0
chr16	50445000	50445999	1
chr16	50446000	50446999	0
chr16	50447000	50447999	25
chr16	50448000	50448999	11
chr16	50449000	50449999	20
chr16	50450000	50450999	11
chr16	50451000	50451999	7
chr16	50452000	50452999	11
chr16	50453000	50453999	9
chr16	50454000	50454999	10
chr16	50455000	50455999	8
chr16	50456000	50456999	0
chr16	50457000	50457999	1
chr16	50458000	50458999	16
chr16	50459000	50459999	4
chr16	50460000	50460999	0
chr16	50461000	50461999	11
chr16	50462000	50462999	5
chr16	50463000	50463999	0
chr16	50464000	50464999	0
chr16	50465000	50465999	9
chr16	50466000	50466999	16
chr16	50467000	50467999	39
chr16	50468000	50468999	4
chr16	50469000	50469999	6
chr16	50470000	50470999	1
chr16	50471000	50471999	0
chr16	50472000	50472999	15
chr16	50473000	50473999	0
chr16	50474000	50474999	4
chr16	50475000	50475999	0
chr16	50476000	50476999	0
chr16	50477000	50477999	0
chr16	50478000	50478999	3
chr16	50479000	50479999	0
chr16	50480000	50480999	5
chr16	50481000	50481999	0
chr16	50482000	50482999	5
chr16	50483000	50483999	9
chr16	50484000	50484999	7
chr16	50485000	50485999	40
chr16	50486000	50486999	0
chr16	50487000	50487999	5
chr16	50488000	50488999	7
chr16	50489000	50489999	20
chr16	50490000	50490999	13
chr16	50491000	50491999	10
chr16	50492000	50492999	2
chr16	50493000	50493999	22
chr16	50494000	50494999	20
chr16	50495000	50495999	6
chr16	50496000	50496999	0
chr16	50497000	50497999	5
chr16	50498000	50498999	2
chr16	50499000	50499999	8
chr16	50500000	50500999	0
chr16	50501000	50501999	19
chr16	50502000	50502999	8
chr16	50503000	50503999	11
chr16	50504000	50504999	0
chr16	50505000	50505999	10
chr16	50506000	50506999	7
chr16	50507000	50507999	18
chr16	50508000	50508999	0
chr16	50509000	50509999	14
chr16	50510000	50510999	28
chr16	50511000	50511999	30
chr16	50512000	50512999	13
chr16	50513000	50513999	18
chr16	50514000	50514999	5
chr16	50515000	50515999	10
chr16	50516000	50516999	13
chr16	50517000	50517999	4
chr16	50518000	50518999	10
chr16	50519000	50519999	5
chr16	50520000	50520999	0
chr16	50521000	50521999	17
chr16	50522000	50522999	6
chr16	50523000	50523999	0
chr16	50524000	50524999	12
chr16	50525000	50525999	1
chr16	50526000	50526999	29
chr16	50527000	50527999	1
chr16	50528000	50528999	30
chr16	50529000	50529999	27
chr16	50530000	50530999	54
chr16	50531000	50531999	8
chr16	50532000	50532999	7
chr16	50533000	50533999	25
chr16	50534000	50534999	0
chr16	50535000	50535999	16
chr16	50536000	50536999	9
chr16	50537000	50537999	0
chr16	50538000	50538999	22
chr16	50539000	50539999	13
chr16	50540000	50540999	47
chr16	50541000	50541999	6
chr16	50542000	50542999	9
chr16	50543000	50543999	11
chr16	50544000	50544999	26
chr16	50545000	50545999	23
chr16	50546000	50546999	18
chr16	50547000	50547999	11
chr16	50548000	50548999	0
chr16	50549000	50549999	9
chr16	50550000	50550999	0
chr16	50551000	50551999	15
chr16	50552000	50552999	12
chr16	50553000	50553999	8
chr16	50554000	50554999	5
chr16	50555000	50555999	0
chr16	50556000	50556999	9
chr16	50557000	50557999	0
chr16	50558000	50558999	0
chr16	50559000	50559999	6
chr16	50560000	50560999	7
chr16	50561000	50561999	4
chr16	50562000	50562999	9
chr16	50563000	50563999	10
chr16	50564000	50564999	10
chr16	50565000	50565999	7
chr16	50566000	50566999	5
chr16	50567000	50567999	12
chr16	50568000	50568999	0
chr16	50569000	50569999	30
chr16	50570000	50570999	0
chr16	50571000	50571999	8
chr16	50572000	50572999	6
chr16	50573000	50573999	25
chr16	50574000	50574999	0
chr16	50575000	50575999	19
chr16	50576000	50576999	3
chr16	50577000	50577999	5
chr16	50578000	50578999	23
chr16	50579000	50579999	28
chr16	50580000	50580999	13
chr16	50581000	50581999	1
chr16	50582000	50582999	0
chr16	50583000	50583999	24
chr16	50584000	50584999	1
chr16	50585000	50585999	22
chr16	50586000	50586999	24
chr16	50587000	50587999	5
chr16	50588000	50588999	19
chr16	50589000	50589999	16
chr16	50590000	50590999	0
chr16	50591000	50591999	2
chr16	50592000	50592999	6
chr16	50593000	50593999	13
chr16	50594000	50594999	15
chr16	50595000	50595999	23
chr16	50596000	50596999	1
chr16	50597000	50597999	0
chr16	50598000	50598999	23
chr16	50599000	50599999	4
chr16	50600000	50600999	2
chr16	50601000	50601999	18
chr16	50602000	50602999	18
chr16	50603000	50603999	9
chr16	50604000	50604999	0
chr16	50605000	50605999	0
chr16	50606000	50606999	23
chr16	50607000	50607999	2
chr16	50608000	50608999	25
chr16	50609000	50609999	12
chr16	50610000	50610999	3
chr16	50611000	50611999	8
chr16	50612000	50612999	19
chr16	50613000	50613999	11
chr16	50614000	50614999	0
chr16	50615000	50615999	5
chr16	50616000	50616999	22
chr16	50617000	50617999	9
chr16	50618000	50618999	12
chr16	50619000	50619999	20
chr16	50620000	50620999	7
chr16	50621000	50621999	33
chr16	50622000	50622999	5
chr16	50623000	50623999	19
chr16	50624000	50624999	6
chr16	50625000	50625999	8
chr16	50626000	50626999	21
chr16	50627000	50627999	16
chr16	50628000	50628999	15
chr16	50629000	50629999	20
chr16	50630000	50630999	13
chr16	50631000	50631999	0
chr16	50632000	50632999	19
chr16	50633000	50633999	19
chr16	50634000	50634999	0
chr16	50635000	50635999	32
chr16	50636000	50636999	11
chr16	50637000	50637999	18
chr16	50638000	50638999	0
chr16	50639000	50639999	25
chr16	50640000	50640999	22
chr16	50641000	50641999	19
chr16	50642000	50642999	0
chr16	50643000	50643999	34
chr16	50644000	50644999	7
chr16	50645000	50645999	0
chr16	50646000	50646999	2
chr16	50647000	50647999	12
chr16	50648000	50648999	1
chr16	50649000	50649999	0
chr16	50650000	50650999	0
chr16	50651000	50651999	0
chr16	50652000	50652999	0
chr16	50653000	50653999	2
chr16	50654000	50654999	0
chr16	50655000	50655999	18
chr16	50656000	50656999	0
chr16	50657000	50657999	26
chr16	50658000	50658999	0
chr16	50659000	50659999	0
chr16	50660000	50660999	11
chr16	50661000	50661999	5
chr16	50662000	50662999	0
chr16	50663000	50663999	2
chr16	50664000	50664999	13
chr16	50665000	50665999	13
chr16	50666000	50666999	15
chr16	50667000	50667999	0
chr16	50668000	50668999	2
chr16	50669000	50669999	1
chr16	50670000	50670999	2
chr16	50671000	50671999	16
chr16	50672000	50672999	6
chr16	50673000	50673999	0
chr16	50674000	50674999	17
chr16	50675000	50675999	36
chr16	50676000	50676999	18
chr16	50677000	50677999	0
chr16	50678000	50678999	25
chr16	50679000	50679999	28
chr16	50680000	50680999	1
chr16	50681000	50681999	1
chr16	50682000	50682999	5
chr16	50683000	50683999	2
chr16	50684000	50684999	6
chr16	50685000	50685999	3
chr16	50686000	50686999	17
chr16	50687000	50687999	7
chr16	50688000	50688999	17
chr16	50689000	50689999	19
chr16	50690000	50690999	8
chr16	50691000	50691999	22
chr16	50692000	50692999	13
chr16	50693000	50693999	24
chr16	50694000	50694999	19
chr16	50695000	50695999	7
chr16	50696000	50696999	0
chr16	50697000	50697999	5
chr16	50698000	50698999	17
chr16	50699000	50699999	7
chr16	50700000	50700999	2
chr16	50701000	50701999	3
chr16	50702000	50702999	4
chr16	50703000	50703999	30
chr16	50704000	50704999	14
chr16	50705000	50705999	0
chr16	50706000	50706999	0
chr16	50707000	50707999	9
chr16	50708000	50708999	4
chr16	50709000	50709999	2
chr16	50710000	50710999	5
chr16	50711000	50711999	13
chr16	50712000	50712999	6
chr16	50713000	50713999	19
chr16	50714000	50714999	20
chr16	50715000	50715999	14
chr16	50716000	50716999	10
chr16	50717000	50717999	4
chr16	50718000	50718999	6
chr16	50719000	50719999	4
chr16	50720000	50720999	17
chr16	50721000	50721999	16
chr16	50722000	50722999	8
chr16	50723000	50723999	26
chr16	50724000	50724999	7
chr16	50725000	50725999	11
chr16	50726000	50726999	11
chr16	50727000	50727999	2
chr16	50728000	50728999	11
chr16	50729000	50729999	14
chr16	50730000	50730999	7
chr16	50731000	50731999	16
chr16	50732000	50732999	90
chr16	50733000	50733999	22
chr16	50734000	50734999	30
chr16	50735000	50735999	2
chr16	50736000	50736999	29
chr16	50737000	50737999	28
chr16	50738000	50738999	23
chr16	50739000	50739999	8
chr16	50740000	50740999	14
chr16	50741000	50741999	10
chr16	50742000	50742999	13
chr16	50743000	50743999	6
chr16	50744000	50744999	9
chr16	50745000	50745999	14
chr16	50746000	50746999	11
chr16	50747000	50747999	0
chr16	50748000	50748999	49
chr16	50749000	50749999	40
chr16	50750000	50750999	7
chr16	50751000	50751999	18
chr16	50752000	50752999	32
chr16	50753000	50753999	44
chr16	50754000	50754999	10
chr16	50755000	50755999	20
chr16	50756000	50756999	40
chr16	50757000	50757999	3
chr16	50758000	50758999	0
chr16	50759000	50759999	1
chr16	50760000	50760999	16
chr16	50761000	50761999	1
chr16	50762000	50762999	21
chr16	50763000	50763999	0
chr16	50764000	50764999	31
chr16	50765000	50765999	18
chr16	50766000	50766999	0
chr16	50767000	50767999	0
chr16	50768000	50768999	2
chr16	50769000	50769999	0
chr16	50770000	50770999	0
chr16	50771000	50771999	5
chr16	50772000	50772999	10
chr16	50773000	50773999	10
chr16	50774000	50774999	2
chr16	50775000	50775999	3
chr16	50776000	50776999	0
chr16	50777000	50777999	8
chr16	50778000	50778999	7
chr16	50779000	50779999	5
chr16	50780000	50780999	18
chr16	50781000	50781999	2
chr16	50782000	50782999	10
chr16	50783000	50783999	18
chr16	50784000	50784999	24
chr16	50785000	50785999	0
chr16	50786000	50786999	8
chr16	50787000	50787999	28
chr16	50788000	50788999	10
chr16	50789000	50789999	0
chr16	50790000	50790999	0
chr16	50791000	50791999	12
chr16	50792000	50792999	25
chr16	50793000	50793999	12
chr16	50794000	50794999	0
chr16	50795000	50795999	21
chr16	50796000	50796999	9
chr16	50797000	50797999	9
chr16	50798000	50798999	15
chr16	50799000	50799999	0
chr16	50800000	50800999	5
chr16	50801000	50801999	5
chr16	50802000	50802999	4
chr16	50803000	50803999	5
chr16	50804000	50804999	22
chr16	50805000	50805999	13
chr16	50806000	50806999	9
chr16	50807000	50807999	0
chr16	50808000	50808999	0
chr16	50809000	50809999	8
chr16	50810000	50810999	0
chr16	50811000	50811999	2
chr16	50812000	50812999	7
chr16	50813000	50813999	0
chr16	50814000	50814999	4
chr16	50815000	50815999	9
chr16	50816000	50816999	5
chr16	50817000	50817999	7
chr16	50818000	50818999	1
chr16	50819000	50819999	16
chr16	50820000	50820999	9
chr16	50821000	50821999	6
chr16	50822000	50822999	0
chr16	50823000	50823999	5
chr16	50824000	50824999	0
chr16	50825000	50825999	9
chr16	50826000	50826999	10
chr16	50827000	50827999	5
chr16	50828000	50828999	15
chr16	50829000	50829999	1
chr16	50830000	50830999	20
chr16	50831000	50831999	21
chr16	50832000	50832999	15
chr16	50833000	50833999	13
chr16	50834000	50834999	4
chr16	50835000	50835999	32
chr16	50836000	50836999	1
chr16	50837000	50837999	12
chr16	50838000	50838999	12
chr16	50839000	50839999	46
chr16	50840000	50840999	12
chr16	50841000	50841999	27
chr16	50842000	50842999	6
chr16	50843000	50843999	18
chr16	50844000	50844999	4
chr16	50845000	50845999	17
chr16	50846000	50846999	10
chr16	50847000	50847999	3
chr16	50848000	50848999	17
chr16	50849000	50849999	36
chr16	50850000	50850999	0
chr16	50851000	50851999	5
chr16	50852000	50852999	6
chr16	50853000	50853999	2
chr16	50854000	50854999	0
chr16	50855000	50855999	18
chr16	50856000	50856999	5
chr16	50857000	50857999	6
chr16	50858000	50858999	6
chr16	50859000	50859999	14
chr16	50860000	50860999	0
chr16	50861000	50861999	6
chr16	50862000	50862999	10
chr16	50863000	50863999	3
chr16	50864000	50864999	1
chr16	50865000	50865999	5
chr16	50866000	50866999	0
chr16	50867000	50867999	6
chr16	50868000	50868999	11
chr16	50869000	50869999	17
chr16	50870000	50870999	26
chr16	50871000	50871999	12
chr16	50872000	50872999	15
chr16	50873000	50873999	0
chr16	50874000	50874999	3
chr16	50875000	50875999	8
chr16	50876000	50876999	8
chr16	50877000	50877999	3
chr16	50878000	50878999	0
chr16	50879000	50879999	3
chr16	50880000	50880999	6
chr16	50881000	50881999	0
chr16	50882000	50882999	7
chr16	50883000	50883999	15
chr16	50884000	50884999	12
chr16	50885000	50885999	8
chr16	50886000	50886999	13
chr16	50887000	50887999	9
chr16	50888000	50888999	7
chr16	50889000	50889999	50
chr16	50890000	50890999	16
chr16	50891000	50891999	8
chr16	50892000	50892999	4
chr16	50893000	50893999	8
chr16	50894000	50894999	6
chr16	50895000	50895999	5
chr16	50896000	50896999	1
chr16	50897000	50897999	20
chr16	50898000	50898999	2
chr16	50899000	50899999	1
chr16	50900000	50900999	5
chr16	50901000	50901999	7
chr16	50902000	50902999	4
chr16	50903000	50903999	0
chr16	50904000	50904999	21
chr16	50905000	50905999	7
chr16	50906000	50906999	1
chr16	50907000	50907999	12
chr16	50908000	50908999	0
chr16	50909000	50909999	6
chr16	50910000	50910999	0
chr16	50911000	50911999	0
chr16	50912000	50912999	0
chr16	50913000	50913999	0
chr16	50914000	50914999	0
chr16	50915000	50915999	10
chr16	50916000	50916999	4
chr16	50917000	50917999	5
chr16	50918000	50918999	18
chr16	50919000	50919999	27
chr16	50920000	50920999	13
chr16	50921000	50921999	0
chr16	50922000	50922999	17
chr16	50923000	50923999	13
chr16	50924000	50924999	12
chr16	50925000	50925999	0
chr16	50926000	50926999	0
chr16	50927000	50927999	4
chr16	50928000	50928999	16
chr16	50929000	50929999	17
chr16	50930000	50930999	25
chr16	50931000	50931999	7
chr16	50932000	50932999	14
chr16	50933000	50933999	0
chr16	50934000	50934999	19
chr16	50935000	50935999	10
chr16	50936000	50936999	17
chr16	50937000	50937999	0
chr16	50938000	50938999	2
chr16	50939000	50939999	10
chr16	50940000	50940999	0
chr16	50941000	50941999	0
chr16	50942000	50942999	0
chr16	50943000	50943999	33
chr16	50944000	50944999	28
chr16	50945000	50945999	3
chr16	50946000	50946999	1
chr16	50947000	50947999	8
chr16	50948000	50948999	0
chr16	50949000	50949999	0
chr16	50950000	50950999	11
chr16	50951000	50951999	8
chr16	50952000	50952999	12
chr16	50953000	50953999	0
chr16	50954000	50954999	3
chr16	50955000	50955999	18
chr16	50956000	50956999	0
chr16	50957000	50957999	50
chr16	50958000	50958999	19
chr16	50959000	50959999	4
chr16	50960000	50960999	12
chr16	50961000	50961999	6
chr16	50962000	50962999	0
chr16	50963000	50963999	12
chr16	50964000	50964999	1
chr16	50965000	50965999	18
chr16	50966000	50966999	0
chr16	50967000	50967999	10
chr16	50968000	50968999	0
chr16	50969000	50969999	0
chr16	50970000	50970999	11
chr16	50971000	50971999	3
chr16	50972000	50972999	0
chr16	50973000	50973999	33
chr16	50974000	50974999	9
chr16	50975000	50975999	7
chr16	50976000	50976999	13
chr16	50977000	50977999	0
chr16	50978000	50978999	0
chr16	50979000	50979999	11
chr16	50980000	50980999	17
chr16	50981000	50981999	0
chr16	50982000	50982999	0
chr16	50983000	50983999	0
chr16	50984000	50984999	0
chr16	50985000	50985999	0
chr16	50986000	50986999	2
chr16	50987000	50987999	0
chr16	50988000	50988999	6
chr16	50989000	50989999	6
chr16	50990000	50990999	11
chr16	50991000	50991999	20
chr16	50992000	50992999	13
chr16	50993000	50993999	0
chr16	50994000	50994999	2
chr16	50995000	50995999	0
chr16	50996000	50996999	0
chr16	50997000	50997999	13
chr16	50998000	50998999	15
chr16	50999000	50999999	21
chr16	51000000	51000999	9
chr16	51001000	51001999	0
chr16	51002000	51002999	15
chr16	51003000	51003999	24
chr16	51004000	51004999	11
chr16	51005000	51005999	0
chr16	51006000	51006999	3
chr16	51007000	51007999	7
chr16	51008000	51008999	14
chr16	51009000	51009999	11
chr16	51010000	51010999	4
chr16	51011000	51011999	9
chr16	51012000	51012999	11
chr16	51013000	51013999	2
chr16	51014000	51014999	22
chr16	51015000	51015999	0
chr16	51016000	51016999	9
chr16	51017000	51017999	8
chr16	51018000	51018999	6
chr16	51019000	51019999	0
chr16	51020000	51020999	10
chr16	51021000	51021999	7
chr16	51022000	51022999	4
chr16	51023000	51023999	0
chr16	51024000	51024999	14
chr16	51025000	51025999	17
chr16	51026000	51026999	16
chr16	51027000	51027999	3
chr16	51028000	51028999	15
chr16	51029000	51029999	0
chr16	51030000	51030999	0
chr16	51031000	51031999	7
chr16	51032000	51032999	8
chr16	51033000	51033999	25
chr16	51034000	51034999	0
chr16	51035000	51035999	8
chr16	51036000	51036999	17
chr16	51037000	51037999	25
chr16	51038000	51038999	0
chr16	51039000	51039999	0
chr16	51040000	51040999	5
chr16	51041000	51041999	14
chr16	51042000	51042999	0
chr16	51043000	51043999	11
chr16	51044000	51044999	11
chr16	51045000	51045999	0
chr16	51046000	51046999	0
chr16	51047000	51047999	0
chr16	51048000	51048999	13
chr16	51049000	51049999	0
chr16	51050000	51050999	9
chr16	51051000	51051999	8
chr16	51052000	51052999	17
chr16	51053000	51053999	9
chr16	51054000	51054999	6
chr16	51055000	51055999	0
chr16	51056000	51056999	5
chr16	51057000	51057999	6
chr16	51058000	51058999	13
chr16	51059000	51059999	7
chr16	51060000	51060999	2
chr16	51061000	51061999	0
chr16	51062000	51062999	0
chr16	51063000	51063999	13
chr16	51064000	51064999	8
chr16	51065000	51065999	30
chr16	51066000	51066999	35
chr16	51067000	51067999	13
chr16	51068000	51068999	0
chr16	51069000	51069999	0
chr16	51070000	51070999	4
chr16	51071000	51071999	18
chr16	51072000	51072999	17
chr16	51073000	51073999	0
chr16	51074000	51074999	0
chr16	51075000	51075999	6
chr16	51076000	51076999	3
chr16	51077000	51077999	6
chr16	51078000	51078999	16
chr16	51079000	51079999	11
chr16	51080000	51080999	1
chr16	51081000	51081999	0
chr16	51082000	51082999	4
chr16	51083000	51083999	0
chr16	51084000	51084999	0
chr16	51085000	51085999	6
chr16	51086000	51086999	4
chr16	51087000	51087999	0
chr16	51088000	51088999	0
chr16	51089000	51089999	0
chr16	51090000	51090999	0
chr16	51091000	51091999	0
chr16	51092000	51092999	0
chr16	51093000	51093999	0
chr16	51094000	51094999	8
chr16	51095000	51095999	25
chr16	51096000	51096999	16
chr16	51097000	51097999	24
chr16	51098000	51098999	14
chr16	51099000	51099999	0
chr16	51100000	51100999	6
chr16	51101000	51101999	3
chr16	51102000	51102999	34
chr16	51103000	51103999	10
chr16	51104000	51104999	34
chr16	51105000	51105999	4
chr16	51106000	51106999	17
chr16	51107000	51107999	15
chr16	51108000	51108999	4
chr16	51109000	51109999	0
chr16	51110000	51110999	5
chr16	51111000	51111999	13
chr16	51112000	51112999	34
chr16	51113000	51113999	7
chr16	51114000	51114999	9
chr16	51115000	51115999	24
chr16	51116000	51116999	0
chr16	51117000	51117999	0
chr16	51118000	51118999	11
chr16	51119000	51119999	13
chr16	51120000	51120999	0
chr16	51121000	51121999	0
chr16	51122000	51122999	2
chr16	51123000	51123999	7
chr16	51124000	51124999	0
chr16	51125000	51125999	0
chr16	51126000	51126999	10
chr16	51127000	51127999	14
chr16	51128000	51128999	3
chr16	51129000	51129999	8
chr16	51130000	51130999	0
chr16	51131000	51131999	0
chr16	51132000	51132999	0
chr16	51133000	51133999	0
chr16	51134000	51134999	0
chr16	51135000	51135999	0
chr16	51136000	51136999	1
chr16	51137000	51137999	15
chr16	51138000	51138999	18
chr16	51139000	51139999	6
chr16	51140000	51140999	1
chr16	51141000	51141999	3
chr16	51142000	51142999	13
chr16	51143000	51143999	21
chr16	51144000	51144999	0
chr16	51145000	51145999	12
chr16	51146000	51146999	23
chr16	51147000	51147999	20
chr16	51148000	51148999	15
chr16	51149000	51149999	14
chr16	51150000	51150999	8
chr16	51151000	51151999	0
chr16	51152000	51152999	4
chr16	51153000	51153999	4
chr16	51154000	51154999	20
chr16	51155000	51155999	16
chr16	51156000	51156999	0
chr16	51157000	51157999	0
chr16	51158000	51158999	0
chr16	51159000	51159999	20
chr16	51160000	51160999	10
chr16	51161000	51161999	1
chr16	51162000	51162999	34
chr16	51163000	51163999	7
chr16	51164000	51164999	7
chr16	51165000	51165999	0
chr16	51166000	51166999	21
chr16	51167000	51167999	48
chr16	51168000	51168999	1
chr16	51169000	51169999	7
chr16	51170000	51170999	3
chr16	51171000	51171999	27
chr16	51172000	51172999	3
chr16	51173000	51173999	22
chr16	51174000	51174999	0
chr16	51175000	51175999	10
chr16	51176000	51176999	0
chr16	51177000	51177999	7
chr16	51178000	51178999	0
chr16	51179000	51179999	0
chr16	51180000	51180999	0
chr16	51181000	51181999	1
chr16	51182000	51182999	10
chr16	51183000	51183999	0
chr16	51184000	51184999	4
chr16	51185000	51185999	0
chr16	51186000	51186999	6
chr16	51187000	51187999	12
chr16	51188000	51188999	12
chr16	51189000	51189999	29
chr16	51190000	51190999	19
chr16	51191000	51191999	7
chr16	51192000	51192999	0
chr16	51193000	51193999	8
chr16	51194000	51194999	15
chr16	51195000	51195999	8
chr16	51196000	51196999	14
chr16	51197000	51197999	11
chr16	51198000	51198999	33
chr16	51199000	51199999	6
chr16	51200000	51200999	13
chr16	51201000	51201999	44
chr16	51202000	51202999	12
chr16	51203000	51203999	25
chr16	51204000	51204999	13
chr16	51205000	51205999	6
chr16	51206000	51206999	5
chr16	51207000	51207999	0
chr16	51208000	51208999	1
chr16	51209000	51209999	7
chr16	51210000	51210999	0
chr16	51211000	51211999	2
chr16	51212000	51212999	0
chr16	51213000	51213999	0
chr16	51214000	51214999	17
chr16	51215000	51215999	5
chr16	51216000	51216999	10
chr16	51217000	51217999	9
chr16	51218000	51218999	20
chr16	51219000	51219999	9
chr16	51220000	51220999	11
chr16	51221000	51221999	0
chr16	51222000	51222999	8
chr16	51223000	51223999	12
chr16	51224000	51224999	4
chr16	51225000	51225999	23
chr16	51226000	51226999	6
chr16	51227000	51227999	11
chr16	51228000	51228999	4
chr16	51229000	51229999	25
chr16	51230000	51230999	16
chr16	51231000	51231999	12
chr16	51232000	51232999	6
chr16	51233000	51233999	2
chr16	51234000	51234999	5
chr16	51235000	51235999	7
chr16	51236000	51236999	0
chr16	51237000	51237999	0
chr16	51238000	51238999	4
chr16	51239000	51239999	0
chr16	51240000	51240999	7
chr16	51241000	51241999	5
chr16	51242000	51242999	4
chr16	51243000	51243999	18
chr16	51244000	51244999	0
chr16	51245000	51245999	9
chr16	51246000	51246999	16
chr16	51247000	51247999	0
chr16	51248000	51248999	17
chr16	51249000	51249999	12
chr16	51250000	51250999	11
chr16	51251000	51251999	4
chr16	51252000	51252999	0
chr16	51253000	51253999	0
chr16	51254000	51254999	0
chr16	51255000	51255999	0
chr16	51256000	51256999	0
chr16	51257000	51257999	0
chr16	51258000	51258999	0
chr16	51259000	51259999	8
chr16	51260000	51260999	24
chr16	51261000	51261999	23
chr16	51262000	51262999	16
chr16	51263000	51263999	37
chr16	51264000	51264999	9
chr16	51265000	51265999	1
chr16	51266000	51266999	6
chr16	51267000	51267999	0
chr16	51268000	51268999	0
chr16	51269000	51269999	0
chr16	51270000	51270999	0
chr16	51271000	51271999	0
chr16	51272000	51272999	0
chr16	51273000	51273999	0
chr16	51274000	51274999	0
chr16	51275000	51275999	0
chr16	51276000	51276999	11
chr16	51277000	51277999	8
chr16	51278000	51278999	23
chr16	51279000	51279999	23
chr16	51280000	51280999	15
chr16	51281000	51281999	4
chr16	51282000	51282999	17
chr16	51283000	51283999	7
chr16	51284000	51284999	4
chr16	51285000	51285999	0
chr16	51286000	51286999	6
chr16	51287000	51287999	6
chr16	51288000	51288999	0
chr16	51289000	51289999	0
chr16	51290000	51290999	46
chr16	51291000	51291999	0
chr16	51292000	51292999	3
chr16	51293000	51293999	4
chr16	51294000	51294999	13
chr16	51295000	51295999	0
chr16	51296000	51296999	19
chr16	51297000	51297999	22
chr16	51298000	51298999	8
chr16	51299000	51299999	6
chr16	51300000	51300999	0
chr16	51301000	51301999	26
chr16	51302000	51302999	21
chr16	51303000	51303999	8
chr16	51304000	51304999	13
chr16	51305000	51305999	9
chr16	51306000	51306999	19
chr16	51307000	51307999	29
chr16	51308000	51308999	1
chr16	51309000	51309999	6
chr16	51310000	51310999	9
chr16	51311000	51311999	0
chr16	51312000	51312999	1
chr16	51313000	51313999	36
chr16	51314000	51314999	2
chr16	51315000	51315999	17
chr16	51316000	51316999	19
chr16	51317000	51317999	11
chr16	51318000	51318999	28
chr16	51319000	51319999	0
chr16	51320000	51320999	0
chr16	51321000	51321999	7
chr16	51322000	51322999	0
chr16	51323000	51323999	0
chr16	51324000	51324999	0
chr16	51325000	51325999	0
chr16	51326000	51326999	0
chr16	51327000	51327999	10
chr16	51328000	51328999	0
chr16	51329000	51329999	21
chr16	51330000	51330999	0
chr16	51331000	51331999	10
chr16	51332000	51332999	14
chr16	51333000	51333999	10
chr16	51334000	51334999	20
chr16	51335000	51335999	14
chr16	51336000	51336999	6
chr16	51337000	51337999	0
chr16	51338000	51338999	11
chr16	51339000	51339999	5
chr16	51340000	51340999	2
chr16	51341000	51341999	14
chr16	51342000	51342999	2
chr16	51343000	51343999	16
chr16	51344000	51344999	0
chr16	51345000	51345999	5
chr16	51346000	51346999	10
chr16	51347000	51347999	2
chr16	51348000	51348999	21
chr16	51349000	51349999	13
chr16	51350000	51350999	35
chr16	51351000	51351999	6
chr16	51352000	51352999	23
chr16	51353000	51353999	10
chr16	51354000	51354999	8
chr16	51355000	51355999	9
chr16	51356000	51356999	24
chr16	51357000	51357999	10
chr16	51358000	51358999	0
chr16	51359000	51359999	0
chr16	51360000	51360999	5
chr16	51361000	51361999	1
chr16	51362000	51362999	16
chr16	51363000	51363999	26
chr16	51364000	51364999	8
chr16	51365000	51365999	9
chr16	51366000	51366999	26
chr16	51367000	51367999	8
chr16	51368000	51368999	13
chr16	51369000	51369999	13
chr16	51370000	51370999	0
chr16	51371000	51371999	19
chr16	51372000	51372999	0
chr16	51373000	51373999	3
chr16	51374000	51374999	4
chr16	51375000	51375999	0
chr16	51376000	51376999	0
chr16	51377000	51377999	0
chr16	51378000	51378999	0
chr16	51379000	51379999	0
chr16	51380000	51380999	0
chr16	51381000	51381999	10
chr16	51382000	51382999	1
chr16	51383000	51383999	0
chr16	51384000	51384999	0
chr16	51385000	51385999	8
chr16	51386000	51386999	32
chr16	51387000	51387999	0
chr16	51388000	51388999	13
chr16	51389000	51389999	11
chr16	51390000	51390999	5
chr16	51391000	51391999	22
chr16	51392000	51392999	28
chr16	51393000	51393999	5
chr16	51394000	51394999	14
chr16	51395000	51395999	5
chr16	51396000	51396999	0
chr16	51397000	51397999	0
chr16	51398000	51398999	0
chr16	51399000	51399999	0
chr16	51400000	51400999	8
chr16	51401000	51401999	36
chr16	51402000	51402999	12
chr16	51403000	51403999	0
chr16	51404000	51404999	0
chr16	51405000	51405999	12
chr16	51406000	51406999	5
chr16	51407000	51407999	13
chr16	51408000	51408999	2
chr16	51409000	51409999	16
chr16	51410000	51410999	9
chr16	51411000	51411999	5
chr16	51412000	51412999	19
chr16	51413000	51413999	24
chr16	51414000	51414999	5
chr16	51415000	51415999	9
chr16	51416000	51416999	0
chr16	51417000	51417999	0
chr16	51418000	51418999	0
chr16	51419000	51419999	9
chr16	51420000	51420999	8
chr16	51421000	51421999	11
chr16	51422000	51422999	20
chr16	51423000	51423999	22
chr16	51424000	51424999	35
chr16	51425000	51425999	14
chr16	51426000	51426999	4
chr16	51427000	51427999	6
chr16	51428000	51428999	8
chr16	51429000	51429999	0
chr16	51430000	51430999	22
chr16	51431000	51431999	0
chr16	51432000	51432999	6
chr16	51433000	51433999	0
chr16	51434000	51434999	11
chr16	51435000	51435999	22
chr16	51436000	51436999	13
chr16	51437000	51437999	20
chr16	51438000	51438999	8
chr16	51439000	51439999	2
chr16	51440000	51440999	20
chr16	51441000	51441999	2
chr16	51442000	51442999	0
chr16	51443000	51443999	0
chr16	51444000	51444999	0
chr16	51445000	51445999	9
chr16	51446000	51446999	4
chr16	51447000	51447999	1
chr16	51448000	51448999	14
chr16	51449000	51449999	4
chr16	51450000	51450999	1
chr16	51451000	51451999	0
chr16	51452000	51452999	2
chr16	51453000	51453999	2
chr16	51454000	51454999	1
chr16	51455000	51455999	8
chr16	51456000	51456999	7
chr16	51457000	51457999	10
chr16	51458000	51458999	4
chr16	51459000	51459999	0
chr16	51460000	51460999	2
chr16	51461000	51461999	10
chr16	51462000	51462999	9
chr16	51463000	51463999	2
chr16	51464000	51464999	9
chr16	51465000	51465999	12
chr16	51466000	51466999	7
chr16	51467000	51467999	10
chr16	51468000	51468999	8
chr16	51469000	51469999	9
chr16	51470000	51470999	16
chr16	51471000	51471999	0
chr16	51472000	51472999	18
chr16	51473000	51473999	15
chr16	51474000	51474999	30
chr16	51475000	51475999	20
chr16	51476000	51476999	9
chr16	51477000	51477999	9
chr16	51478000	51478999	1
chr16	51479000	51479999	0
chr16	51480000	51480999	0
chr16	51481000	51481999	15
chr16	51482000	51482999	8
chr16	51483000	51483999	0
chr16	51484000	51484999	1
chr16	51485000	51485999	17
chr16	51486000	51486999	0
chr16	51487000	51487999	0
chr16	51488000	51488999	0
chr16	51489000	51489999	0
chr16	51490000	51490999	0
chr16	51491000	51491999	0
chr16	51492000	51492999	0
chr16	51493000	51493999	8
chr16	51494000	51494999	0
chr16	51495000	51495999	0
chr16	51496000	51496999	0
chr16	51497000	51497999	0
chr16	51498000	51498999	0
chr16	51499000	51499999	5
chr16	51500000	51500999	24
chr16	51501000	51501999	3
chr16	51502000	51502999	18
chr16	51503000	51503999	0
chr16	51504000	51504999	0
chr16	51505000	51505999	0
chr16	51506000	51506999	0
chr16	51507000	51507999	0
chr16	51508000	51508999	0
chr16	51509000	51509999	0
chr16	51510000	51510999	0
chr16	51511000	51511999	1
chr16	51512000	51512999	11
chr16	51513000	51513999	12
chr16	51514000	51514999	0
chr16	51515000	51515999	13
chr16	51516000	51516999	0
chr16	51517000	51517999	0
chr16	51518000	51518999	40
chr16	51519000	51519999	25
chr16	51520000	51520999	13
chr16	51521000	51521999	7
chr16	51522000	51522999	19
chr16	51523000	51523999	18
chr16	51524000	51524999	7
chr16	51525000	51525999	6
chr16	51526000	51526999	25
chr16	51527000	51527999	0
chr16	51528000	51528999	5
chr16	51529000	51529999	0
chr16	51530000	51530999	1
chr16	51531000	51531999	5
chr16	51532000	51532999	1
chr16	51533000	51533999	3
chr16	51534000	51534999	5
chr16	51535000	51535999	5
chr16	51536000	51536999	0
chr16	51537000	51537999	4
chr16	51538000	51538999	0
chr16	51539000	51539999	0
chr16	51540000	51540999	0
chr16	51541000	51541999	0
chr16	51542000	51542999	14
chr16	51543000	51543999	22
chr16	51544000	51544999	5
chr16	51545000	51545999	16
chr16	51546000	51546999	4
chr16	51547000	51547999	18
chr16	51548000	51548999	0
chr16	51549000	51549999	0
chr16	51550000	51550999	12
chr16	51551000	51551999	0
chr16	51552000	51552999	6
chr16	51553000	51553999	0
chr16	51554000	51554999	13
chr16	51555000	51555999	0
chr16	51556000	51556999	0
chr16	51557000	51557999	18
chr16	51558000	51558999	7
chr16	51559000	51559999	3
chr16	51560000	51560999	6
chr16	51561000	51561999	9
chr16	51562000	51562999	5
chr16	51563000	51563999	2
chr16	51564000	51564999	4
chr16	51565000	51565999	0
chr16	51566000	51566999	9
chr16	51567000	51567999	0
chr16	51568000	51568999	0
chr16	51569000	51569999	0
chr16	51570000	51570999	10
chr16	51571000	51571999	13
chr16	51572000	51572999	0
chr16	51573000	51573999	28
chr16	51574000	51574999	0
chr16	51575000	51575999	32
chr16	51576000	51576999	9
chr16	51577000	51577999	30
chr16	51578000	51578999	16
chr16	51579000	51579999	26
chr16	51580000	51580999	15
chr16	51581000	51581999	12
chr16	51582000	51582999	12
chr16	51583000	51583999	8
chr16	51584000	51584999	24
chr16	51585000	51585999	15
chr16	51586000	51586999	23
chr16	51587000	51587999	0
chr16	51588000	51588999	3
chr16	51589000	51589999	20
chr16	51590000	51590999	4
chr16	51591000	51591999	0
chr16	51592000	51592999	10
chr16	51593000	51593999	6
chr16	51594000	51594999	26
chr16	51595000	51595999	10
chr16	51596000	51596999	10
chr16	51597000	51597999	5
chr16	51598000	51598999	2
chr16	51599000	51599999	6
chr16	51600000	51600999	0
chr16	51601000	51601999	0
chr16	51602000	51602999	16
chr16	51603000	51603999	11
chr16	51604000	51604999	5
chr16	51605000	51605999	0
chr16	51606000	51606999	2
chr16	51607000	51607999	0
chr16	51608000	51608999	1
chr16	51609000	51609999	12
chr16	51610000	51610999	0
chr16	51611000	51611999	3
chr16	51612000	51612999	20
chr16	51613000	51613999	12
chr16	51614000	51614999	5
chr16	51615000	51615999	4
chr16	51616000	51616999	2
chr16	51617000	51617999	35
chr16	51618000	51618999	26
chr16	51619000	51619999	16
chr16	51620000	51620999	11
chr16	51621000	51621999	0
chr16	51622000	51622999	27
chr16	51623000	51623999	9
chr16	51624000	51624999	15
chr16	51625000	51625999	2
chr16	51626000	51626999	6
chr16	51627000	51627999	4
chr16	51628000	51628999	0
chr16	51629000	51629999	15
chr16	51630000	51630999	0
chr16	51631000	51631999	3
chr16	51632000	51632999	0
chr16	51633000	51633999	6
chr16	51634000	51634999	20
chr16	51635000	51635999	0
chr16	51636000	51636999	0
chr16	51637000	51637999	12
chr16	51638000	51638999	0
chr16	51639000	51639999	29
chr16	51640000	51640999	2
chr16	51641000	51641999	23
chr16	51642000	51642999	0
chr16	51643000	51643999	12
chr16	51644000	51644999	27
chr16	51645000	51645999	2
chr16	51646000	51646999	5
chr16	51647000	51647999	0
chr16	51648000	51648999	2
chr16	51649000	51649999	11
chr16	51650000	51650999	25
chr16	51651000	51651999	12
chr16	51652000	51652999	9
chr16	51653000	51653999	40
chr16	51654000	51654999	21
chr16	51655000	51655999	8
chr16	51656000	51656999	23
chr16	51657000	51657999	31
chr16	51658000	51658999	2
chr16	51659000	51659999	0
chr16	51660000	51660999	5
chr16	51661000	51661999	14
chr16	51662000	51662999	5
chr16	51663000	51663999	13
chr16	51664000	51664999	8
chr16	51665000	51665999	0
chr16	51666000	51666999	7
chr16	51667000	51667999	7
chr16	51668000	51668999	7
chr16	51669000	51669999	1
chr16	51670000	51670999	23
chr16	51671000	51671999	13
chr16	51672000	51672999	7
chr16	51673000	51673999	17
chr16	51674000	51674999	1
chr16	51675000	51675999	15
chr16	51676000	51676999	3
chr16	51677000	51677999	6
chr16	51678000	51678999	35
chr16	51679000	51679999	5
chr16	51680000	51680999	42
chr16	51681000	51681999	7
chr16	51682000	51682999	6
chr16	51683000	51683999	20
chr16	51684000	51684999	0
chr16	51685000	51685999	3
chr16	51686000	51686999	2
chr16	51687000	51687999	0
chr16	51688000	51688999	0
chr16	51689000	51689999	16
chr16	51690000	51690999	9
chr16	51691000	51691999	0
chr16	51692000	51692999	3
chr16	51693000	51693999	1
chr16	51694000	51694999	11
chr16	51695000	51695999	7
chr16	51696000	51696999	8
chr16	51697000	51697999	10
chr16	51698000	51698999	12
chr16	51699000	51699999	25
chr16	51700000	51700999	10
chr16	51701000	51701999	0
chr16	51702000	51702999	9
chr16	51703000	51703999	0
chr16	51704000	51704999	4
chr16	51705000	51705999	36
chr16	51706000	51706999	5
chr16	51707000	51707999	5
chr16	51708000	51708999	17
chr16	51709000	51709999	4
chr16	51710000	51710999	12
chr16	51711000	51711999	11
chr16	51712000	51712999	10
chr16	51713000	51713999	23
chr16	51714000	51714999	9
chr16	51715000	51715999	8
chr16	51716000	51716999	0
chr16	51717000	51717999	5
chr16	51718000	51718999	7
chr16	51719000	51719999	6
chr16	51720000	51720999	9
chr16	51721000	51721999	13
chr16	51722000	51722999	7
chr16	51723000	51723999	6
chr16	51724000	51724999	7
chr16	51725000	51725999	15
chr16	51726000	51726999	6
chr16	51727000	51727999	6
chr16	51728000	51728999	23
chr16	51729000	51729999	0
chr16	51730000	51730999	0
chr16	51731000	51731999	0
chr16	51732000	51732999	0
chr16	51733000	51733999	0
chr16	51734000	51734999	0
chr16	51735000	51735999	0
chr16	51736000	51736999	14
chr16	51737000	51737999	7
chr16	51738000	51738999	19
chr16	51739000	51739999	16
chr16	51740000	51740999	25
chr16	51741000	51741999	0
chr16	51742000	51742999	2
chr16	51743000	51743999	13
chr16	51744000	51744999	18
chr16	51745000	51745999	30
chr16	51746000	51746999	0
chr16	51747000	51747999	16
chr16	51748000	51748999	6
chr16	51749000	51749999	14
chr16	51750000	51750999	14
chr16	51751000	51751999	1
chr16	51752000	51752999	6
chr16	51753000	51753999	5
chr16	51754000	51754999	13
chr16	51755000	51755999	3
chr16	51756000	51756999	18
chr16	51757000	51757999	8
chr16	51758000	51758999	7
chr16	51759000	51759999	23
chr16	51760000	51760999	7
chr16	51761000	51761999	3
chr16	51762000	51762999	13
chr16	51763000	51763999	5
chr16	51764000	51764999	9
chr16	51765000	51765999	21
chr16	51766000	51766999	0
chr16	51767000	51767999	7
chr16	51768000	51768999	12
chr16	51769000	51769999	16
chr16	51770000	51770999	9
chr16	51771000	51771999	7
chr16	51772000	51772999	2
chr16	51773000	51773999	34
chr16	51774000	51774999	19
chr16	51775000	51775999	11
chr16	51776000	51776999	3
chr16	51777000	51777999	0
chr16	51778000	51778999	10
chr16	51779000	51779999	57
chr16	51780000	51780999	22
chr16	51781000	51781999	0
chr16	51782000	51782999	8
chr16	51783000	51783999	5
chr16	51784000	51784999	14
chr16	51785000	51785999	7
chr16	51786000	51786999	11
chr16	51787000	51787999	13
chr16	51788000	51788999	0
chr16	51789000	51789999	3
chr16	51790000	51790999	0
chr16	51791000	51791999	5
chr16	51792000	51792999	6
chr16	51793000	51793999	14
chr16	51794000	51794999	10
chr16	51795000	51795999	0
chr16	51796000	51796999	0
chr16	51797000	51797999	7
chr16	51798000	51798999	0
chr16	51799000	51799999	0
chr16	51800000	51800999	0
chr16	51801000	51801999	0
chr16	51802000	51802999	0
chr16	51803000	51803999	0
chr16	51804000	51804999	15
chr16	51805000	51805999	23
chr16	51806000	51806999	34
chr16	51807000	51807999	22
chr16	51808000	51808999	1
chr16	51809000	51809999	31
chr16	51810000	51810999	1
chr16	51811000	51811999	20
chr16	51812000	51812999	8
chr16	51813000	51813999	13
chr16	51814000	51814999	6
chr16	51815000	51815999	11
chr16	51816000	51816999	0
chr16	51817000	51817999	40
chr16	51818000	51818999	0
chr16	51819000	51819999	1
chr16	51820000	51820999	6
chr16	51821000	51821999	21
chr16	51822000	51822999	0
chr16	51823000	51823999	0
chr16	51824000	51824999	7
chr16	51825000	51825999	0
chr16	51826000	51826999	3
chr16	51827000	51827999	7
chr16	51828000	51828999	16
chr16	51829000	51829999	26
chr16	51830000	51830999	0
chr16	51831000	51831999	11
chr16	51832000	51832999	20
chr16	51833000	51833999	3
chr16	51834000	51834999	3
chr16	51835000	51835999	0
chr16	51836000	51836999	0
chr16	51837000	51837999	11
chr16	51838000	51838999	0
chr16	51839000	51839999	4
chr16	51840000	51840999	18
chr16	51841000	51841999	3
chr16	51842000	51842999	0
chr16	51843000	51843999	8
chr16	51844000	51844999	7
chr16	51845000	51845999	0
chr16	51846000	51846999	21
chr16	51847000	51847999	4
chr16	51848000	51848999	5
chr16	51849000	51849999	13
chr16	51850000	51850999	0
chr16	51851000	51851999	18
chr16	51852000	51852999	0
chr16	51853000	51853999	18
chr16	51854000	51854999	6
chr16	51855000	51855999	0
chr16	51856000	51856999	10
chr16	51857000	51857999	14
chr16	51858000	51858999	0
chr16	51859000	51859999	20
chr16	51860000	51860999	16
chr16	51861000	51861999	14
chr16	51862000	51862999	0
chr16	51863000	51863999	13
chr16	51864000	51864999	26
chr16	51865000	51865999	8
chr16	51866000	51866999	3
chr16	51867000	51867999	4
chr16	51868000	51868999	0
chr16	51869000	51869999	0
chr16	51870000	51870999	9
chr16	51871000	51871999	1
chr16	51872000	51872999	0
chr16	51873000	51873999	0
chr16	51874000	51874999	0
chr16	51875000	51875999	1
chr16	51876000	51876999	6
chr16	51877000	51877999	0
chr16	51878000	51878999	6
chr16	51879000	51879999	6
chr16	51880000	51880999	0
chr16	51881000	51881999	0
chr16	51882000	51882999	0
chr16	51883000	51883999	1
chr16	51884000	51884999	9
chr16	51885000	51885999	6
chr16	51886000	51886999	6
chr16	51887000	51887999	0
chr16	51888000	51888999	0
chr16	51889000	51889999	0
chr16	51890000	51890999	0
chr16	51891000	51891999	7
chr16	51892000	51892999	13
chr16	51893000	51893999	19
chr16	51894000	51894999	13
chr16	51895000	51895999	4
chr16	51896000	51896999	2
chr16	51897000	51897999	10
chr16	51898000	51898999	38
chr16	51899000	51899999	7
chr16	51900000	51900999	8
chr16	51901000	51901999	24
chr16	51902000	51902999	1
chr16	51903000	51903999	0
chr16	51904000	51904999	8
chr16	51905000	51905999	3
chr16	51906000	51906999	0
chr16	51907000	51907999	5
chr16	51908000	51908999	31
chr16	51909000	51909999	13
chr16	51910000	51910999	22
chr16	51911000	51911999	4
chr16	51912000	51912999	13
chr16	51913000	51913999	6
chr16	51914000	51914999	24
chr16	51915000	51915999	0
chr16	51916000	51916999	22
chr16	51917000	51917999	10
chr16	51918000	51918999	0
chr16	51919000	51919999	27
chr16	51920000	51920999	15
chr16	51921000	51921999	7
chr16	51922000	51922999	10
chr16	51923000	51923999	12
chr16	51924000	51924999	0
chr16	51925000	51925999	14
chr16	51926000	51926999	17
chr16	51927000	51927999	10
chr16	51928000	51928999	0
chr16	51929000	51929999	10
chr16	51930000	51930999	7
chr16	51931000	51931999	0
chr16	51932000	51932999	6
chr16	51933000	51933999	8
chr16	51934000	51934999	2
chr16	51935000	51935999	20
chr16	51936000	51936999	19
chr16	51937000	51937999	9
chr16	51938000	51938999	15
chr16	51939000	51939999	0
chr16	51940000	51940999	9
chr16	51941000	51941999	12
chr16	51942000	51942999	5
chr16	51943000	51943999	0
chr16	51944000	51944999	23
chr16	51945000	51945999	18
chr16	51946000	51946999	0
chr16	51947000	51947999	0
chr16	51948000	51948999	0
chr16	51949000	51949999	0
chr16	51950000	51950999	0
chr16	51951000	51951999	4
chr16	51952000	51952999	0
chr16	51953000	51953999	23
chr16	51954000	51954999	0
chr16	51955000	51955999	18
chr16	51956000	51956999	23
chr16	51957000	51957999	23
chr16	51958000	51958999	26
chr16	51959000	51959999	5
chr16	51960000	51960999	3
chr16	51961000	51961999	0
chr16	51962000	51962999	24
chr16	51963000	51963999	41
chr16	51964000	51964999	4
chr16	51965000	51965999	33
chr16	51966000	51966999	18
chr16	51967000	51967999	18
chr16	51968000	51968999	0
chr16	51969000	51969999	0
chr16	51970000	51970999	0
chr16	51971000	51971999	0
chr16	51972000	51972999	0
chr16	51973000	51973999	0
chr16	51974000	51974999	0
chr16	51975000	51975999	15
chr16	51976000	51976999	0
chr16	51977000	51977999	0
chr16	51978000	51978999	0
chr16	51979000	51979999	0
chr16	51980000	51980999	8
chr16	51981000	51981999	12
chr16	51982000	51982999	0
chr16	51983000	51983999	0
chr16	51984000	51984999	15
chr16	51985000	51985999	25
chr16	51986000	51986999	23
chr16	51987000	51987999	40
chr16	51988000	51988999	10
chr16	51989000	51989999	0
chr16	51990000	51990999	25
chr16	51991000	51991999	0
chr16	51992000	51992999	9
chr16	51993000	51993999	22
chr16	51994000	51994999	14
chr16	51995000	51995999	8
chr16	51996000	51996999	14
chr16	51997000	51997999	0
chr16	51998000	51998999	24
chr16	51999000	51999999	22
chr16	52000000	52000999	4
chr16	52001000	52001999	0
chr16	52002000	52002999	17
chr16	52003000	52003999	0
chr16	52004000	52004999	21
chr16	52005000	52005999	0
chr16	52006000	52006999	4
chr16	52007000	52007999	0
chr16	52008000	52008999	29
chr16	52009000	52009999	2
chr16	52010000	52010999	0
chr16	52011000	52011999	6
chr16	52012000	52012999	16
chr16	52013000	52013999	3
chr16	52014000	52014999	5
chr16	52015000	52015999	13
chr16	52016000	52016999	0
chr16	52017000	52017999	35
chr16	52018000	52018999	28
chr16	52019000	52019999	17
chr16	52020000	52020999	0
chr16	52021000	52021999	25
chr16	52022000	52022999	7
chr16	52023000	52023999	7
chr16	52024000	52024999	12
chr16	52025000	52025999	0
chr16	52026000	52026999	3
chr16	52027000	52027999	19
chr16	52028000	52028999	0
chr16	52029000	52029999	13
chr16	52030000	52030999	20
chr16	52031000	52031999	160
chr16	52032000	52032999	13
chr16	52033000	52033999	9
chr16	52034000	52034999	42
chr16	52035000	52035999	16
chr16	52036000	52036999	5
chr16	52037000	52037999	12
chr16	52038000	52038999	19
chr16	52039000	52039999	7
chr16	52040000	52040999	24
chr16	52041000	52041999	21
chr16	52042000	52042999	0
chr16	52043000	52043999	8
chr16	52044000	52044999	16
chr16	52045000	52045999	30
chr16	52046000	52046999	17
chr16	52047000	52047999	45
chr16	52048000	52048999	17
chr16	52049000	52049999	19
chr16	52050000	52050999	15
chr16	52051000	52051999	16
chr16	52052000	52052999	6
chr16	52053000	52053999	7
chr16	52054000	52054999	15
chr16	52055000	52055999	83
chr16	52056000	52056999	18
chr16	52057000	52057999	0
chr16	52058000	52058999	26
chr16	52059000	52059999	13
chr16	52060000	52060999	13
chr16	52061000	52061999	12
chr16	52062000	52062999	16
chr16	52063000	52063999	8
chr16	52064000	52064999	11
chr16	52065000	52065999	12
chr16	52066000	52066999	18
chr16	52067000	52067999	29
chr16	52068000	52068999	29
chr16	52069000	52069999	1
chr16	52070000	52070999	14
chr16	52071000	52071999	35
chr16	52072000	52072999	23
chr16	52073000	52073999	4
chr16	52074000	52074999	26
chr16	52075000	52075999	17
chr16	52076000	52076999	8
chr16	52077000	52077999	6
chr16	52078000	52078999	21
chr16	52079000	52079999	5
chr16	52080000	52080999	6
chr16	52081000	52081999	0
chr16	52082000	52082999	12
chr16	52083000	52083999	0
chr16	52084000	52084999	0
chr16	52085000	52085999	6
chr16	52086000	52086999	9
chr16	52087000	52087999	4
chr16	52088000	52088999	25
chr16	52089000	52089999	16
chr16	52090000	52090999	1
chr16	52091000	52091999	2
chr16	52092000	52092999	29
chr16	52093000	52093999	5
chr16	52094000	52094999	33
chr16	52095000	52095999	19
chr16	52096000	52096999	6
chr16	52097000	52097999	14
chr16	52098000	52098999	0
chr16	52099000	52099999	24
chr16	52100000	52100999	0
chr16	52101000	52101999	8
chr16	52102000	52102999	21
chr16	52103000	52103999	5
chr16	52104000	52104999	4
chr16	52105000	52105999	0
chr16	52106000	52106999	28
chr16	52107000	52107999	3
chr16	52108000	52108999	0
chr16	52109000	52109999	12
chr16	52110000	52110999	19
chr16	52111000	52111999	7
chr16	52112000	52112999	11
chr16	52113000	52113999	7
chr16	52114000	52114999	8
chr16	52115000	52115999	4
chr16	52116000	52116999	7
chr16	52117000	52117999	1
chr16	52118000	52118999	17
chr16	52119000	52119999	5
chr16	52120000	52120999	14
chr16	52121000	52121999	2
chr16	52122000	52122999	8
chr16	52123000	52123999	26
chr16	52124000	52124999	6
chr16	52125000	52125999	1
chr16	52126000	52126999	24
chr16	52127000	52127999	16
chr16	52128000	52128999	19
chr16	52129000	52129999	12
chr16	52130000	52130999	24
chr16	52131000	52131999	12
chr16	52132000	52132999	24
chr16	52133000	52133999	1
chr16	52134000	52134999	19
chr16	52135000	52135999	52
chr16	52136000	52136999	0
chr16	52137000	52137999	5
chr16	52138000	52138999	10
chr16	52139000	52139999	5
chr16	52140000	52140999	4
chr16	52141000	52141999	27
chr16	52142000	52142999	31
chr16	52143000	52143999	13
chr16	52144000	52144999	16
chr16	52145000	52145999	12
chr16	52146000	52146999	0
chr16	52147000	52147999	6
chr16	52148000	52148999	28
chr16	52149000	52149999	10
chr16	52150000	52150999	0
chr16	52151000	52151999	41
chr16	52152000	52152999	9
chr16	52153000	52153999	16
chr16	52154000	52154999	17
chr16	52155000	52155999	31
chr16	52156000	52156999	4
chr16	52157000	52157999	3
chr16	52158000	52158999	20
chr16	52159000	52159999	21
chr16	52160000	52160999	9
chr16	52161000	52161999	10
chr16	52162000	52162999	28
chr16	52163000	52163999	10
chr16	52164000	52164999	0
chr16	52165000	52165999	4
chr16	52166000	52166999	13
chr16	52167000	52167999	11
chr16	52168000	52168999	8
chr16	52169000	52169999	8
chr16	52170000	52170999	17
chr16	52171000	52171999	22
chr16	52172000	52172999	6
chr16	52173000	52173999	4
chr16	52174000	52174999	28
chr16	52175000	52175999	20
chr16	52176000	52176999	0
chr16	52177000	52177999	0
chr16	52178000	52178999	1
chr16	52179000	52179999	7
chr16	52180000	52180999	34
chr16	52181000	52181999	15
chr16	52182000	52182999	2
chr16	52183000	52183999	8
chr16	52184000	52184999	7
chr16	52185000	52185999	0
chr16	52186000	52186999	3
chr16	52187000	52187999	0
chr16	52188000	52188999	9
chr16	52189000	52189999	0
chr16	52190000	52190999	11
chr16	52191000	52191999	0
chr16	52192000	52192999	0
chr16	52193000	52193999	23
chr16	52194000	52194999	7
chr16	52195000	52195999	10
chr16	52196000	52196999	0
chr16	52197000	52197999	4
chr16	52198000	52198999	23
chr16	52199000	52199999	6
chr16	52200000	52200999	10
chr16	52201000	52201999	4
chr16	52202000	52202999	9
chr16	52203000	52203999	41
chr16	52204000	52204999	2
chr16	52205000	52205999	8
chr16	52206000	52206999	6
chr16	52207000	52207999	30
chr16	52208000	52208999	7
chr16	52209000	52209999	4
chr16	52210000	52210999	23
chr16	52211000	52211999	5
chr16	52212000	52212999	13
chr16	52213000	52213999	9
chr16	52214000	52214999	23
chr16	52215000	52215999	9
chr16	52216000	52216999	18
chr16	52217000	52217999	0
chr16	52218000	52218999	28
chr16	52219000	52219999	17
chr16	52220000	52220999	16
chr16	52221000	52221999	3
chr16	52222000	52222999	4
chr16	52223000	52223999	13
chr16	52224000	52224999	0
chr16	52225000	52225999	0
chr16	52226000	52226999	39
chr16	52227000	52227999	0
chr16	52228000	52228999	10
chr16	52229000	52229999	3
chr16	52230000	52230999	9
chr16	52231000	52231999	6
chr16	52232000	52232999	23
chr16	52233000	52233999	6
chr16	52234000	52234999	23
chr16	52235000	52235999	8
chr16	52236000	52236999	26
chr16	52237000	52237999	17
chr16	52238000	52238999	4
chr16	52239000	52239999	7
chr16	52240000	52240999	34
chr16	52241000	52241999	1
chr16	52242000	52242999	9
chr16	52243000	52243999	2
chr16	52244000	52244999	10
chr16	52245000	52245999	8
chr16	52246000	52246999	2
chr16	52247000	52247999	0
chr16	52248000	52248999	9
chr16	52249000	52249999	7
chr16	52250000	52250999	4
chr16	52251000	52251999	21
chr16	52252000	52252999	2
chr16	52253000	52253999	21
chr16	52254000	52254999	15
chr16	52255000	52255999	1
chr16	52256000	52256999	21
chr16	52257000	52257999	6
chr16	52258000	52258999	14
chr16	52259000	52259999	3
chr16	52260000	52260999	0
chr16	52261000	52261999	20
chr16	52262000	52262999	5
chr16	52263000	52263999	20
chr16	52264000	52264999	5
chr16	52265000	52265999	10
chr16	52266000	52266999	4
chr16	52267000	52267999	0
chr16	52268000	52268999	1
chr16	52269000	52269999	0
chr16	52270000	52270999	2
chr16	52271000	52271999	3
chr16	52272000	52272999	21
chr16	52273000	52273999	18
chr16	52274000	52274999	48
chr16	52275000	52275999	0
chr16	52276000	52276999	12
chr16	52277000	52277999	11
chr16	52278000	52278999	3
chr16	52279000	52279999	0
chr16	52280000	52280999	11
chr16	52281000	52281999	0
chr16	52282000	52282999	0
chr16	52283000	52283999	0
chr16	52284000	52284999	0
chr16	52285000	52285999	0
chr16	52286000	52286999	0
chr16	52287000	52287999	7
chr16	52288000	52288999	16
chr16	52289000	52289999	11
chr16	52290000	52290999	6
chr16	52291000	52291999	15
chr16	52292000	52292999	18
chr16	52293000	52293999	16
chr16	52294000	52294999	10
chr16	52295000	52295999	9
chr16	52296000	52296999	37
chr16	52297000	52297999	21
chr16	52298000	52298999	9
chr16	52299000	52299999	0
chr16	52300000	52300999	11
chr16	52301000	52301999	12
chr16	52302000	52302999	56
chr16	52303000	52303999	13
chr16	52304000	52304999	21
chr16	52305000	52305999	18
chr16	52306000	52306999	0
chr16	52307000	52307999	0
chr16	52308000	52308999	0
chr16	52309000	52309999	4
chr16	52310000	52310999	14
chr16	52311000	52311999	23
chr16	52312000	52312999	16
chr16	52313000	52313999	3
chr16	52314000	52314999	12
chr16	52315000	52315999	0
chr16	52316000	52316999	24
chr16	52317000	52317999	2
chr16	52318000	52318999	3
chr16	52319000	52319999	31
chr16	52320000	52320999	15
chr16	52321000	52321999	0
chr16	52322000	52322999	12
chr16	52323000	52323999	6
chr16	52324000	52324999	0
chr16	52325000	52325999	24
chr16	52326000	52326999	8
chr16	52327000	52327999	0
chr16	52328000	52328999	22
chr16	52329000	52329999	7
chr16	52330000	52330999	17
chr16	52331000	52331999	0
chr16	52332000	52332999	5
chr16	52333000	52333999	9
chr16	52334000	52334999	15
chr16	52335000	52335999	5
chr16	52336000	52336999	8
chr16	52337000	52337999	4
chr16	52338000	52338999	10
chr16	52339000	52339999	4
chr16	52340000	52340999	0
chr16	52341000	52341999	3
chr16	52342000	52342999	19
chr16	52343000	52343999	23
chr16	52344000	52344999	28
chr16	52345000	52345999	0
chr16	52346000	52346999	11
chr16	52347000	52347999	27
chr16	52348000	52348999	5
chr16	52349000	52349999	0
chr16	52350000	52350999	33
chr16	52351000	52351999	28
chr16	52352000	52352999	4
chr16	52353000	52353999	0
chr16	52354000	52354999	17
chr16	52355000	52355999	4
chr16	52356000	52356999	0
chr16	52357000	52357999	1
chr16	52358000	52358999	0
chr16	52359000	52359999	0
chr16	52360000	52360999	21
chr16	52361000	52361999	12
chr16	52362000	52362999	20
chr16	52363000	52363999	8
chr16	52364000	52364999	7
chr16	52365000	52365999	2
chr16	52366000	52366999	19
chr16	52367000	52367999	14
chr16	52368000	52368999	0
chr16	52369000	52369999	0
chr16	52370000	52370999	7
chr16	52371000	52371999	7
chr16	52372000	52372999	3
chr16	52373000	52373999	0
chr16	52374000	52374999	21
chr16	52375000	52375999	6
chr16	52376000	52376999	2
chr16	52377000	52377999	0
chr16	52378000	52378999	0
chr16	52379000	52379999	4
chr16	52380000	52380999	12
chr16	52381000	52381999	1
chr16	52382000	52382999	2
chr16	52383000	52383999	17
chr16	52384000	52384999	0
chr16	52385000	52385999	13
chr16	52386000	52386999	48
chr16	52387000	52387999	5
chr16	52388000	52388999	11
chr16	52389000	52389999	5
chr16	52390000	52390999	0
chr16	52391000	52391999	13
chr16	52392000	52392999	0
chr16	52393000	52393999	16
chr16	52394000	52394999	4
chr16	52395000	52395999	6
chr16	52396000	52396999	24
chr16	52397000	52397999	3
chr16	52398000	52398999	2
chr16	52399000	52399999	7
chr16	52400000	52400999	14
chr16	52401000	52401999	14
chr16	52402000	52402999	17
chr16	52403000	52403999	2
chr16	52404000	52404999	17
chr16	52405000	52405999	16
chr16	52406000	52406999	24
chr16	52407000	52407999	20
chr16	52408000	52408999	51
chr16	52409000	52409999	14
chr16	52410000	52410999	2
chr16	52411000	52411999	7
chr16	52412000	52412999	30
chr16	52413000	52413999	17
chr16	52414000	52414999	2
chr16	52415000	52415999	7
chr16	52416000	52416999	6
chr16	52417000	52417999	7
chr16	52418000	52418999	7
chr16	52419000	52419999	0
chr16	52420000	52420999	6
chr16	52421000	52421999	22
chr16	52422000	52422999	0
chr16	52423000	52423999	13
chr16	52424000	52424999	8
chr16	52425000	52425999	9
chr16	52426000	52426999	22
chr16	52427000	52427999	9
chr16	52428000	52428999	23
chr16	52429000	52429999	8
chr16	52430000	52430999	1
chr16	52431000	52431999	35
chr16	52432000	52432999	0
chr16	52433000	52433999	16
chr16	52434000	52434999	6
chr16	52435000	52435999	25
chr16	52436000	52436999	2
chr16	52437000	52437999	0
chr16	52438000	52438999	6
chr16	52439000	52439999	10
chr16	52440000	52440999	0
chr16	52441000	52441999	16
chr16	52442000	52442999	0
chr16	52443000	52443999	0
chr16	52444000	52444999	7
chr16	52445000	52445999	1
chr16	52446000	52446999	9
chr16	52447000	52447999	12
chr16	52448000	52448999	8
chr16	52449000	52449999	2
chr16	52450000	52450999	25
chr16	52451000	52451999	55
chr16	52452000	52452999	63
chr16	52453000	52453999	133
chr16	52454000	52454999	46
chr16	52455000	52455999	13
chr16	52456000	52456999	10
chr16	52457000	52457999	15
chr16	52458000	52458999	8
chr16	52459000	52459999	0
chr16	52460000	52460999	4
chr16	52461000	52461999	8
chr16	52462000	52462999	8
chr16	52463000	52463999	8
chr16	52464000	52464999	20
chr16	52465000	52465999	3
chr16	52466000	52466999	5
chr16	52467000	52467999	0
chr16	52468000	52468999	13
chr16	52469000	52469999	13
chr16	52470000	52470999	9
chr16	52471000	52471999	11
chr16	52472000	52472999	6
chr16	52473000	52473999	10
chr16	52474000	52474999	2
chr16	52475000	52475999	0
chr16	52476000	52476999	1
chr16	52477000	52477999	17
chr16	52478000	52478999	0
chr16	52479000	52479999	0
chr16	52480000	52480999	1
chr16	52481000	52481999	0
chr16	52482000	52482999	23
chr16	52483000	52483999	0
chr16	52484000	52484999	2
chr16	52485000	52485999	10
chr16	52486000	52486999	0
chr16	52487000	52487999	31
chr16	52488000	52488999	6
chr16	52489000	52489999	25
chr16	52490000	52490999	29
chr16	52491000	52491999	4
chr16	52492000	52492999	22
chr16	52493000	52493999	22
chr16	52494000	52494999	8
chr16	52495000	52495999	12
chr16	52496000	52496999	0
chr16	52497000	52497999	13
chr16	52498000	52498999	3
chr16	52499000	52499999	18
chr16	52500000	52500999	16
chr16	52501000	52501999	31
chr16	52502000	52502999	9
chr16	52503000	52503999	21
chr16	52504000	52504999	7
chr16	52505000	52505999	7
chr16	52506000	52506999	4
chr16	52507000	52507999	0
chr16	52508000	52508999	6
chr16	52509000	52509999	4
chr16	52510000	52510999	2
chr16	52511000	52511999	14
chr16	52512000	52512999	4
chr16	52513000	52513999	24
chr16	52514000	52514999	12
chr16	52515000	52515999	0
chr16	52516000	52516999	0
chr16	52517000	52517999	0
chr16	52518000	52518999	0
chr16	52519000	52519999	0
chr16	52520000	52520999	0
chr16	52521000	52521999	12
chr16	52522000	52522999	3
chr16	52523000	52523999	0
chr16	52524000	52524999	3
chr16	52525000	52525999	2
chr16	52526000	52526999	7
chr16	52527000	52527999	3
chr16	52528000	52528999	0
chr16	52529000	52529999	12
chr16	52530000	52530999	0
chr16	52531000	52531999	0
chr16	52532000	52532999	18
chr16	52533000	52533999	0
chr16	52534000	52534999	14
chr16	52535000	52535999	12
chr16	52536000	52536999	17
chr16	52537000	52537999	0
chr16	52538000	52538999	0
chr16	52539000	52539999	0
chr16	52540000	52540999	4
chr16	52541000	52541999	5
chr16	52542000	52542999	4
chr16	52543000	52543999	0
chr16	52544000	52544999	5
chr16	52545000	52545999	4
chr16	52546000	52546999	5
chr16	52547000	52547999	17
chr16	52548000	52548999	14
chr16	52549000	52549999	10
chr16	52550000	52550999	1
chr16	52551000	52551999	0
chr16	52552000	52552999	5
chr16	52553000	52553999	10
chr16	52554000	52554999	9
chr16	52555000	52555999	0
chr16	52556000	52556999	0
chr16	52557000	52557999	0
chr16	52558000	52558999	0
chr16	52559000	52559999	0
chr16	52560000	52560999	17
chr16	52561000	52561999	0
chr16	52562000	52562999	0
chr16	52563000	52563999	0
chr16	52564000	52564999	0
chr16	52565000	52565999	0
chr16	52566000	52566999	0
chr16	52567000	52567999	0
chr16	52568000	52568999	0
chr16	52569000	52569999	7
chr16	52570000	52570999	0
chr16	52571000	52571999	6
chr16	52572000	52572999	17
chr16	52573000	52573999	7
chr16	52574000	52574999	2
chr16	52575000	52575999	11
chr16	52576000	52576999	0
chr16	52577000	52577999	0
chr16	52578000	52578999	3
chr16	52579000	52579999	7
chr16	52580000	52580999	9
chr16	52581000	52581999	2
chr16	52582000	52582999	0
chr16	52583000	52583999	41
chr16	52584000	52584999	11
chr16	52585000	52585999	8
chr16	52586000	52586999	25
chr16	52587000	52587999	2
chr16	52588000	52588999	3
chr16	52589000	52589999	4
chr16	52590000	52590999	10
chr16	52591000	52591999	0
chr16	52592000	52592999	0
chr16	52593000	52593999	18
chr16	52594000	52594999	8
chr16	52595000	52595999	3
chr16	52596000	52596999	32
chr16	52597000	52597999	1
chr16	52598000	52598999	37
chr16	52599000	52599999	9
chr16	52600000	52600999	12
chr16	52601000	52601999	18
chr16	52602000	52602999	18
chr16	52603000	52603999	1
chr16	52604000	52604999	16
chr16	52605000	52605999	7
chr16	52606000	52606999	0
chr16	52607000	52607999	38
chr16	52608000	52608999	8
chr16	52609000	52609999	15
chr16	52610000	52610999	0
chr16	52611000	52611999	6
chr16	52612000	52612999	5
chr16	52613000	52613999	16
chr16	52614000	52614999	12
chr16	52615000	52615999	0
chr16	52616000	52616999	9
chr16	52617000	52617999	8
chr16	52618000	52618999	0
chr16	52619000	52619999	1
chr16	52620000	52620999	0
chr16	52621000	52621999	0
chr16	52622000	52622999	1
chr16	52623000	52623999	1
chr16	52624000	52624999	2
chr16	52625000	52625999	22
chr16	52626000	52626999	4
chr16	52627000	52627999	11
chr16	52628000	52628999	0
chr16	52629000	52629999	1
chr16	52630000	52630999	7
chr16	52631000	52631999	8
chr16	52632000	52632999	7
chr16	52633000	52633999	5
chr16	52634000	52634999	14
chr16	52635000	52635999	4
chr16	52636000	52636999	16
chr16	52637000	52637999	14
chr16	52638000	52638999	6
chr16	52639000	52639999	0
chr16	52640000	52640999	0
chr16	52641000	52641999	1
chr16	52642000	52642999	11
chr16	52643000	52643999	7
chr16	52644000	52644999	13
chr16	52645000	52645999	25
chr16	52646000	52646999	20
chr16	52647000	52647999	9
chr16	52648000	52648999	5
chr16	52649000	52649999	2
chr16	52650000	52650999	8
chr16	52651000	52651999	4
chr16	52652000	52652999	0
chr16	52653000	52653999	19
chr16	52654000	52654999	8
chr16	52655000	52655999	9
chr16	52656000	52656999	21
chr16	52657000	52657999	33
chr16	52658000	52658999	3
chr16	52659000	52659999	4
chr16	52660000	52660999	10
chr16	52661000	52661999	0
chr16	52662000	52662999	0
chr16	52663000	52663999	5
chr16	52664000	52664999	0
chr16	52665000	52665999	0
chr16	52666000	52666999	0
chr16	52667000	52667999	8
chr16	52668000	52668999	0
chr16	52669000	52669999	0
chr16	52670000	52670999	9
chr16	52671000	52671999	0
chr16	52672000	52672999	0
chr16	52673000	52673999	3
chr16	52674000	52674999	7
chr16	52675000	52675999	0
chr16	52676000	52676999	2
chr16	52677000	52677999	2
chr16	52678000	52678999	5
chr16	52679000	52679999	23
chr16	52680000	52680999	9
chr16	52681000	52681999	13
chr16	52682000	52682999	5
chr16	52683000	52683999	17
chr16	52684000	52684999	11
chr16	52685000	52685999	13
chr16	52686000	52686999	13
chr16	52687000	52687999	1
chr16	52688000	52688999	8
chr16	52689000	52689999	5
chr16	52690000	52690999	0
chr16	52691000	52691999	13
chr16	52692000	52692999	20
chr16	52693000	52693999	7
chr16	52694000	52694999	0
chr16	52695000	52695999	0
chr16	52696000	52696999	6
chr16	52697000	52697999	24
chr16	52698000	52698999	0
chr16	52699000	52699999	5
chr16	52700000	52700999	8
chr16	52701000	52701999	17
chr16	52702000	52702999	0
chr16	52703000	52703999	2
chr16	52704000	52704999	0
chr16	52705000	52705999	0
chr16	52706000	52706999	0
chr16	52707000	52707999	0
chr16	52708000	52708999	0
chr16	52709000	52709999	7
chr16	52710000	52710999	38
chr16	52711000	52711999	22
chr16	52712000	52712999	8
chr16	52713000	52713999	6
chr16	52714000	52714999	0
chr16	52715000	52715999	18
chr16	52716000	52716999	3
chr16	52717000	52717999	0
chr16	52718000	52718999	8
chr16	52719000	52719999	15
chr16	52720000	52720999	0
chr16	52721000	52721999	0
chr16	52722000	52722999	17
chr16	52723000	52723999	15
chr16	52724000	52724999	9
chr16	52725000	52725999	3
chr16	52726000	52726999	0
chr16	52727000	52727999	4
chr16	52728000	52728999	12
chr16	52729000	52729999	18
chr16	52730000	52730999	13
chr16	52731000	52731999	25
chr16	52732000	52732999	8
chr16	52733000	52733999	14
chr16	52734000	52734999	0
chr16	52735000	52735999	0
chr16	52736000	52736999	0
chr16	52737000	52737999	14
chr16	52738000	52738999	0
chr16	52739000	52739999	0
chr16	52740000	52740999	3
chr16	52741000	52741999	25
chr16	52742000	52742999	9
chr16	52743000	52743999	12
chr16	52744000	52744999	0
chr16	52745000	52745999	0
chr16	52746000	52746999	16
chr16	52747000	52747999	20
chr16	52748000	52748999	0
chr16	52749000	52749999	3
chr16	52750000	52750999	3
chr16	52751000	52751999	12
chr16	52752000	52752999	34
chr16	52753000	52753999	13
chr16	52754000	52754999	8
chr16	52755000	52755999	4
chr16	52756000	52756999	6
chr16	52757000	52757999	12
chr16	52758000	52758999	2
chr16	52759000	52759999	11
chr16	52760000	52760999	12
chr16	52761000	52761999	5
chr16	52762000	52762999	5
chr16	52763000	52763999	0
chr16	52764000	52764999	1
chr16	52765000	52765999	35
chr16	52766000	52766999	6
chr16	52767000	52767999	0
chr16	52768000	52768999	3
chr16	52769000	52769999	28
chr16	52770000	52770999	0
chr16	52771000	52771999	5
chr16	52772000	52772999	29
chr16	52773000	52773999	10
chr16	52774000	52774999	13
chr16	52775000	52775999	16
chr16	52776000	52776999	0
chr16	52777000	52777999	0
chr16	52778000	52778999	13
chr16	52779000	52779999	8
chr16	52780000	52780999	0
chr16	52781000	52781999	22
chr16	52782000	52782999	31
chr16	52783000	52783999	3
chr16	52784000	52784999	14
chr16	52785000	52785999	14
chr16	52786000	52786999	15
chr16	52787000	52787999	17
chr16	52788000	52788999	2
chr16	52789000	52789999	0
chr16	52790000	52790999	1
chr16	52791000	52791999	19
chr16	52792000	52792999	13
chr16	52793000	52793999	17
chr16	52794000	52794999	10
chr16	52795000	52795999	4
chr16	52796000	52796999	11
chr16	52797000	52797999	0
chr16	52798000	52798999	14
chr16	52799000	52799999	26
chr16	52800000	52800999	0
chr16	52801000	52801999	8
chr16	52802000	52802999	13
chr16	52803000	52803999	14
chr16	52804000	52804999	0
chr16	52805000	52805999	5
chr16	52806000	52806999	2
chr16	52807000	52807999	19
chr16	52808000	52808999	4
chr16	52809000	52809999	6
chr16	52810000	52810999	12
chr16	52811000	52811999	1
chr16	52812000	52812999	13
chr16	52813000	52813999	20
chr16	52814000	52814999	29
chr16	52815000	52815999	2
chr16	52816000	52816999	12
chr16	52817000	52817999	38
chr16	52818000	52818999	4
chr16	52819000	52819999	17
chr16	52820000	52820999	0
chr16	52821000	52821999	7
chr16	52822000	52822999	10
chr16	52823000	52823999	21
chr16	52824000	52824999	0
chr16	52825000	52825999	9
chr16	52826000	52826999	6
chr16	52827000	52827999	4
chr16	52828000	52828999	0
chr16	52829000	52829999	0
chr16	52830000	52830999	9
chr16	52831000	52831999	22
chr16	52832000	52832999	4
chr16	52833000	52833999	12
chr16	52834000	52834999	7
chr16	52835000	52835999	0
chr16	52836000	52836999	6
chr16	52837000	52837999	0
chr16	52838000	52838999	4
chr16	52839000	52839999	11
chr16	52840000	52840999	14
chr16	52841000	52841999	15
chr16	52842000	52842999	2
chr16	52843000	52843999	1
chr16	52844000	52844999	0
chr16	52845000	52845999	12
chr16	52846000	52846999	8
chr16	52847000	52847999	0
chr16	52848000	52848999	0
chr16	52849000	52849999	14
chr16	52850000	52850999	24
chr16	52851000	52851999	14
chr16	52852000	52852999	4
chr16	52853000	52853999	7
chr16	52854000	52854999	29
chr16	52855000	52855999	4
chr16	52856000	52856999	11
chr16	52857000	52857999	21
chr16	52858000	52858999	90
chr16	52859000	52859999	0
chr16	52860000	52860999	1
chr16	52861000	52861999	3
chr16	52862000	52862999	12
chr16	52863000	52863999	33
chr16	52864000	52864999	15
chr16	52865000	52865999	0
chr16	52866000	52866999	5
chr16	52867000	52867999	20
chr16	52868000	52868999	21
chr16	52869000	52869999	17
chr16	52870000	52870999	11
chr16	52871000	52871999	8
chr16	52872000	52872999	26
chr16	52873000	52873999	13
chr16	52874000	52874999	2
chr16	52875000	52875999	0
chr16	52876000	52876999	1
chr16	52877000	52877999	27
chr16	52878000	52878999	0
chr16	52879000	52879999	4
chr16	52880000	52880999	1
chr16	52881000	52881999	6
chr16	52882000	52882999	5
chr16	52883000	52883999	20
chr16	52884000	52884999	11
chr16	52885000	52885999	10
chr16	52886000	52886999	5
chr16	52887000	52887999	24
chr16	52888000	52888999	0
chr16	52889000	52889999	7
chr16	52890000	52890999	19
chr16	52891000	52891999	2
chr16	52892000	52892999	0
chr16	52893000	52893999	17
chr16	52894000	52894999	23
chr16	52895000	52895999	7
chr16	52896000	52896999	3
chr16	52897000	52897999	12
chr16	52898000	52898999	20
chr16	52899000	52899999	36
chr16	52900000	52900999	2
chr16	52901000	52901999	0
chr16	52902000	52902999	2
chr16	52903000	52903999	7
chr16	52904000	52904999	6
chr16	52905000	52905999	17
chr16	52906000	52906999	32
chr16	52907000	52907999	2
chr16	52908000	52908999	2
chr16	52909000	52909999	10
chr16	52910000	52910999	14
chr16	52911000	52911999	0
chr16	52912000	52912999	0
chr16	52913000	52913999	0
chr16	52914000	52914999	0
chr16	52915000	52915999	18
chr16	52916000	52916999	28
chr16	52917000	52917999	0
chr16	52918000	52918999	0
chr16	52919000	52919999	5
chr16	52920000	52920999	0
chr16	52921000	52921999	0
chr16	52922000	52922999	7
chr16	52923000	52923999	0
chr16	52924000	52924999	18
chr16	52925000	52925999	6
chr16	52926000	52926999	0
chr16	52927000	52927999	16
chr16	52928000	52928999	12
chr16	52929000	52929999	6
chr16	52930000	52930999	10
chr16	52931000	52931999	7
chr16	52932000	52932999	0
chr16	52933000	52933999	30
chr16	52934000	52934999	4
chr16	52935000	52935999	10
chr16	52936000	52936999	5
chr16	52937000	52937999	12
chr16	52938000	52938999	2
chr16	52939000	52939999	0
chr16	52940000	52940999	0
chr16	52941000	52941999	7
chr16	52942000	52942999	10
chr16	52943000	52943999	5
chr16	52944000	52944999	0
chr16	52945000	52945999	15
chr16	52946000	52946999	28
chr16	52947000	52947999	3
chr16	52948000	52948999	17
chr16	52949000	52949999	0
chr16	52950000	52950999	7
chr16	52951000	52951999	6
chr16	52952000	52952999	4
chr16	52953000	52953999	11
chr16	52954000	52954999	16
chr16	52955000	52955999	5
chr16	52956000	52956999	20
chr16	52957000	52957999	5
chr16	52958000	52958999	0
chr16	52959000	52959999	0
chr16	52960000	52960999	0
chr16	52961000	52961999	0
chr16	52962000	52962999	0
chr16	52963000	52963999	0
chr16	52964000	52964999	0
chr16	52965000	52965999	10
chr16	52966000	52966999	0
chr16	52967000	52967999	4
chr16	52968000	52968999	33
chr16	52969000	52969999	0
chr16	52970000	52970999	14
chr16	52971000	52971999	16
chr16	52972000	52972999	1
chr16	52973000	52973999	1
chr16	52974000	52974999	5
chr16	52975000	52975999	14
chr16	52976000	52976999	0
chr16	52977000	52977999	22
chr16	52978000	52978999	28
chr16	52979000	52979999	6
chr16	52980000	52980999	6
chr16	52981000	52981999	4
chr16	52982000	52982999	8
chr16	52983000	52983999	0
chr16	52984000	52984999	13
chr16	52985000	52985999	0
chr16	52986000	52986999	15
chr16	52987000	52987999	4
chr16	52988000	52988999	1
chr16	52989000	52989999	2
chr16	52990000	52990999	3
chr16	52991000	52991999	12
chr16	52992000	52992999	0
chr16	52993000	52993999	9
chr16	52994000	52994999	6
chr16	52995000	52995999	30
chr16	52996000	52996999	25
chr16	52997000	52997999	7
chr16	52998000	52998999	0
chr16	52999000	52999999	14
chr16	53000000	53000999	13
chr16	53001000	53001999	20
chr16	53002000	53002999	15
chr16	53003000	53003999	6
chr16	53004000	53004999	26
chr16	53005000	53005999	0
chr16	53006000	53006999	11
chr16	53007000	53007999	0
chr16	53008000	53008999	2
chr16	53009000	53009999	0
chr16	53010000	53010999	3
chr16	53011000	53011999	0
chr16	53012000	53012999	10
chr16	53013000	53013999	3
chr16	53014000	53014999	0
chr16	53015000	53015999	9
chr16	53016000	53016999	0
chr16	53017000	53017999	0
chr16	53018000	53018999	8
chr16	53019000	53019999	2
chr16	53020000	53020999	0
chr16	53021000	53021999	2
chr16	53022000	53022999	8
chr16	53023000	53023999	27
chr16	53024000	53024999	0
chr16	53025000	53025999	0
chr16	53026000	53026999	5
chr16	53027000	53027999	9
chr16	53028000	53028999	7
chr16	53029000	53029999	0
chr16	53030000	53030999	0
chr16	53031000	53031999	10
chr16	53032000	53032999	2
chr16	53033000	53033999	9
chr16	53034000	53034999	0
chr16	53035000	53035999	2
chr16	53036000	53036999	10
chr16	53037000	53037999	9
chr16	53038000	53038999	18
chr16	53039000	53039999	9
chr16	53040000	53040999	9
chr16	53041000	53041999	3
chr16	53042000	53042999	2
chr16	53043000	53043999	2
chr16	53044000	53044999	13
chr16	53045000	53045999	0
chr16	53046000	53046999	9
chr16	53047000	53047999	11
chr16	53048000	53048999	26
chr16	53049000	53049999	1
chr16	53050000	53050999	7
chr16	53051000	53051999	6
chr16	53052000	53052999	0
chr16	53053000	53053999	27
chr16	53054000	53054999	0
chr16	53055000	53055999	18
chr16	53056000	53056999	12
chr16	53057000	53057999	13
chr16	53058000	53058999	0
chr16	53059000	53059999	0
chr16	53060000	53060999	6
chr16	53061000	53061999	4
chr16	53062000	53062999	0
chr16	53063000	53063999	4
chr16	53064000	53064999	24
chr16	53065000	53065999	10
chr16	53066000	53066999	13
chr16	53067000	53067999	0
chr16	53068000	53068999	0
chr16	53069000	53069999	7
chr16	53070000	53070999	13
chr16	53071000	53071999	5
chr16	53072000	53072999	3
chr16	53073000	53073999	0
chr16	53074000	53074999	15
chr16	53075000	53075999	12
chr16	53076000	53076999	16
chr16	53077000	53077999	13
chr16	53078000	53078999	0
chr16	53079000	53079999	25
chr16	53080000	53080999	0
chr16	53081000	53081999	3
chr16	53082000	53082999	10
chr16	53083000	53083999	4
chr16	53084000	53084999	0
chr16	53085000	53085999	0
chr16	53086000	53086999	15
chr16	53087000	53087999	7
chr16	53088000	53088999	9
chr16	53089000	53089999	5
chr16	53090000	53090999	5
chr16	53091000	53091999	0
chr16	53092000	53092999	11
chr16	53093000	53093999	7
chr16	53094000	53094999	12
chr16	53095000	53095999	0
chr16	53096000	53096999	20
chr16	53097000	53097999	10
chr16	53098000	53098999	0
chr16	53099000	53099999	8
chr16	53100000	53100999	0
chr16	53101000	53101999	13
chr16	53102000	53102999	20
chr16	53103000	53103999	26
chr16	53104000	53104999	0
chr16	53105000	53105999	0
chr16	53106000	53106999	7
chr16	53107000	53107999	29
chr16	53108000	53108999	18
chr16	53109000	53109999	7
chr16	53110000	53110999	7
chr16	53111000	53111999	1
chr16	53112000	53112999	12
chr16	53113000	53113999	0
chr16	53114000	53114999	2
chr16	53115000	53115999	18
chr16	53116000	53116999	1
chr16	53117000	53117999	0
chr16	53118000	53118999	10
chr16	53119000	53119999	8
chr16	53120000	53120999	0
chr16	53121000	53121999	3
chr16	53122000	53122999	12
chr16	53123000	53123999	18
chr16	53124000	53124999	12
chr16	53125000	53125999	0
chr16	53126000	53126999	17
chr16	53127000	53127999	14
chr16	53128000	53128999	0
chr16	53129000	53129999	10
chr16	53130000	53130999	5
chr16	53131000	53131999	18
chr16	53132000	53132999	0
chr16	53133000	53133999	0
chr16	53134000	53134999	0
chr16	53135000	53135999	0
chr16	53136000	53136999	0
chr16	53137000	53137999	1
chr16	53138000	53138999	1
chr16	53139000	53139999	6
chr16	53140000	53140999	0
chr16	53141000	53141999	2
chr16	53142000	53142999	6
chr16	53143000	53143999	0
chr16	53144000	53144999	0
chr16	53145000	53145999	6
chr16	53146000	53146999	0
chr16	53147000	53147999	0
chr16	53148000	53148999	5
chr16	53149000	53149999	0
chr16	53150000	53150999	0
chr16	53151000	53151999	3
chr16	53152000	53152999	0
chr16	53153000	53153999	2
chr16	53154000	53154999	14
chr16	53155000	53155999	10
chr16	53156000	53156999	17
chr16	53157000	53157999	0
chr16	53158000	53158999	6
chr16	53159000	53159999	12
chr16	53160000	53160999	0
chr16	53161000	53161999	0
chr16	53162000	53162999	10
chr16	53163000	53163999	5
chr16	53164000	53164999	11
chr16	53165000	53165999	35
chr16	53166000	53166999	7
chr16	53167000	53167999	25
chr16	53168000	53168999	2
chr16	53169000	53169999	0
chr16	53170000	53170999	0
chr16	53171000	53171999	15
chr16	53172000	53172999	8
chr16	53173000	53173999	5
chr16	53174000	53174999	0
chr16	53175000	53175999	6
chr16	53176000	53176999	2
chr16	53177000	53177999	0
chr16	53178000	53178999	0
chr16	53179000	53179999	0
chr16	53180000	53180999	34
chr16	53181000	53181999	13
chr16	53182000	53182999	3
chr16	53183000	53183999	2
chr16	53184000	53184999	12
chr16	53185000	53185999	3
chr16	53186000	53186999	5
chr16	53187000	53187999	7
chr16	53188000	53188999	12
chr16	53189000	53189999	16
chr16	53190000	53190999	8
chr16	53191000	53191999	3
chr16	53192000	53192999	0
chr16	53193000	53193999	0
chr16	53194000	53194999	13
chr16	53195000	53195999	0
chr16	53196000	53196999	0
chr16	53197000	53197999	0
chr16	53198000	53198999	11
chr16	53199000	53199999	25
chr16	53200000	53200999	10
chr16	53201000	53201999	18
chr16	53202000	53202999	6
chr16	53203000	53203999	3
chr16	53204000	53204999	0
chr16	53205000	53205999	1
chr16	53206000	53206999	8
chr16	53207000	53207999	6
chr16	53208000	53208999	0
chr16	53209000	53209999	16
chr16	53210000	53210999	3
chr16	53211000	53211999	0
chr16	53212000	53212999	0
chr16	53213000	53213999	0
chr16	53214000	53214999	2
chr16	53215000	53215999	6
chr16	53216000	53216999	13
chr16	53217000	53217999	24
chr16	53218000	53218999	0
chr16	53219000	53219999	20
chr16	53220000	53220999	0
chr16	53221000	53221999	4
chr16	53222000	53222999	10
chr16	53223000	53223999	16
chr16	53224000	53224999	3
chr16	53225000	53225999	0
chr16	53226000	53226999	3
chr16	53227000	53227999	4
chr16	53228000	53228999	0
chr16	53229000	53229999	0
chr16	53230000	53230999	5
chr16	53231000	53231999	6
chr16	53232000	53232999	4
chr16	53233000	53233999	19
chr16	53234000	53234999	3
chr16	53235000	53235999	4
chr16	53236000	53236999	11
chr16	53237000	53237999	6
chr16	53238000	53238999	0
chr16	53239000	53239999	0
chr16	53240000	53240999	3
chr16	53241000	53241999	0
chr16	53242000	53242999	17
chr16	53243000	53243999	4
chr16	53244000	53244999	9
chr16	53245000	53245999	21
chr16	53246000	53246999	29
chr16	53247000	53247999	7
chr16	53248000	53248999	7
chr16	53249000	53249999	3
chr16	53250000	53250999	13
chr16	53251000	53251999	13
chr16	53252000	53252999	5
chr16	53253000	53253999	0
chr16	53254000	53254999	17
chr16	53255000	53255999	0
chr16	53256000	53256999	0
chr16	53257000	53257999	14
chr16	53258000	53258999	2
chr16	53259000	53259999	4
chr16	53260000	53260999	4
chr16	53261000	53261999	0
chr16	53262000	53262999	0
chr16	53263000	53263999	7
chr16	53264000	53264999	15
chr16	53265000	53265999	1
chr16	53266000	53266999	0
chr16	53267000	53267999	19
chr16	53268000	53268999	8
chr16	53269000	53269999	13
chr16	53270000	53270999	4
chr16	53271000	53271999	1
chr16	53272000	53272999	8
chr16	53273000	53273999	3
chr16	53274000	53274999	0
chr16	53275000	53275999	27
chr16	53276000	53276999	10
chr16	53277000	53277999	0
chr16	53278000	53278999	8
chr16	53279000	53279999	20
chr16	53280000	53280999	15
chr16	53281000	53281999	9
chr16	53282000	53282999	8
chr16	53283000	53283999	9
chr16	53284000	53284999	20
chr16	53285000	53285999	1
chr16	53286000	53286999	5
chr16	53287000	53287999	0
chr16	53288000	53288999	20
chr16	53289000	53289999	6
chr16	53290000	53290999	2
chr16	53291000	53291999	0
chr16	53292000	53292999	0
chr16	53293000	53293999	9
chr16	53294000	53294999	5
chr16	53295000	53295999	9
chr16	53296000	53296999	0
chr16	53297000	53297999	10
chr16	53298000	53298999	0
chr16	53299000	53299999	6
chr16	53300000	53300999	0
chr16	53301000	53301999	8
chr16	53302000	53302999	4
chr16	53303000	53303999	7
chr16	53304000	53304999	22
chr16	53305000	53305999	3
chr16	53306000	53306999	16
chr16	53307000	53307999	0
chr16	53308000	53308999	15
chr16	53309000	53309999	9
chr16	53310000	53310999	21
chr16	53311000	53311999	6
chr16	53312000	53312999	9
chr16	53313000	53313999	5
chr16	53314000	53314999	8
chr16	53315000	53315999	0
chr16	53316000	53316999	0
chr16	53317000	53317999	0
chr16	53318000	53318999	33
chr16	53319000	53319999	11
chr16	53320000	53320999	1
chr16	53321000	53321999	4
chr16	53322000	53322999	0
chr16	53323000	53323999	16
chr16	53324000	53324999	15
chr16	53325000	53325999	0
chr16	53326000	53326999	1
chr16	53327000	53327999	0
chr16	53328000	53328999	7
chr16	53329000	53329999	13
chr16	53330000	53330999	0
chr16	53331000	53331999	7
chr16	53332000	53332999	18
chr16	53333000	53333999	0
chr16	53334000	53334999	6
chr16	53335000	53335999	7
chr16	53336000	53336999	19
chr16	53337000	53337999	0
chr16	53338000	53338999	26
chr16	53339000	53339999	0
chr16	53340000	53340999	3
chr16	53341000	53341999	7
chr16	53342000	53342999	25
chr16	53343000	53343999	3
chr16	53344000	53344999	14
chr16	53345000	53345999	0
chr16	53346000	53346999	0
chr16	53347000	53347999	6
chr16	53348000	53348999	1
chr16	53349000	53349999	0
chr16	53350000	53350999	0
chr16	53351000	53351999	0
chr16	53352000	53352999	0
chr16	53353000	53353999	0
chr16	53354000	53354999	3
chr16	53355000	53355999	12
chr16	53356000	53356999	3
chr16	53357000	53357999	0
chr16	53358000	53358999	0
chr16	53359000	53359999	0
chr16	53360000	53360999	0
chr16	53361000	53361999	0
chr16	53362000	53362999	4
chr16	53363000	53363999	0
chr16	53364000	53364999	2
chr16	53365000	53365999	0
chr16	53366000	53366999	42
chr16	53367000	53367999	8
chr16	53368000	53368999	0
chr16	53369000	53369999	5
chr16	53370000	53370999	0
chr16	53371000	53371999	17
chr16	53372000	53372999	32
chr16	53373000	53373999	15
chr16	53374000	53374999	13
chr16	53375000	53375999	0
chr16	53376000	53376999	8
chr16	53377000	53377999	0
chr16	53378000	53378999	31
chr16	53379000	53379999	7
chr16	53380000	53380999	0
chr16	53381000	53381999	5
chr16	53382000	53382999	0
chr16	53383000	53383999	17
chr16	53384000	53384999	5
chr16	53385000	53385999	25
chr16	53386000	53386999	36
chr16	53387000	53387999	9
chr16	53388000	53388999	5
chr16	53389000	53389999	5
chr16	53390000	53390999	9
chr16	53391000	53391999	4
chr16	53392000	53392999	12
chr16	53393000	53393999	8
chr16	53394000	53394999	11
chr16	53395000	53395999	0
chr16	53396000	53396999	10
chr16	53397000	53397999	3
chr16	53398000	53398999	9
chr16	53399000	53399999	0
chr16	53400000	53400999	11
chr16	53401000	53401999	21
chr16	53402000	53402999	28
chr16	53403000	53403999	12
chr16	53404000	53404999	6
chr16	53405000	53405999	10
chr16	53406000	53406999	16
chr16	53407000	53407999	9
chr16	53408000	53408999	0
chr16	53409000	53409999	8
chr16	53410000	53410999	27
chr16	53411000	53411999	21
chr16	53412000	53412999	0
chr16	53413000	53413999	0
chr16	53414000	53414999	0
chr16	53415000	53415999	0
chr16	53416000	53416999	24
chr16	53417000	53417999	27
chr16	53418000	53418999	11
chr16	53419000	53419999	10
chr16	53420000	53420999	1
chr16	53421000	53421999	10
chr16	53422000	53422999	0
chr16	53423000	53423999	0
chr16	53424000	53424999	0
chr16	53425000	53425999	0
chr16	53426000	53426999	7
chr16	53427000	53427999	0
chr16	53428000	53428999	0
chr16	53429000	53429999	15
chr16	53430000	53430999	13
chr16	53431000	53431999	9
chr16	53432000	53432999	8
chr16	53433000	53433999	14
chr16	53434000	53434999	2
chr16	53435000	53435999	7
chr16	53436000	53436999	1
chr16	53437000	53437999	11
chr16	53438000	53438999	9
chr16	53439000	53439999	12
chr16	53440000	53440999	13
chr16	53441000	53441999	0
chr16	53442000	53442999	9
chr16	53443000	53443999	0
chr16	53444000	53444999	25
chr16	53445000	53445999	25
chr16	53446000	53446999	22
chr16	53447000	53447999	0
chr16	53448000	53448999	0
chr16	53449000	53449999	0
chr16	53450000	53450999	0
chr16	53451000	53451999	0
chr16	53452000	53452999	4
chr16	53453000	53453999	6
chr16	53454000	53454999	18
chr16	53455000	53455999	16
chr16	53456000	53456999	6
chr16	53457000	53457999	6
chr16	53458000	53458999	11
chr16	53459000	53459999	13
chr16	53460000	53460999	6
chr16	53461000	53461999	10
chr16	53462000	53462999	17
chr16	53463000	53463999	0
chr16	53464000	53464999	0
chr16	53465000	53465999	23
chr16	53466000	53466999	0
chr16	53467000	53467999	10
chr16	53468000	53468999	4
chr16	53469000	53469999	4
chr16	53470000	53470999	0
chr16	53471000	53471999	3
chr16	53472000	53472999	3
chr16	53473000	53473999	20
chr16	53474000	53474999	5
chr16	53475000	53475999	3
chr16	53476000	53476999	5
chr16	53477000	53477999	0
chr16	53478000	53478999	0
chr16	53479000	53479999	11
chr16	53480000	53480999	0
chr16	53481000	53481999	0
chr16	53482000	53482999	7
chr16	53483000	53483999	45
chr16	53484000	53484999	13
chr16	53485000	53485999	16
chr16	53486000	53486999	5
chr16	53487000	53487999	5
chr16	53488000	53488999	9
chr16	53489000	53489999	0
chr16	53490000	53490999	6
chr16	53491000	53491999	5
chr16	53492000	53492999	9
chr16	53493000	53493999	12
chr16	53494000	53494999	5
chr16	53495000	53495999	8
chr16	53496000	53496999	6
chr16	53497000	53497999	21
chr16	53498000	53498999	19
chr16	53499000	53499999	5
chr16	53500000	53500999	14
chr16	53501000	53501999	24
chr16	53502000	53502999	0
chr16	53503000	53503999	0
chr16	53504000	53504999	0
chr16	53505000	53505999	0
chr16	53506000	53506999	0
chr16	53507000	53507999	23
chr16	53508000	53508999	3
chr16	53509000	53509999	0
chr16	53510000	53510999	3
chr16	53511000	53511999	0
chr16	53512000	53512999	11
chr16	53513000	53513999	0
chr16	53514000	53514999	5
chr16	53515000	53515999	9
chr16	53516000	53516999	7
chr16	53517000	53517999	20
chr16	53518000	53518999	20
chr16	53519000	53519999	10
chr16	53520000	53520999	8
chr16	53521000	53521999	10
chr16	53522000	53522999	7
chr16	53523000	53523999	0
chr16	53524000	53524999	1
chr16	53525000	53525999	7
chr16	53526000	53526999	0
chr16	53527000	53527999	9
chr16	53528000	53528999	3
chr16	53529000	53529999	14
chr16	53530000	53530999	0
chr16	53531000	53531999	0
chr16	53532000	53532999	0
chr16	53533000	53533999	0
chr16	53534000	53534999	0
chr16	53535000	53535999	0
chr16	53536000	53536999	0
chr16	53537000	53537999	0
chr16	53538000	53538999	11
chr16	53539000	53539999	0
chr16	53540000	53540999	6
chr16	53541000	53541999	3
chr16	53542000	53542999	0
chr16	53543000	53543999	0
chr16	53544000	53544999	8
chr16	53545000	53545999	21
chr16	53546000	53546999	3
chr16	53547000	53547999	15
chr16	53548000	53548999	6
chr16	53549000	53549999	17
chr16	53550000	53550999	5
chr16	53551000	53551999	0
chr16	53552000	53552999	19
chr16	53553000	53553999	3
chr16	53554000	53554999	15
chr16	53555000	53555999	18
chr16	53556000	53556999	10
chr16	53557000	53557999	41
chr16	53558000	53558999	18
chr16	53559000	53559999	0
chr16	53560000	53560999	16
chr16	53561000	53561999	4
chr16	53562000	53562999	11
chr16	53563000	53563999	0
chr16	53564000	53564999	23
chr16	53565000	53565999	2
chr16	53566000	53566999	4
chr16	53567000	53567999	0
chr16	53568000	53568999	13
chr16	53569000	53569999	10
chr16	53570000	53570999	39
chr16	53571000	53571999	8
chr16	53572000	53572999	0
chr16	53573000	53573999	0
chr16	53574000	53574999	0
chr16	53575000	53575999	0
chr16	53576000	53576999	4
chr16	53577000	53577999	29
chr16	53578000	53578999	9
chr16	53579000	53579999	4
chr16	53580000	53580999	2
chr16	53581000	53581999	0
chr16	53582000	53582999	0
chr16	53583000	53583999	2
chr16	53584000	53584999	0
chr16	53585000	53585999	0
chr16	53586000	53586999	2
chr16	53587000	53587999	2
chr16	53588000	53588999	0
chr16	53589000	53589999	0
chr16	53590000	53590999	4
chr16	53591000	53591999	18
chr16	53592000	53592999	19
chr16	53593000	53593999	0
chr16	53594000	53594999	0
chr16	53595000	53595999	5
chr16	53596000	53596999	4
chr16	53597000	53597999	14
chr16	53598000	53598999	8
chr16	53599000	53599999	7
chr16	53600000	53600999	2
chr16	53601000	53601999	0
chr16	53602000	53602999	9
chr16	53603000	53603999	5
chr16	53604000	53604999	6
chr16	53605000	53605999	0
chr16	53606000	53606999	0
chr16	53607000	53607999	0
chr16	53608000	53608999	0
chr16	53609000	53609999	0
chr16	53610000	53610999	7
chr16	53611000	53611999	24
chr16	53612000	53612999	0
chr16	53613000	53613999	2
chr16	53614000	53614999	3
chr16	53615000	53615999	24
chr16	53616000	53616999	0
chr16	53617000	53617999	0
chr16	53618000	53618999	0
chr16	53619000	53619999	5
chr16	53620000	53620999	0
chr16	53621000	53621999	10
chr16	53622000	53622999	7
chr16	53623000	53623999	0
chr16	53624000	53624999	15
chr16	53625000	53625999	4
chr16	53626000	53626999	28
chr16	53627000	53627999	3
chr16	53628000	53628999	20
chr16	53629000	53629999	30
chr16	53630000	53630999	2
chr16	53631000	53631999	0
chr16	53632000	53632999	6
chr16	53633000	53633999	5
chr16	53634000	53634999	0
chr16	53635000	53635999	0
chr16	53636000	53636999	22
chr16	53637000	53637999	2
chr16	53638000	53638999	18
chr16	53639000	53639999	26
chr16	53640000	53640999	20
chr16	53641000	53641999	34
chr16	53642000	53642999	2
chr16	53643000	53643999	0
chr16	53644000	53644999	6
chr16	53645000	53645999	15
chr16	53646000	53646999	12
chr16	53647000	53647999	0
chr16	53648000	53648999	0
chr16	53649000	53649999	0
chr16	53650000	53650999	0
chr16	53651000	53651999	0
chr16	53652000	53652999	0
chr16	53653000	53653999	0
chr16	53654000	53654999	7
chr16	53655000	53655999	12
chr16	53656000	53656999	25
chr16	53657000	53657999	19
chr16	53658000	53658999	0
chr16	53659000	53659999	0
chr16	53660000	53660999	23
chr16	53661000	53661999	7
chr16	53662000	53662999	2
chr16	53663000	53663999	23
chr16	53664000	53664999	0
chr16	53665000	53665999	7
chr16	53666000	53666999	2
chr16	53667000	53667999	13
chr16	53668000	53668999	0
chr16	53669000	53669999	17
chr16	53670000	53670999	0
chr16	53671000	53671999	7
chr16	53672000	53672999	6
chr16	53673000	53673999	2
chr16	53674000	53674999	27
chr16	53675000	53675999	7
chr16	53676000	53676999	3
chr16	53677000	53677999	4
chr16	53678000	53678999	18
chr16	53679000	53679999	14
chr16	53680000	53680999	16
chr16	53681000	53681999	0
chr16	53682000	53682999	0
chr16	53683000	53683999	3
chr16	53684000	53684999	0
chr16	53685000	53685999	0
chr16	53686000	53686999	0
chr16	53687000	53687999	12
chr16	53688000	53688999	4
chr16	53689000	53689999	14
chr16	53690000	53690999	22
chr16	53691000	53691999	0
chr16	53692000	53692999	0
chr16	53693000	53693999	8
chr16	53694000	53694999	2
chr16	53695000	53695999	10
chr16	53696000	53696999	0
chr16	53697000	53697999	17
chr16	53698000	53698999	4
chr16	53699000	53699999	4
chr16	53700000	53700999	4
chr16	53701000	53701999	9
chr16	53702000	53702999	20
chr16	53703000	53703999	2
chr16	53704000	53704999	7
chr16	53705000	53705999	2
chr16	53706000	53706999	0
chr16	53707000	53707999	14
chr16	53708000	53708999	4
chr16	53709000	53709999	1
chr16	53710000	53710999	19
chr16	53711000	53711999	4
chr16	53712000	53712999	2
chr16	53713000	53713999	0
chr16	53714000	53714999	5
chr16	53715000	53715999	1
chr16	53716000	53716999	11
chr16	53717000	53717999	0
chr16	53718000	53718999	0
chr16	53719000	53719999	0
chr16	53720000	53720999	3
chr16	53721000	53721999	0
chr16	53722000	53722999	7
chr16	53723000	53723999	0
chr16	53724000	53724999	5
chr16	53725000	53725999	8
chr16	53726000	53726999	1
chr16	53727000	53727999	7
chr16	53728000	53728999	4
chr16	53729000	53729999	16
chr16	53730000	53730999	3
chr16	53731000	53731999	15
chr16	53732000	53732999	16
chr16	53733000	53733999	7
chr16	53734000	53734999	8
chr16	53735000	53735999	0
chr16	53736000	53736999	8
chr16	53737000	53737999	0
chr16	53738000	53738999	6
chr16	53739000	53739999	2
chr16	53740000	53740999	21
chr16	53741000	53741999	0
chr16	53742000	53742999	0
chr16	53743000	53743999	22
chr16	53744000	53744999	0
chr16	53745000	53745999	27
chr16	53746000	53746999	9
chr16	53747000	53747999	0
chr16	53748000	53748999	0
chr16	53749000	53749999	0
chr16	53750000	53750999	0
chr16	53751000	53751999	5
chr16	53752000	53752999	4
chr16	53753000	53753999	5
chr16	53754000	53754999	10
chr16	53755000	53755999	0
chr16	53756000	53756999	0
chr16	53757000	53757999	14
chr16	53758000	53758999	12
chr16	53759000	53759999	5
chr16	53760000	53760999	0
chr16	53761000	53761999	0
chr16	53762000	53762999	6
chr16	53763000	53763999	0
chr16	53764000	53764999	0
chr16	53765000	53765999	0
chr16	53766000	53766999	18
chr16	53767000	53767999	0
chr16	53768000	53768999	2
chr16	53769000	53769999	13
chr16	53770000	53770999	0
chr16	53771000	53771999	2
chr16	53772000	53772999	15
chr16	53773000	53773999	7
chr16	53774000	53774999	5
chr16	53775000	53775999	0
chr16	53776000	53776999	16
chr16	53777000	53777999	5
chr16	53778000	53778999	7
chr16	53779000	53779999	21
chr16	53780000	53780999	12
chr16	53781000	53781999	7
chr16	53782000	53782999	6
chr16	53783000	53783999	7
chr16	53784000	53784999	5
chr16	53785000	53785999	5
chr16	53786000	53786999	16
chr16	53787000	53787999	0
chr16	53788000	53788999	15
chr16	53789000	53789999	11
chr16	53790000	53790999	2
chr16	53791000	53791999	14
chr16	53792000	53792999	7
chr16	53793000	53793999	10
chr16	53794000	53794999	6
chr16	53795000	53795999	12
chr16	53796000	53796999	4
chr16	53797000	53797999	0
chr16	53798000	53798999	5
chr16	53799000	53799999	9
chr16	53800000	53800999	0
chr16	53801000	53801999	0
chr16	53802000	53802999	4
chr16	53803000	53803999	26
chr16	53804000	53804999	8
chr16	53805000	53805999	20
chr16	53806000	53806999	21
chr16	53807000	53807999	3
chr16	53808000	53808999	0
chr16	53809000	53809999	6
chr16	53810000	53810999	17
chr16	53811000	53811999	0
chr16	53812000	53812999	0
chr16	53813000	53813999	9
chr16	53814000	53814999	8
chr16	53815000	53815999	0
chr16	53816000	53816999	3
chr16	53817000	53817999	9
chr16	53818000	53818999	16
chr16	53819000	53819999	0
chr16	53820000	53820999	5
chr16	53821000	53821999	3
chr16	53822000	53822999	9
chr16	53823000	53823999	12
chr16	53824000	53824999	1
chr16	53825000	53825999	0
chr16	53826000	53826999	0
chr16	53827000	53827999	0
chr16	53828000	53828999	0
chr16	53829000	53829999	0
chr16	53830000	53830999	0
chr16	53831000	53831999	0
chr16	53832000	53832999	0
chr16	53833000	53833999	4
chr16	53834000	53834999	24
chr16	53835000	53835999	3
chr16	53836000	53836999	5
chr16	53837000	53837999	1
chr16	53838000	53838999	0
chr16	53839000	53839999	0
chr16	53840000	53840999	1
chr16	53841000	53841999	14
chr16	53842000	53842999	10
chr16	53843000	53843999	0
chr16	53844000	53844999	0
chr16	53845000	53845999	13
chr16	53846000	53846999	6
chr16	53847000	53847999	6
chr16	53848000	53848999	10
chr16	53849000	53849999	9
chr16	53850000	53850999	10
chr16	53851000	53851999	6
chr16	53852000	53852999	18
chr16	53853000	53853999	7
chr16	53854000	53854999	17
chr16	53855000	53855999	3
chr16	53856000	53856999	39
chr16	53857000	53857999	0
chr16	53858000	53858999	5
chr16	53859000	53859999	0
chr16	53860000	53860999	17
chr16	53861000	53861999	38
chr16	53862000	53862999	0
chr16	53863000	53863999	20
chr16	53864000	53864999	9
chr16	53865000	53865999	20
chr16	53866000	53866999	5
chr16	53867000	53867999	3
chr16	53868000	53868999	2
chr16	53869000	53869999	21
chr16	53870000	53870999	3
chr16	53871000	53871999	10
chr16	53872000	53872999	28
chr16	53873000	53873999	11
chr16	53874000	53874999	17
chr16	53875000	53875999	0
chr16	53876000	53876999	0
chr16	53877000	53877999	0
chr16	53878000	53878999	0
chr16	53879000	53879999	0
chr16	53880000	53880999	0
chr16	53881000	53881999	0
chr16	53882000	53882999	0
chr16	53883000	53883999	0
chr16	53884000	53884999	7
chr16	53885000	53885999	0
chr16	53886000	53886999	0
chr16	53887000	53887999	0
chr16	53888000	53888999	13
chr16	53889000	53889999	0
chr16	53890000	53890999	24
chr16	53891000	53891999	0
chr16	53892000	53892999	0
chr16	53893000	53893999	31
chr16	53894000	53894999	15
chr16	53895000	53895999	11
chr16	53896000	53896999	0
chr16	53897000	53897999	0
chr16	53898000	53898999	0
chr16	53899000	53899999	12
chr16	53900000	53900999	4
chr16	53901000	53901999	7
chr16	53902000	53902999	0
chr16	53903000	53903999	0
chr16	53904000	53904999	1
chr16	53905000	53905999	21
chr16	53906000	53906999	0
chr16	53907000	53907999	0
chr16	53908000	53908999	0
chr16	53909000	53909999	14
chr16	53910000	53910999	12
chr16	53911000	53911999	17
chr16	53912000	53912999	5
chr16	53913000	53913999	0
chr16	53914000	53914999	10
chr16	53915000	53915999	4
chr16	53916000	53916999	3
chr16	53917000	53917999	22
chr16	53918000	53918999	30
chr16	53919000	53919999	19
chr16	53920000	53920999	26
chr16	53921000	53921999	4
chr16	53922000	53922999	7
chr16	53923000	53923999	4
chr16	53924000	53924999	4
chr16	53925000	53925999	1
chr16	53926000	53926999	0
chr16	53927000	53927999	0
chr16	53928000	53928999	0
chr16	53929000	53929999	5
chr16	53930000	53930999	10
chr16	53931000	53931999	1
chr16	53932000	53932999	0
chr16	53933000	53933999	0
chr16	53934000	53934999	19
chr16	53935000	53935999	1
chr16	53936000	53936999	7
chr16	53937000	53937999	14
chr16	53938000	53938999	12
chr16	53939000	53939999	1
chr16	53940000	53940999	5
chr16	53941000	53941999	0
chr16	53942000	53942999	12
chr16	53943000	53943999	1
chr16	53944000	53944999	3
chr16	53945000	53945999	5
chr16	53946000	53946999	15
chr16	53947000	53947999	0
chr16	53948000	53948999	7
chr16	53949000	53949999	2
chr16	53950000	53950999	0
chr16	53951000	53951999	1
chr16	53952000	53952999	23
chr16	53953000	53953999	8
chr16	53954000	53954999	12
chr16	53955000	53955999	0
chr16	53956000	53956999	20
chr16	53957000	53957999	0
chr16	53958000	53958999	16
chr16	53959000	53959999	0
chr16	53960000	53960999	0
chr16	53961000	53961999	30
chr16	53962000	53962999	9
chr16	53963000	53963999	3
chr16	53964000	53964999	4
chr16	53965000	53965999	23
chr16	53966000	53966999	0
chr16	53967000	53967999	16
chr16	53968000	53968999	0
chr16	53969000	53969999	16
chr16	53970000	53970999	6
chr16	53971000	53971999	3
chr16	53972000	53972999	15
chr16	53973000	53973999	11
chr16	53974000	53974999	0
chr16	53975000	53975999	2
chr16	53976000	53976999	0
chr16	53977000	53977999	28
chr16	53978000	53978999	4
chr16	53979000	53979999	12
chr16	53980000	53980999	1
chr16	53981000	53981999	4
chr16	53982000	53982999	5
chr16	53983000	53983999	1
chr16	53984000	53984999	0
chr16	53985000	53985999	10
chr16	53986000	53986999	5
chr16	53987000	53987999	28
chr16	53988000	53988999	16
chr16	53989000	53989999	5
chr16	53990000	53990999	0
chr16	53991000	53991999	0
chr16	53992000	53992999	28
chr16	53993000	53993999	12
chr16	53994000	53994999	6
chr16	53995000	53995999	4
chr16	53996000	53996999	4
chr16	53997000	53997999	7
chr16	53998000	53998999	11
chr16	53999000	53999999	12
chr16	54000000	54000999	0
chr16	54001000	54001999	0
chr16	54002000	54002999	5
chr16	54003000	54003999	0
chr16	54004000	54004999	0
chr16	54005000	54005999	0
chr16	54006000	54006999	0
chr16	54007000	54007999	0
chr16	54008000	54008999	0
chr16	54009000	54009999	10
chr16	54010000	54010999	4
chr16	54011000	54011999	0
chr16	54012000	54012999	0
chr16	54013000	54013999	1
chr16	54014000	54014999	8
chr16	54015000	54015999	15
chr16	54016000	54016999	4
chr16	54017000	54017999	14
chr16	54018000	54018999	23
chr16	54019000	54019999	7
chr16	54020000	54020999	0
chr16	54021000	54021999	8
chr16	54022000	54022999	3
chr16	54023000	54023999	23
chr16	54024000	54024999	2
chr16	54025000	54025999	10
chr16	54026000	54026999	17
chr16	54027000	54027999	0
chr16	54028000	54028999	20
chr16	54029000	54029999	19
chr16	54030000	54030999	4
chr16	54031000	54031999	13
chr16	54032000	54032999	10
chr16	54033000	54033999	10
chr16	54034000	54034999	15
chr16	54035000	54035999	15
chr16	54036000	54036999	0
chr16	54037000	54037999	5
chr16	54038000	54038999	0
chr16	54039000	54039999	0
chr16	54040000	54040999	17
chr16	54041000	54041999	0
chr16	54042000	54042999	11
chr16	54043000	54043999	7
chr16	54044000	54044999	6
chr16	54045000	54045999	21
chr16	54046000	54046999	0
chr16	54047000	54047999	9
chr16	54048000	54048999	0
chr16	54049000	54049999	22
chr16	54050000	54050999	5
chr16	54051000	54051999	27
chr16	54052000	54052999	0
chr16	54053000	54053999	3
chr16	54054000	54054999	19
chr16	54055000	54055999	30
chr16	54056000	54056999	0
chr16	54057000	54057999	17
chr16	54058000	54058999	8
chr16	54059000	54059999	8
chr16	54060000	54060999	0
chr16	54061000	54061999	0
chr16	54062000	54062999	8
chr16	54063000	54063999	4
chr16	54064000	54064999	15
chr16	54065000	54065999	0
chr16	54066000	54066999	9
chr16	54067000	54067999	7
chr16	54068000	54068999	0
chr16	54069000	54069999	3
chr16	54070000	54070999	0
chr16	54071000	54071999	5
chr16	54072000	54072999	19
chr16	54073000	54073999	0
chr16	54074000	54074999	3
chr16	54075000	54075999	4
chr16	54076000	54076999	2
chr16	54077000	54077999	6
chr16	54078000	54078999	0
chr16	54079000	54079999	0
chr16	54080000	54080999	0
chr16	54081000	54081999	22
chr16	54082000	54082999	3
chr16	54083000	54083999	16
chr16	54084000	54084999	7
chr16	54085000	54085999	20
chr16	54086000	54086999	12
chr16	54087000	54087999	16
chr16	54088000	54088999	0
chr16	54089000	54089999	19
chr16	54090000	54090999	24
chr16	54091000	54091999	35
chr16	54092000	54092999	13
chr16	54093000	54093999	16
chr16	54094000	54094999	10
chr16	54095000	54095999	14
chr16	54096000	54096999	9
chr16	54097000	54097999	0
chr16	54098000	54098999	9
chr16	54099000	54099999	0
chr16	54100000	54100999	0
chr16	54101000	54101999	2
chr16	54102000	54102999	1
chr16	54103000	54103999	6
chr16	54104000	54104999	6
chr16	54105000	54105999	21
chr16	54106000	54106999	23
chr16	54107000	54107999	3
chr16	54108000	54108999	4
chr16	54109000	54109999	5
chr16	54110000	54110999	2
chr16	54111000	54111999	0
chr16	54112000	54112999	12
chr16	54113000	54113999	7
chr16	54114000	54114999	13
chr16	54115000	54115999	21
chr16	54116000	54116999	18
chr16	54117000	54117999	9
chr16	54118000	54118999	16
chr16	54119000	54119999	0
chr16	54120000	54120999	27
chr16	54121000	54121999	4
chr16	54122000	54122999	0
chr16	54123000	54123999	5
chr16	54124000	54124999	2
chr16	54125000	54125999	2
chr16	54126000	54126999	0
chr16	54127000	54127999	7
chr16	54128000	54128999	0
chr16	54129000	54129999	5
chr16	54130000	54130999	18
chr16	54131000	54131999	3
chr16	54132000	54132999	9
chr16	54133000	54133999	12
chr16	54134000	54134999	28
chr16	54135000	54135999	20
chr16	54136000	54136999	0
chr16	54137000	54137999	0
chr16	54138000	54138999	1
chr16	54139000	54139999	0
chr16	54140000	54140999	4
chr16	54141000	54141999	7
chr16	54142000	54142999	0
chr16	54143000	54143999	0
chr16	54144000	54144999	16
chr16	54145000	54145999	11
chr16	54146000	54146999	4
chr16	54147000	54147999	0
chr16	54148000	54148999	0
chr16	54149000	54149999	11
chr16	54150000	54150999	14
chr16	54151000	54151999	1
chr16	54152000	54152999	4
chr16	54153000	54153999	16
chr16	54154000	54154999	14
chr16	54155000	54155999	15
chr16	54156000	54156999	0
chr16	54157000	54157999	19
chr16	54158000	54158999	1
chr16	54159000	54159999	12
chr16	54160000	54160999	4
chr16	54161000	54161999	0
chr16	54162000	54162999	0
chr16	54163000	54163999	0
chr16	54164000	54164999	0
chr16	54165000	54165999	0
chr16	54166000	54166999	10
chr16	54167000	54167999	12
chr16	54168000	54168999	0
chr16	54169000	54169999	1
chr16	54170000	54170999	12
chr16	54171000	54171999	19
chr16	54172000	54172999	11
chr16	54173000	54173999	11
chr16	54174000	54174999	8
chr16	54175000	54175999	0
chr16	54176000	54176999	30
chr16	54177000	54177999	10
chr16	54178000	54178999	5
chr16	54179000	54179999	0
chr16	54180000	54180999	16
chr16	54181000	54181999	7
chr16	54182000	54182999	20
chr16	54183000	54183999	6
chr16	54184000	54184999	1
chr16	54185000	54185999	0
chr16	54186000	54186999	19
chr16	54187000	54187999	14
chr16	54188000	54188999	17
chr16	54189000	54189999	13
chr16	54190000	54190999	0
chr16	54191000	54191999	0
chr16	54192000	54192999	12
chr16	54193000	54193999	7
chr16	54194000	54194999	26
chr16	54195000	54195999	18
chr16	54196000	54196999	0
chr16	54197000	54197999	5
chr16	54198000	54198999	6
chr16	54199000	54199999	8
chr16	54200000	54200999	0
chr16	54201000	54201999	4
chr16	54202000	54202999	0
chr16	54203000	54203999	0
chr16	54204000	54204999	10
chr16	54205000	54205999	0
chr16	54206000	54206999	6
chr16	54207000	54207999	5
chr16	54208000	54208999	12
chr16	54209000	54209999	0
chr16	54210000	54210999	22
chr16	54211000	54211999	0
chr16	54212000	54212999	0
chr16	54213000	54213999	13
chr16	54214000	54214999	5
chr16	54215000	54215999	10
chr16	54216000	54216999	5
chr16	54217000	54217999	17
chr16	54218000	54218999	9
chr16	54219000	54219999	11
chr16	54220000	54220999	8
chr16	54221000	54221999	21
chr16	54222000	54222999	11
chr16	54223000	54223999	29
chr16	54224000	54224999	0
chr16	54225000	54225999	16
chr16	54226000	54226999	7
chr16	54227000	54227999	14
chr16	54228000	54228999	10
chr16	54229000	54229999	17
chr16	54230000	54230999	0
chr16	54231000	54231999	6
chr16	54232000	54232999	10
chr16	54233000	54233999	19
chr16	54234000	54234999	3
chr16	54235000	54235999	28
chr16	54236000	54236999	7
chr16	54237000	54237999	5
chr16	54238000	54238999	11
chr16	54239000	54239999	6
chr16	54240000	54240999	0
chr16	54241000	54241999	4
chr16	54242000	54242999	2
chr16	54243000	54243999	7
chr16	54244000	54244999	18
chr16	54245000	54245999	22
chr16	54246000	54246999	0
chr16	54247000	54247999	0
chr16	54248000	54248999	24
chr16	54249000	54249999	8
chr16	54250000	54250999	1
chr16	54251000	54251999	7
chr16	54252000	54252999	19
chr16	54253000	54253999	10
chr16	54254000	54254999	3
chr16	54255000	54255999	22
chr16	54256000	54256999	11
chr16	54257000	54257999	0
chr16	54258000	54258999	3
chr16	54259000	54259999	22
chr16	54260000	54260999	11
chr16	54261000	54261999	10
chr16	54262000	54262999	0
chr16	54263000	54263999	8
chr16	54264000	54264999	18
chr16	54265000	54265999	15
chr16	54266000	54266999	2
chr16	54267000	54267999	0
chr16	54268000	54268999	5
chr16	54269000	54269999	7
chr16	54270000	54270999	2
chr16	54271000	54271999	5
chr16	54272000	54272999	0
chr16	54273000	54273999	6
chr16	54274000	54274999	0
chr16	54275000	54275999	0
chr16	54276000	54276999	31
chr16	54277000	54277999	3
chr16	54278000	54278999	14
chr16	54279000	54279999	10
chr16	54280000	54280999	0
chr16	54281000	54281999	6
chr16	54282000	54282999	0
chr16	54283000	54283999	2
chr16	54284000	54284999	24
chr16	54285000	54285999	0
chr16	54286000	54286999	2
chr16	54287000	54287999	0
chr16	54288000	54288999	2
chr16	54289000	54289999	14
chr16	54290000	54290999	5
chr16	54291000	54291999	0
chr16	54292000	54292999	0
chr16	54293000	54293999	19
chr16	54294000	54294999	7
chr16	54295000	54295999	7
chr16	54296000	54296999	2
chr16	54297000	54297999	0
chr16	54298000	54298999	5
chr16	54299000	54299999	0
chr16	54300000	54300999	0
chr16	54301000	54301999	0
chr16	54302000	54302999	0
chr16	54303000	54303999	0
chr16	54304000	54304999	0
chr16	54305000	54305999	21
chr16	54306000	54306999	0
chr16	54307000	54307999	0
chr16	54308000	54308999	10
chr16	54309000	54309999	6
chr16	54310000	54310999	8
chr16	54311000	54311999	28
chr16	54312000	54312999	6
chr16	54313000	54313999	35
chr16	54314000	54314999	18
chr16	54315000	54315999	0
chr16	54316000	54316999	11
chr16	54317000	54317999	12
chr16	54318000	54318999	0
chr16	54319000	54319999	13
chr16	54320000	54320999	0
chr16	54321000	54321999	20
chr16	54322000	54322999	53
chr16	54323000	54323999	3
chr16	54324000	54324999	9
chr16	54325000	54325999	0
chr16	54326000	54326999	12
chr16	54327000	54327999	0
chr16	54328000	54328999	18
chr16	54329000	54329999	13
chr16	54330000	54330999	3
chr16	54331000	54331999	10
chr16	54332000	54332999	7
chr16	54333000	54333999	0
chr16	54334000	54334999	15
chr16	54335000	54335999	2
chr16	54336000	54336999	25
chr16	54337000	54337999	0
chr16	54338000	54338999	10
chr16	54339000	54339999	10
chr16	54340000	54340999	7
chr16	54341000	54341999	10
chr16	54342000	54342999	4
chr16	54343000	54343999	14
chr16	54344000	54344999	4
chr16	54345000	54345999	32
chr16	54346000	54346999	14
chr16	54347000	54347999	0
chr16	54348000	54348999	0
chr16	54349000	54349999	3
chr16	54350000	54350999	8
chr16	54351000	54351999	14
chr16	54352000	54352999	5
chr16	54353000	54353999	4
chr16	54354000	54354999	3
chr16	54355000	54355999	7
chr16	54356000	54356999	18
chr16	54357000	54357999	0
chr16	54358000	54358999	20
chr16	54359000	54359999	0
chr16	54360000	54360999	4
chr16	54361000	54361999	1
chr16	54362000	54362999	17
chr16	54363000	54363999	0
chr16	54364000	54364999	9
chr16	54365000	54365999	0
chr16	54366000	54366999	1
chr16	54367000	54367999	19
chr16	54368000	54368999	9
chr16	54369000	54369999	26
chr16	54370000	54370999	0
chr16	54371000	54371999	3
chr16	54372000	54372999	3
chr16	54373000	54373999	5
chr16	54374000	54374999	3
chr16	54375000	54375999	0
chr16	54376000	54376999	33
chr16	54377000	54377999	19
chr16	54378000	54378999	2
chr16	54379000	54379999	5
chr16	54380000	54380999	2
chr16	54381000	54381999	3
chr16	54382000	54382999	14
chr16	54383000	54383999	0
chr16	54384000	54384999	8
chr16	54385000	54385999	6
chr16	54386000	54386999	8
chr16	54387000	54387999	8
chr16	54388000	54388999	13
chr16	54389000	54389999	4
chr16	54390000	54390999	9
chr16	54391000	54391999	13
chr16	54392000	54392999	5
chr16	54393000	54393999	17
chr16	54394000	54394999	12
chr16	54395000	54395999	6
chr16	54396000	54396999	24
chr16	54397000	54397999	0
chr16	54398000	54398999	2
chr16	54399000	54399999	7
chr16	54400000	54400999	0
chr16	54401000	54401999	9
chr16	54402000	54402999	6
chr16	54403000	54403999	14
chr16	54404000	54404999	0
chr16	54405000	54405999	0
chr16	54406000	54406999	2
chr16	54407000	54407999	13
chr16	54408000	54408999	15
chr16	54409000	54409999	19
chr16	54410000	54410999	2
chr16	54411000	54411999	28
chr16	54412000	54412999	0
chr16	54413000	54413999	7
chr16	54414000	54414999	16
chr16	54415000	54415999	24
chr16	54416000	54416999	4
chr16	54417000	54417999	7
chr16	54418000	54418999	4
chr16	54419000	54419999	7
chr16	54420000	54420999	6
chr16	54421000	54421999	0
chr16	54422000	54422999	16
chr16	54423000	54423999	5
chr16	54424000	54424999	11
chr16	54425000	54425999	4
chr16	54426000	54426999	0
chr16	54427000	54427999	0
chr16	54428000	54428999	0
chr16	54429000	54429999	0
chr16	54430000	54430999	2
chr16	54431000	54431999	0
chr16	54432000	54432999	13
chr16	54433000	54433999	5
chr16	54434000	54434999	0
chr16	54435000	54435999	19
chr16	54436000	54436999	3
chr16	54437000	54437999	1
chr16	54438000	54438999	11
chr16	54439000	54439999	17
chr16	54440000	54440999	1
chr16	54441000	54441999	24
chr16	54442000	54442999	10
chr16	54443000	54443999	7
chr16	54444000	54444999	0
chr16	54445000	54445999	23
chr16	54446000	54446999	2
chr16	54447000	54447999	12
chr16	54448000	54448999	9
chr16	54449000	54449999	6
chr16	54450000	54450999	5
chr16	54451000	54451999	0
chr16	54452000	54452999	11
chr16	54453000	54453999	11
chr16	54454000	54454999	0
chr16	54455000	54455999	3
chr16	54456000	54456999	15
chr16	54457000	54457999	2
chr16	54458000	54458999	9
chr16	54459000	54459999	2
chr16	54460000	54460999	2
chr16	54461000	54461999	0
chr16	54462000	54462999	4
chr16	54463000	54463999	4
chr16	54464000	54464999	10
chr16	54465000	54465999	0
chr16	54466000	54466999	0
chr16	54467000	54467999	16
chr16	54468000	54468999	0
chr16	54469000	54469999	0
chr16	54470000	54470999	0
chr16	54471000	54471999	0
chr16	54472000	54472999	0
chr16	54473000	54473999	1
chr16	54474000	54474999	16
chr16	54475000	54475999	24
chr16	54476000	54476999	14
chr16	54477000	54477999	9
chr16	54478000	54478999	14
chr16	54479000	54479999	7
chr16	54480000	54480999	14
chr16	54481000	54481999	0
chr16	54482000	54482999	0
chr16	54483000	54483999	1
chr16	54484000	54484999	0
chr16	54485000	54485999	0
chr16	54486000	54486999	12
chr16	54487000	54487999	6
chr16	54488000	54488999	11
chr16	54489000	54489999	9
chr16	54490000	54490999	17
chr16	54491000	54491999	11
chr16	54492000	54492999	0
chr16	54493000	54493999	0
chr16	54494000	54494999	23
chr16	54495000	54495999	7
chr16	54496000	54496999	12
chr16	54497000	54497999	6
chr16	54498000	54498999	12
chr16	54499000	54499999	11
chr16	54500000	54500999	0
chr16	54501000	54501999	5
chr16	54502000	54502999	10
chr16	54503000	54503999	0
chr16	54504000	54504999	3
chr16	54505000	54505999	0
chr16	54506000	54506999	3
chr16	54507000	54507999	13
chr16	54508000	54508999	0
chr16	54509000	54509999	12
chr16	54510000	54510999	5
chr16	54511000	54511999	4
chr16	54512000	54512999	21
chr16	54513000	54513999	10
chr16	54514000	54514999	13
chr16	54515000	54515999	0
chr16	54516000	54516999	3
chr16	54517000	54517999	3
chr16	54518000	54518999	0
chr16	54519000	54519999	0
chr16	54520000	54520999	0
chr16	54521000	54521999	0
chr16	54522000	54522999	0
chr16	54523000	54523999	4
chr16	54524000	54524999	7
chr16	54525000	54525999	7
chr16	54526000	54526999	11
chr16	54527000	54527999	5
chr16	54528000	54528999	5
chr16	54529000	54529999	14
chr16	54530000	54530999	0
chr16	54531000	54531999	4
chr16	54532000	54532999	20
chr16	54533000	54533999	15
chr16	54534000	54534999	11
chr16	54535000	54535999	37
chr16	54536000	54536999	0
chr16	54537000	54537999	13
chr16	54538000	54538999	0
chr16	54539000	54539999	9
chr16	54540000	54540999	0
chr16	54541000	54541999	6
chr16	54542000	54542999	22
chr16	54543000	54543999	6
chr16	54544000	54544999	1
chr16	54545000	54545999	3
chr16	54546000	54546999	35
chr16	54547000	54547999	17
chr16	54548000	54548999	0
chr16	54549000	54549999	15
chr16	54550000	54550999	0
chr16	54551000	54551999	2
chr16	54552000	54552999	0
chr16	54553000	54553999	11
chr16	54554000	54554999	0
chr16	54555000	54555999	0
chr16	54556000	54556999	8
chr16	54557000	54557999	6
chr16	54558000	54558999	8
chr16	54559000	54559999	12
chr16	54560000	54560999	0
chr16	54561000	54561999	2
chr16	54562000	54562999	16
chr16	54563000	54563999	0
chr16	54564000	54564999	17
chr16	54565000	54565999	0
chr16	54566000	54566999	9
chr16	54567000	54567999	4
chr16	54568000	54568999	5
chr16	54569000	54569999	9
chr16	54570000	54570999	14
chr16	54571000	54571999	1
chr16	54572000	54572999	1
chr16	54573000	54573999	9
chr16	54574000	54574999	0
chr16	54575000	54575999	20
chr16	54576000	54576999	29
chr16	54577000	54577999	0
chr16	54578000	54578999	11
chr16	54579000	54579999	7
chr16	54580000	54580999	4
chr16	54581000	54581999	0
chr16	54582000	54582999	13
chr16	54583000	54583999	5
chr16	54584000	54584999	9
chr16	54585000	54585999	12
chr16	54586000	54586999	5
chr16	54587000	54587999	0
chr16	54588000	54588999	3
chr16	54589000	54589999	0
chr16	54590000	54590999	18
chr16	54591000	54591999	0
chr16	54592000	54592999	2
chr16	54593000	54593999	5
chr16	54594000	54594999	11
chr16	54595000	54595999	7
chr16	54596000	54596999	3
chr16	54597000	54597999	0
chr16	54598000	54598999	16
chr16	54599000	54599999	16
chr16	54600000	54600999	3
chr16	54601000	54601999	13
chr16	54602000	54602999	9
chr16	54603000	54603999	0
chr16	54604000	54604999	0
chr16	54605000	54605999	9
chr16	54606000	54606999	1
chr16	54607000	54607999	6
chr16	54608000	54608999	27
chr16	54609000	54609999	0
chr16	54610000	54610999	20
chr16	54611000	54611999	12
chr16	54612000	54612999	4
chr16	54613000	54613999	21
chr16	54614000	54614999	0
chr16	54615000	54615999	3
chr16	54616000	54616999	0
chr16	54617000	54617999	0
chr16	54618000	54618999	10
chr16	54619000	54619999	7
chr16	54620000	54620999	20
chr16	54621000	54621999	14
chr16	54622000	54622999	12
chr16	54623000	54623999	1
chr16	54624000	54624999	4
chr16	54625000	54625999	0
chr16	54626000	54626999	1
chr16	54627000	54627999	11
chr16	54628000	54628999	9
chr16	54629000	54629999	0
chr16	54630000	54630999	0
chr16	54631000	54631999	5
chr16	54632000	54632999	6
chr16	54633000	54633999	1
chr16	54634000	54634999	2
chr16	54635000	54635999	0
chr16	54636000	54636999	13
chr16	54637000	54637999	33
chr16	54638000	54638999	6
chr16	54639000	54639999	8
chr16	54640000	54640999	0
chr16	54641000	54641999	3
chr16	54642000	54642999	6
chr16	54643000	54643999	14
chr16	54644000	54644999	2
chr16	54645000	54645999	0
chr16	54646000	54646999	17
chr16	54647000	54647999	5
chr16	54648000	54648999	14
chr16	54649000	54649999	1
chr16	54650000	54650999	5
chr16	54651000	54651999	0
chr16	54652000	54652999	1
chr16	54653000	54653999	0
chr16	54654000	54654999	2
chr16	54655000	54655999	18
chr16	54656000	54656999	0
chr16	54657000	54657999	5
chr16	54658000	54658999	19
chr16	54659000	54659999	6
chr16	54660000	54660999	6
chr16	54661000	54661999	0
chr16	54662000	54662999	0
chr16	54663000	54663999	17
chr16	54664000	54664999	21
chr16	54665000	54665999	8
chr16	54666000	54666999	0
chr16	54667000	54667999	6
chr16	54668000	54668999	12
chr16	54669000	54669999	11
chr16	54670000	54670999	11
chr16	54671000	54671999	0
chr16	54672000	54672999	10
chr16	54673000	54673999	14
chr16	54674000	54674999	5
chr16	54675000	54675999	12
chr16	54676000	54676999	14
chr16	54677000	54677999	0
chr16	54678000	54678999	1
chr16	54679000	54679999	5
chr16	54680000	54680999	4
chr16	54681000	54681999	19
chr16	54682000	54682999	7
chr16	54683000	54683999	26
chr16	54684000	54684999	8
chr16	54685000	54685999	14
chr16	54686000	54686999	0
chr16	54687000	54687999	7
chr16	54688000	54688999	20
chr16	54689000	54689999	0
chr16	54690000	54690999	0
chr16	54691000	54691999	0
chr16	54692000	54692999	8
chr16	54693000	54693999	0
chr16	54694000	54694999	0
chr16	54695000	54695999	6
chr16	54696000	54696999	0
chr16	54697000	54697999	12
chr16	54698000	54698999	1
chr16	54699000	54699999	0
chr16	54700000	54700999	16
chr16	54701000	54701999	0
chr16	54702000	54702999	20
chr16	54703000	54703999	0
chr16	54704000	54704999	16
chr16	54705000	54705999	3
chr16	54706000	54706999	8
chr16	54707000	54707999	5
chr16	54708000	54708999	0
chr16	54709000	54709999	26
chr16	54710000	54710999	0
chr16	54711000	54711999	4
chr16	54712000	54712999	14
chr16	54713000	54713999	6
chr16	54714000	54714999	1
chr16	54715000	54715999	14
chr16	54716000	54716999	7
chr16	54717000	54717999	12
chr16	54718000	54718999	0
chr16	54719000	54719999	0
chr16	54720000	54720999	11
chr16	54721000	54721999	9
chr16	54722000	54722999	7
chr16	54723000	54723999	6
chr16	54724000	54724999	24
chr16	54725000	54725999	3
chr16	54726000	54726999	0
chr16	54727000	54727999	11
chr16	54728000	54728999	0
chr16	54729000	54729999	5
chr16	54730000	54730999	6
chr16	54731000	54731999	0
chr16	54732000	54732999	4
chr16	54733000	54733999	8
chr16	54734000	54734999	17
chr16	54735000	54735999	2
chr16	54736000	54736999	0
chr16	54737000	54737999	0
chr16	54738000	54738999	0
chr16	54739000	54739999	8
chr16	54740000	54740999	21
chr16	54741000	54741999	0
chr16	54742000	54742999	0
chr16	54743000	54743999	0
chr16	54744000	54744999	4
chr16	54745000	54745999	0
chr16	54746000	54746999	14
chr16	54747000	54747999	22
chr16	54748000	54748999	4
chr16	54749000	54749999	5
chr16	54750000	54750999	7
chr16	54751000	54751999	0
chr16	54752000	54752999	4
chr16	54753000	54753999	6
chr16	54754000	54754999	3
chr16	54755000	54755999	0
chr16	54756000	54756999	4
chr16	54757000	54757999	0
chr16	54758000	54758999	0
chr16	54759000	54759999	0
chr16	54760000	54760999	3
chr16	54761000	54761999	18
chr16	54762000	54762999	13
chr16	54763000	54763999	10
chr16	54764000	54764999	11
chr16	54765000	54765999	24
chr16	54766000	54766999	7
chr16	54767000	54767999	12
chr16	54768000	54768999	32
chr16	54769000	54769999	22
chr16	54770000	54770999	7
chr16	54771000	54771999	7
chr16	54772000	54772999	14
chr16	54773000	54773999	15
chr16	54774000	54774999	0
chr16	54775000	54775999	0
chr16	54776000	54776999	0
chr16	54777000	54777999	1
chr16	54778000	54778999	10
chr16	54779000	54779999	25
chr16	54780000	54780999	0
chr16	54781000	54781999	4
chr16	54782000	54782999	17
chr16	54783000	54783999	0
chr16	54784000	54784999	11
chr16	54785000	54785999	3
chr16	54786000	54786999	0
chr16	54787000	54787999	2
chr16	54788000	54788999	6
chr16	54789000	54789999	10
chr16	54790000	54790999	12
chr16	54791000	54791999	0
chr16	54792000	54792999	7
chr16	54793000	54793999	7
chr16	54794000	54794999	6
chr16	54795000	54795999	3
chr16	54796000	54796999	3
chr16	54797000	54797999	11
chr16	54798000	54798999	17
chr16	54799000	54799999	8
chr16	54800000	54800999	27
chr16	54801000	54801999	13
chr16	54802000	54802999	0
chr16	54803000	54803999	27
chr16	54804000	54804999	0
chr16	54805000	54805999	12
chr16	54806000	54806999	9
chr16	54807000	54807999	17
chr16	54808000	54808999	24
chr16	54809000	54809999	7
chr16	54810000	54810999	11
chr16	54811000	54811999	3
chr16	54812000	54812999	0
chr16	54813000	54813999	9
chr16	54814000	54814999	0
chr16	54815000	54815999	3
chr16	54816000	54816999	9
chr16	54817000	54817999	4
chr16	54818000	54818999	0
chr16	54819000	54819999	5
chr16	54820000	54820999	2
chr16	54821000	54821999	0
chr16	54822000	54822999	2
chr16	54823000	54823999	1
chr16	54824000	54824999	0
chr16	54825000	54825999	0
chr16	54826000	54826999	25
chr16	54827000	54827999	0
chr16	54828000	54828999	10
chr16	54829000	54829999	0
chr16	54830000	54830999	9
chr16	54831000	54831999	5
chr16	54832000	54832999	0
chr16	54833000	54833999	7
chr16	54834000	54834999	3
chr16	54835000	54835999	3
chr16	54836000	54836999	15
chr16	54837000	54837999	10
chr16	54838000	54838999	3
chr16	54839000	54839999	35
chr16	54840000	54840999	0
chr16	54841000	54841999	18
chr16	54842000	54842999	9
chr16	54843000	54843999	18
chr16	54844000	54844999	7
chr16	54845000	54845999	8
chr16	54846000	54846999	0
chr16	54847000	54847999	0
chr16	54848000	54848999	13
chr16	54849000	54849999	0
chr16	54850000	54850999	3
chr16	54851000	54851999	2
chr16	54852000	54852999	1
chr16	54853000	54853999	16
chr16	54854000	54854999	20
chr16	54855000	54855999	13
chr16	54856000	54856999	8
chr16	54857000	54857999	3
chr16	54858000	54858999	0
chr16	54859000	54859999	13
chr16	54860000	54860999	15
chr16	54861000	54861999	3
chr16	54862000	54862999	0
chr16	54863000	54863999	0
chr16	54864000	54864999	0
chr16	54865000	54865999	0
chr16	54866000	54866999	0
chr16	54867000	54867999	0
chr16	54868000	54868999	18
chr16	54869000	54869999	7
chr16	54870000	54870999	9
chr16	54871000	54871999	4
chr16	54872000	54872999	8
chr16	54873000	54873999	0
chr16	54874000	54874999	13
chr16	54875000	54875999	57
chr16	54876000	54876999	0
chr16	54877000	54877999	0
chr16	54878000	54878999	9
chr16	54879000	54879999	0
chr16	54880000	54880999	22
chr16	54881000	54881999	0
chr16	54882000	54882999	14
chr16	54883000	54883999	0
chr16	54884000	54884999	11
chr16	54885000	54885999	28
chr16	54886000	54886999	21
chr16	54887000	54887999	4
chr16	54888000	54888999	4
chr16	54889000	54889999	19
chr16	54890000	54890999	0
chr16	54891000	54891999	12
chr16	54892000	54892999	28
chr16	54893000	54893999	28
chr16	54894000	54894999	0
chr16	54895000	54895999	0
chr16	54896000	54896999	30
chr16	54897000	54897999	4
chr16	54898000	54898999	7
chr16	54899000	54899999	0
chr16	54900000	54900999	15
chr16	54901000	54901999	37
chr16	54902000	54902999	2
chr16	54903000	54903999	0
chr16	54904000	54904999	9
chr16	54905000	54905999	0
chr16	54906000	54906999	16
chr16	54907000	54907999	0
chr16	54908000	54908999	0
chr16	54909000	54909999	0
chr16	54910000	54910999	16
chr16	54911000	54911999	0
chr16	54912000	54912999	11
chr16	54913000	54913999	5
chr16	54914000	54914999	0
chr16	54915000	54915999	0
chr16	54916000	54916999	16
chr16	54917000	54917999	8
chr16	54918000	54918999	22
chr16	54919000	54919999	0
chr16	54920000	54920999	0
chr16	54921000	54921999	4
chr16	54922000	54922999	2
chr16	54923000	54923999	0
chr16	54924000	54924999	21
chr16	54925000	54925999	9
chr16	54926000	54926999	0
chr16	54927000	54927999	2
chr16	54928000	54928999	14
chr16	54929000	54929999	25
chr16	54930000	54930999	12
chr16	54931000	54931999	13
chr16	54932000	54932999	6
chr16	54933000	54933999	2
chr16	54934000	54934999	0
chr16	54935000	54935999	2
chr16	54936000	54936999	6
chr16	54937000	54937999	31
chr16	54938000	54938999	4
chr16	54939000	54939999	3
chr16	54940000	54940999	3
chr16	54941000	54941999	23
chr16	54942000	54942999	34
chr16	54943000	54943999	13
chr16	54944000	54944999	6
chr16	54945000	54945999	7
chr16	54946000	54946999	7
chr16	54947000	54947999	23
chr16	54948000	54948999	9
chr16	54949000	54949999	18
chr16	54950000	54950999	0
chr16	54951000	54951999	0
chr16	54952000	54952999	0
chr16	54953000	54953999	4
chr16	54954000	54954999	12
chr16	54955000	54955999	0
chr16	54956000	54956999	0
chr16	54957000	54957999	10
chr16	54958000	54958999	5
chr16	54959000	54959999	7
chr16	54960000	54960999	0
chr16	54961000	54961999	0
chr16	54962000	54962999	0
chr16	54963000	54963999	0
chr16	54964000	54964999	0
chr16	54965000	54965999	7
chr16	54966000	54966999	8
chr16	54967000	54967999	4
chr16	54968000	54968999	4
chr16	54969000	54969999	5
chr16	54970000	54970999	16
chr16	54971000	54971999	9
chr16	54972000	54972999	0
chr16	54973000	54973999	1
chr16	54974000	54974999	2
chr16	54975000	54975999	20
chr16	54976000	54976999	12
chr16	54977000	54977999	31
chr16	54978000	54978999	0
chr16	54979000	54979999	10
chr16	54980000	54980999	0
chr16	54981000	54981999	7
chr16	54982000	54982999	16
chr16	54983000	54983999	10
chr16	54984000	54984999	14
chr16	54985000	54985999	13
chr16	54986000	54986999	10
chr16	54987000	54987999	18
chr16	54988000	54988999	2
chr16	54989000	54989999	20
chr16	54990000	54990999	4
chr16	54991000	54991999	2
chr16	54992000	54992999	2
chr16	54993000	54993999	9
chr16	54994000	54994999	11
chr16	54995000	54995999	0
chr16	54996000	54996999	0
chr16	54997000	54997999	1
chr16	54998000	54998999	0
chr16	54999000	54999999	1
chr16	55000000	55000999	19
chr16	55001000	55001999	0
chr16	55002000	55002999	23
chr16	55003000	55003999	23
chr16	55004000	55004999	6
chr16	55005000	55005999	8
chr16	55006000	55006999	14
chr16	55007000	55007999	5
chr16	55008000	55008999	8
chr16	55009000	55009999	5
chr16	55010000	55010999	4
chr16	55011000	55011999	9
chr16	55012000	55012999	7
chr16	55013000	55013999	18
chr16	55014000	55014999	25
chr16	55015000	55015999	35
chr16	55016000	55016999	19
chr16	55017000	55017999	56
chr16	55018000	55018999	9
chr16	55019000	55019999	3
chr16	55020000	55020999	0
chr16	55021000	55021999	7
chr16	55022000	55022999	6
chr16	55023000	55023999	4
chr16	55024000	55024999	0
chr16	55025000	55025999	19
chr16	55026000	55026999	1
chr16	55027000	55027999	0
chr16	55028000	55028999	0
chr16	55029000	55029999	2
chr16	55030000	55030999	11
chr16	55031000	55031999	3
chr16	55032000	55032999	30
chr16	55033000	55033999	8
chr16	55034000	55034999	24
chr16	55035000	55035999	7
chr16	55036000	55036999	0
chr16	55037000	55037999	7
chr16	55038000	55038999	4
chr16	55039000	55039999	18
chr16	55040000	55040999	8
chr16	55041000	55041999	10
chr16	55042000	55042999	0
chr16	55043000	55043999	31
chr16	55044000	55044999	7
chr16	55045000	55045999	13
chr16	55046000	55046999	3
chr16	55047000	55047999	0
chr16	55048000	55048999	2
chr16	55049000	55049999	0
chr16	55050000	55050999	10
chr16	55051000	55051999	4
chr16	55052000	55052999	0
chr16	55053000	55053999	0
chr16	55054000	55054999	0
chr16	55055000	55055999	0
chr16	55056000	55056999	6
chr16	55057000	55057999	6
chr16	55058000	55058999	9
chr16	55059000	55059999	17
chr16	55060000	55060999	3
chr16	55061000	55061999	21
chr16	55062000	55062999	1
chr16	55063000	55063999	35
chr16	55064000	55064999	0
chr16	55065000	55065999	8
chr16	55066000	55066999	17
chr16	55067000	55067999	36
chr16	55068000	55068999	0
chr16	55069000	55069999	0
chr16	55070000	55070999	2
chr16	55071000	55071999	2
chr16	55072000	55072999	3
chr16	55073000	55073999	0
chr16	55074000	55074999	6
chr16	55075000	55075999	1
chr16	55076000	55076999	42
chr16	55077000	55077999	23
chr16	55078000	55078999	18
chr16	55079000	55079999	16
chr16	55080000	55080999	4
chr16	55081000	55081999	5
chr16	55082000	55082999	24
chr16	55083000	55083999	12
chr16	55084000	55084999	2
chr16	55085000	55085999	6
chr16	55086000	55086999	3
chr16	55087000	55087999	28
chr16	55088000	55088999	20
chr16	55089000	55089999	13
chr16	55090000	55090999	5
chr16	55091000	55091999	0
chr16	55092000	55092999	0
chr16	55093000	55093999	0
chr16	55094000	55094999	15
chr16	55095000	55095999	16
chr16	55096000	55096999	19
chr16	55097000	55097999	6
chr16	55098000	55098999	7
chr16	55099000	55099999	22
chr16	55100000	55100999	2
chr16	55101000	55101999	0
chr16	55102000	55102999	17
chr16	55103000	55103999	10
chr16	55104000	55104999	4
chr16	55105000	55105999	8
chr16	55106000	55106999	1
chr16	55107000	55107999	11
chr16	55108000	55108999	0
chr16	55109000	55109999	7
chr16	55110000	55110999	8
chr16	55111000	55111999	0
chr16	55112000	55112999	8
chr16	55113000	55113999	7
chr16	55114000	55114999	0
chr16	55115000	55115999	0
chr16	55116000	55116999	0
chr16	55117000	55117999	0
chr16	55118000	55118999	0
chr16	55119000	55119999	0
chr16	55120000	55120999	1
chr16	55121000	55121999	20
chr16	55122000	55122999	5
chr16	55123000	55123999	8
chr16	55124000	55124999	20
chr16	55125000	55125999	0
chr16	55126000	55126999	7
chr16	55127000	55127999	3
chr16	55128000	55128999	6
chr16	55129000	55129999	0
chr16	55130000	55130999	0
chr16	55131000	55131999	0
chr16	55132000	55132999	10
chr16	55133000	55133999	9
chr16	55134000	55134999	17
chr16	55135000	55135999	8
chr16	55136000	55136999	0
chr16	55137000	55137999	9
chr16	55138000	55138999	0
chr16	55139000	55139999	11
chr16	55140000	55140999	0
chr16	55141000	55141999	2
chr16	55142000	55142999	22
chr16	55143000	55143999	10
chr16	55144000	55144999	2
chr16	55145000	55145999	0
chr16	55146000	55146999	5
chr16	55147000	55147999	9
chr16	55148000	55148999	45
chr16	55149000	55149999	12
chr16	55150000	55150999	4
chr16	55151000	55151999	7
chr16	55152000	55152999	21
chr16	55153000	55153999	12
chr16	55154000	55154999	0
chr16	55155000	55155999	0
chr16	55156000	55156999	0
chr16	55157000	55157999	0
chr16	55158000	55158999	0
chr16	55159000	55159999	0
chr16	55160000	55160999	3
chr16	55161000	55161999	13
chr16	55162000	55162999	29
chr16	55163000	55163999	20
chr16	55164000	55164999	8
chr16	55165000	55165999	4
chr16	55166000	55166999	57
chr16	55167000	55167999	8
chr16	55168000	55168999	0
chr16	55169000	55169999	2
chr16	55170000	55170999	0
chr16	55171000	55171999	24
chr16	55172000	55172999	9
chr16	55173000	55173999	12
chr16	55174000	55174999	4
chr16	55175000	55175999	0
chr16	55176000	55176999	8
chr16	55177000	55177999	0
chr16	55178000	55178999	0
chr16	55179000	55179999	0
chr16	55180000	55180999	3
chr16	55181000	55181999	8
chr16	55182000	55182999	0
chr16	55183000	55183999	0
chr16	55184000	55184999	9
chr16	55185000	55185999	27
chr16	55186000	55186999	4
chr16	55187000	55187999	9
chr16	55188000	55188999	18
chr16	55189000	55189999	2
chr16	55190000	55190999	25
chr16	55191000	55191999	17
chr16	55192000	55192999	10
chr16	55193000	55193999	34
chr16	55194000	55194999	3
chr16	55195000	55195999	7
chr16	55196000	55196999	0
chr16	55197000	55197999	2
chr16	55198000	55198999	19
chr16	55199000	55199999	10
chr16	55200000	55200999	13
chr16	55201000	55201999	7
chr16	55202000	55202999	6
chr16	55203000	55203999	12
chr16	55204000	55204999	32
chr16	55205000	55205999	13
chr16	55206000	55206999	3
chr16	55207000	55207999	0
chr16	55208000	55208999	3
chr16	55209000	55209999	27
chr16	55210000	55210999	6
chr16	55211000	55211999	11
chr16	55212000	55212999	12
chr16	55213000	55213999	16
chr16	55214000	55214999	2
chr16	55215000	55215999	22
chr16	55216000	55216999	7
chr16	55217000	55217999	0
chr16	55218000	55218999	7
chr16	55219000	55219999	3
chr16	55220000	55220999	4
chr16	55221000	55221999	10
chr16	55222000	55222999	2
chr16	55223000	55223999	2
chr16	55224000	55224999	3
chr16	55225000	55225999	0
chr16	55226000	55226999	3
chr16	55227000	55227999	25
chr16	55228000	55228999	12
chr16	55229000	55229999	23
chr16	55230000	55230999	0
chr16	55231000	55231999	15
chr16	55232000	55232999	3
chr16	55233000	55233999	18
chr16	55234000	55234999	0
chr16	55235000	55235999	10
chr16	55236000	55236999	9
chr16	55237000	55237999	22
chr16	55238000	55238999	5
chr16	55239000	55239999	18
chr16	55240000	55240999	23
chr16	55241000	55241999	15
chr16	55242000	55242999	8
chr16	55243000	55243999	8
chr16	55244000	55244999	8
chr16	55245000	55245999	1
chr16	55246000	55246999	0
chr16	55247000	55247999	8
chr16	55248000	55248999	15
chr16	55249000	55249999	14
chr16	55250000	55250999	6
chr16	55251000	55251999	22
chr16	55252000	55252999	3
chr16	55253000	55253999	5
chr16	55254000	55254999	25
chr16	55255000	55255999	11
chr16	55256000	55256999	5
chr16	55257000	55257999	8
chr16	55258000	55258999	4
chr16	55259000	55259999	7
chr16	55260000	55260999	11
chr16	55261000	55261999	6
chr16	55262000	55262999	15
chr16	55263000	55263999	3
chr16	55264000	55264999	3
chr16	55265000	55265999	19
chr16	55266000	55266999	18
chr16	55267000	55267999	2
chr16	55268000	55268999	13
chr16	55269000	55269999	9
chr16	55270000	55270999	0
chr16	55271000	55271999	8
chr16	55272000	55272999	20
chr16	55273000	55273999	0
chr16	55274000	55274999	19
chr16	55275000	55275999	17
chr16	55276000	55276999	0
chr16	55277000	55277999	15
chr16	55278000	55278999	0
chr16	55279000	55279999	4
chr16	55280000	55280999	0
chr16	55281000	55281999	30
chr16	55282000	55282999	5
chr16	55283000	55283999	12
chr16	55284000	55284999	10
chr16	55285000	55285999	32
chr16	55286000	55286999	0
chr16	55287000	55287999	21
chr16	55288000	55288999	0
chr16	55289000	55289999	3
chr16	55290000	55290999	0
chr16	55291000	55291999	1
chr16	55292000	55292999	18
chr16	55293000	55293999	9
chr16	55294000	55294999	0
chr16	55295000	55295999	10
chr16	55296000	55296999	1
chr16	55297000	55297999	1
chr16	55298000	55298999	8
chr16	55299000	55299999	14
chr16	55300000	55300999	0
chr16	55301000	55301999	4
chr16	55302000	55302999	0
chr16	55303000	55303999	7
chr16	55304000	55304999	11
chr16	55305000	55305999	18
chr16	55306000	55306999	0
chr16	55307000	55307999	14
chr16	55308000	55308999	5
chr16	55309000	55309999	0
chr16	55310000	55310999	8
chr16	55311000	55311999	31
chr16	55312000	55312999	7
chr16	55313000	55313999	0
chr16	55314000	55314999	2
chr16	55315000	55315999	3
chr16	55316000	55316999	6
chr16	55317000	55317999	6
chr16	55318000	55318999	13
chr16	55319000	55319999	1
chr16	55320000	55320999	11
chr16	55321000	55321999	5
chr16	55322000	55322999	20
chr16	55323000	55323999	0
chr16	55324000	55324999	1
chr16	55325000	55325999	1
chr16	55326000	55326999	6
chr16	55327000	55327999	0
chr16	55328000	55328999	0
chr16	55329000	55329999	17
chr16	55330000	55330999	4
chr16	55331000	55331999	1
chr16	55332000	55332999	2
chr16	55333000	55333999	7
chr16	55334000	55334999	3
chr16	55335000	55335999	0
chr16	55336000	55336999	4
chr16	55337000	55337999	0
chr16	55338000	55338999	9
chr16	55339000	55339999	7
chr16	55340000	55340999	40
chr16	55341000	55341999	0
chr16	55342000	55342999	0
chr16	55343000	55343999	0
chr16	55344000	55344999	0
chr16	55345000	55345999	5
chr16	55346000	55346999	14
chr16	55347000	55347999	0
chr16	55348000	55348999	0
chr16	55349000	55349999	11
chr16	55350000	55350999	19
chr16	55351000	55351999	14
chr16	55352000	55352999	9
chr16	55353000	55353999	0
chr16	55354000	55354999	3
chr16	55355000	55355999	9
chr16	55356000	55356999	6
chr16	55357000	55357999	11
chr16	55358000	55358999	3
chr16	55359000	55359999	8
chr16	55360000	55360999	13
chr16	55361000	55361999	10
chr16	55362000	55362999	3
chr16	55363000	55363999	8
chr16	55364000	55364999	18
chr16	55365000	55365999	0
chr16	55366000	55366999	11
chr16	55367000	55367999	7
chr16	55368000	55368999	13
chr16	55369000	55369999	5
chr16	55370000	55370999	2
chr16	55371000	55371999	45
chr16	55372000	55372999	10
chr16	55373000	55373999	0
chr16	55374000	55374999	14
chr16	55375000	55375999	27
chr16	55376000	55376999	11
chr16	55377000	55377999	12
chr16	55378000	55378999	11
chr16	55379000	55379999	8
chr16	55380000	55380999	26
chr16	55381000	55381999	15
chr16	55382000	55382999	0
chr16	55383000	55383999	24
chr16	55384000	55384999	0
chr16	55385000	55385999	0
chr16	55386000	55386999	5
chr16	55387000	55387999	0
chr16	55388000	55388999	0
chr16	55389000	55389999	7
chr16	55390000	55390999	25
chr16	55391000	55391999	10
chr16	55392000	55392999	15
chr16	55393000	55393999	4
chr16	55394000	55394999	13
chr16	55395000	55395999	10
chr16	55396000	55396999	7
chr16	55397000	55397999	11
chr16	55398000	55398999	0
chr16	55399000	55399999	0
chr16	55400000	55400999	13
chr16	55401000	55401999	28
chr16	55402000	55402999	8
chr16	55403000	55403999	23
chr16	55404000	55404999	5
chr16	55405000	55405999	0
chr16	55406000	55406999	19
chr16	55407000	55407999	10
chr16	55408000	55408999	14
chr16	55409000	55409999	10
chr16	55410000	55410999	3
chr16	55411000	55411999	0
chr16	55412000	55412999	16
chr16	55413000	55413999	6
chr16	55414000	55414999	0
chr16	55415000	55415999	2
chr16	55416000	55416999	12
chr16	55417000	55417999	17
chr16	55418000	55418999	1
chr16	55419000	55419999	14
chr16	55420000	55420999	9
chr16	55421000	55421999	17
chr16	55422000	55422999	11
chr16	55423000	55423999	5
chr16	55424000	55424999	8
chr16	55425000	55425999	3
chr16	55426000	55426999	29
chr16	55427000	55427999	0
chr16	55428000	55428999	3
chr16	55429000	55429999	0
chr16	55430000	55430999	6
chr16	55431000	55431999	7
chr16	55432000	55432999	0
chr16	55433000	55433999	13
chr16	55434000	55434999	12
chr16	55435000	55435999	12
chr16	55436000	55436999	20
chr16	55437000	55437999	16
chr16	55438000	55438999	27
chr16	55439000	55439999	8
chr16	55440000	55440999	6
chr16	55441000	55441999	0
chr16	55442000	55442999	10
chr16	55443000	55443999	8
chr16	55444000	55444999	0
chr16	55445000	55445999	17
chr16	55446000	55446999	2
chr16	55447000	55447999	4
chr16	55448000	55448999	17
chr16	55449000	55449999	22
chr16	55450000	55450999	2
chr16	55451000	55451999	11
chr16	55452000	55452999	8
chr16	55453000	55453999	4
chr16	55454000	55454999	8
chr16	55455000	55455999	3
chr16	55456000	55456999	13
chr16	55457000	55457999	0
chr16	55458000	55458999	0
chr16	55459000	55459999	7
chr16	55460000	55460999	5
chr16	55461000	55461999	3
chr16	55462000	55462999	24
chr16	55463000	55463999	4
chr16	55464000	55464999	31
chr16	55465000	55465999	14
chr16	55466000	55466999	23
chr16	55467000	55467999	15
chr16	55468000	55468999	19
chr16	55469000	55469999	7
chr16	55470000	55470999	9
chr16	55471000	55471999	7
chr16	55472000	55472999	26
chr16	55473000	55473999	0
chr16	55474000	55474999	0
chr16	55475000	55475999	0
chr16	55476000	55476999	43
chr16	55477000	55477999	13
chr16	55478000	55478999	22
chr16	55479000	55479999	6
chr16	55480000	55480999	23
chr16	55481000	55481999	10
chr16	55482000	55482999	29
chr16	55483000	55483999	4
chr16	55484000	55484999	13
chr16	55485000	55485999	8
chr16	55486000	55486999	0
chr16	55487000	55487999	9
chr16	55488000	55488999	13
chr16	55489000	55489999	21
chr16	55490000	55490999	8
chr16	55491000	55491999	18
chr16	55492000	55492999	0
chr16	55493000	55493999	12
chr16	55494000	55494999	9
chr16	55495000	55495999	0
chr16	55496000	55496999	15
chr16	55497000	55497999	0
chr16	55498000	55498999	11
chr16	55499000	55499999	36
chr16	55500000	55500999	0
chr16	55501000	55501999	11
chr16	55502000	55502999	0
chr16	55503000	55503999	0
chr16	55504000	55504999	3
chr16	55505000	55505999	6
chr16	55506000	55506999	6
chr16	55507000	55507999	6
chr16	55508000	55508999	4
chr16	55509000	55509999	18
chr16	55510000	55510999	11
chr16	55511000	55511999	3
chr16	55512000	55512999	1
chr16	55513000	55513999	9
chr16	55514000	55514999	12
chr16	55515000	55515999	14
chr16	55516000	55516999	8
chr16	55517000	55517999	2
chr16	55518000	55518999	12
chr16	55519000	55519999	8
chr16	55520000	55520999	30
chr16	55521000	55521999	31
chr16	55522000	55522999	2
chr16	55523000	55523999	20
chr16	55524000	55524999	9
chr16	55525000	55525999	2
chr16	55526000	55526999	5
chr16	55527000	55527999	0
chr16	55528000	55528999	20
chr16	55529000	55529999	22
chr16	55530000	55530999	0
chr16	55531000	55531999	0
chr16	55532000	55532999	11
chr16	55533000	55533999	9
chr16	55534000	55534999	8
chr16	55535000	55535999	10
chr16	55536000	55536999	3
chr16	55537000	55537999	8
chr16	55538000	55538999	7
chr16	55539000	55539999	0
chr16	55540000	55540999	18
chr16	55541000	55541999	11
chr16	55542000	55542999	18
chr16	55543000	55543999	0
chr16	55544000	55544999	0
chr16	55545000	55545999	0
chr16	55546000	55546999	6
chr16	55547000	55547999	22
chr16	55548000	55548999	4
chr16	55549000	55549999	3
chr16	55550000	55550999	19
chr16	55551000	55551999	0
chr16	55552000	55552999	4
chr16	55553000	55553999	12
chr16	55554000	55554999	7
chr16	55555000	55555999	9
chr16	55556000	55556999	43
chr16	55557000	55557999	0
chr16	55558000	55558999	12
chr16	55559000	55559999	7
chr16	55560000	55560999	30
chr16	55561000	55561999	25
chr16	55562000	55562999	0
chr16	55563000	55563999	0
chr16	55564000	55564999	11
chr16	55565000	55565999	0
chr16	55566000	55566999	70
chr16	55567000	55567999	9
chr16	55568000	55568999	4
chr16	55569000	55569999	0
chr16	55570000	55570999	37
chr16	55571000	55571999	32
chr16	55572000	55572999	9
chr16	55573000	55573999	8
chr16	55574000	55574999	21
chr16	55575000	55575999	3
chr16	55576000	55576999	17
chr16	55577000	55577999	13
chr16	55578000	55578999	0
chr16	55579000	55579999	0
chr16	55580000	55580999	18
chr16	55581000	55581999	23
chr16	55582000	55582999	9
chr16	55583000	55583999	12
chr16	55584000	55584999	11
chr16	55585000	55585999	3
chr16	55586000	55586999	0
chr16	55587000	55587999	10
chr16	55588000	55588999	4
chr16	55589000	55589999	7
chr16	55590000	55590999	12
chr16	55591000	55591999	4
chr16	55592000	55592999	0
chr16	55593000	55593999	2
chr16	55594000	55594999	1
chr16	55595000	55595999	5
chr16	55596000	55596999	13
chr16	55597000	55597999	3
chr16	55598000	55598999	7
chr16	55599000	55599999	7
chr16	55600000	55600999	1
chr16	55601000	55601999	4
chr16	55602000	55602999	1
chr16	55603000	55603999	0
chr16	55604000	55604999	4
chr16	55605000	55605999	6
chr16	55606000	55606999	0
chr16	55607000	55607999	3
chr16	55608000	55608999	39
chr16	55609000	55609999	3
chr16	55610000	55610999	20
chr16	55611000	55611999	11
chr16	55612000	55612999	8
chr16	55613000	55613999	4
chr16	55614000	55614999	2
chr16	55615000	55615999	23
chr16	55616000	55616999	14
chr16	55617000	55617999	21
chr16	55618000	55618999	7
chr16	55619000	55619999	6
chr16	55620000	55620999	15
chr16	55621000	55621999	18
chr16	55622000	55622999	10
chr16	55623000	55623999	16
chr16	55624000	55624999	39
chr16	55625000	55625999	0
chr16	55626000	55626999	6
chr16	55627000	55627999	7
chr16	55628000	55628999	16
chr16	55629000	55629999	4
chr16	55630000	55630999	0
chr16	55631000	55631999	14
chr16	55632000	55632999	0
chr16	55633000	55633999	6
chr16	55634000	55634999	0
chr16	55635000	55635999	2
chr16	55636000	55636999	4
chr16	55637000	55637999	4
chr16	55638000	55638999	20
chr16	55639000	55639999	21
chr16	55640000	55640999	19
chr16	55641000	55641999	7
chr16	55642000	55642999	11
chr16	55643000	55643999	8
chr16	55644000	55644999	0
chr16	55645000	55645999	6
chr16	55646000	55646999	3
chr16	55647000	55647999	0
chr16	55648000	55648999	0
chr16	55649000	55649999	0
chr16	55650000	55650999	0
chr16	55651000	55651999	0
chr16	55652000	55652999	0
chr16	55653000	55653999	0
chr16	55654000	55654999	0
chr16	55655000	55655999	0
chr16	55656000	55656999	9
chr16	55657000	55657999	5
chr16	55658000	55658999	0
chr16	55659000	55659999	17
chr16	55660000	55660999	14
chr16	55661000	55661999	0
chr16	55662000	55662999	13
chr16	55663000	55663999	18
chr16	55664000	55664999	16
chr16	55665000	55665999	0
chr16	55666000	55666999	7
chr16	55667000	55667999	10
chr16	55668000	55668999	10
chr16	55669000	55669999	6
chr16	55670000	55670999	8
chr16	55671000	55671999	8
chr16	55672000	55672999	3
chr16	55673000	55673999	4
chr16	55674000	55674999	0
chr16	55675000	55675999	0
chr16	55676000	55676999	0
chr16	55677000	55677999	0
chr16	55678000	55678999	0
chr16	55679000	55679999	0
chr16	55680000	55680999	0
chr16	55681000	55681999	9
chr16	55682000	55682999	1
chr16	55683000	55683999	3
chr16	55684000	55684999	0
chr16	55685000	55685999	0
chr16	55686000	55686999	16
chr16	55687000	55687999	28
chr16	55688000	55688999	5
chr16	55689000	55689999	14
chr16	55690000	55690999	0
chr16	55691000	55691999	9
chr16	55692000	55692999	17
chr16	55693000	55693999	0
chr16	55694000	55694999	15
chr16	55695000	55695999	6
chr16	55696000	55696999	4
chr16	55697000	55697999	40
chr16	55698000	55698999	3
chr16	55699000	55699999	3
chr16	55700000	55700999	2
chr16	55701000	55701999	4
chr16	55702000	55702999	1
chr16	55703000	55703999	2
chr16	55704000	55704999	2
chr16	55705000	55705999	15
chr16	55706000	55706999	7
chr16	55707000	55707999	10
chr16	55708000	55708999	14
chr16	55709000	55709999	0
chr16	55710000	55710999	11
chr16	55711000	55711999	13
chr16	55712000	55712999	15
chr16	55713000	55713999	18
chr16	55714000	55714999	14
chr16	55715000	55715999	9
chr16	55716000	55716999	5
chr16	55717000	55717999	16
chr16	55718000	55718999	0
chr16	55719000	55719999	7
chr16	55720000	55720999	0
chr16	55721000	55721999	16
chr16	55722000	55722999	20
chr16	55723000	55723999	38
chr16	55724000	55724999	9
chr16	55725000	55725999	0
chr16	55726000	55726999	2
chr16	55727000	55727999	14
chr16	55728000	55728999	2
chr16	55729000	55729999	26
chr16	55730000	55730999	9
chr16	55731000	55731999	4
chr16	55732000	55732999	9
chr16	55733000	55733999	10
chr16	55734000	55734999	17
chr16	55735000	55735999	9
chr16	55736000	55736999	14
chr16	55737000	55737999	22
chr16	55738000	55738999	5
chr16	55739000	55739999	12
chr16	55740000	55740999	10
chr16	55741000	55741999	6
chr16	55742000	55742999	12
chr16	55743000	55743999	10
chr16	55744000	55744999	13
chr16	55745000	55745999	10
chr16	55746000	55746999	0
chr16	55747000	55747999	15
chr16	55748000	55748999	16
chr16	55749000	55749999	6
chr16	55750000	55750999	0
chr16	55751000	55751999	18
chr16	55752000	55752999	0
chr16	55753000	55753999	14
chr16	55754000	55754999	8
chr16	55755000	55755999	12
chr16	55756000	55756999	13
chr16	55757000	55757999	4
chr16	55758000	55758999	5
chr16	55759000	55759999	17
chr16	55760000	55760999	6
chr16	55761000	55761999	6
chr16	55762000	55762999	15
chr16	55763000	55763999	0
chr16	55764000	55764999	13
chr16	55765000	55765999	0
chr16	55766000	55766999	6
chr16	55767000	55767999	48
chr16	55768000	55768999	20
chr16	55769000	55769999	3
chr16	55770000	55770999	5
chr16	55771000	55771999	7
chr16	55772000	55772999	31
chr16	55773000	55773999	2
chr16	55774000	55774999	5
chr16	55775000	55775999	20
chr16	55776000	55776999	32
chr16	55777000	55777999	0
chr16	55778000	55778999	18
chr16	55779000	55779999	0
chr16	55780000	55780999	12
chr16	55781000	55781999	12
chr16	55782000	55782999	1
chr16	55783000	55783999	0
chr16	55784000	55784999	19
chr16	55785000	55785999	0
chr16	55786000	55786999	25
chr16	55787000	55787999	13
chr16	55788000	55788999	26
chr16	55789000	55789999	3
chr16	55790000	55790999	26
chr16	55791000	55791999	0
chr16	55792000	55792999	0
chr16	55793000	55793999	17
chr16	55794000	55794999	3
chr16	55795000	55795999	33
chr16	55796000	55796999	26
chr16	55797000	55797999	13
chr16	55798000	55798999	5
chr16	55799000	55799999	1
chr16	55800000	55800999	1
chr16	55801000	55801999	15
chr16	55802000	55802999	14
chr16	55803000	55803999	23
chr16	55804000	55804999	22
chr16	55805000	55805999	14
chr16	55806000	55806999	4
chr16	55807000	55807999	3
chr16	55808000	55808999	1
chr16	55809000	55809999	11
chr16	55810000	55810999	16
chr16	55811000	55811999	12
chr16	55812000	55812999	29
chr16	55813000	55813999	16
chr16	55814000	55814999	54
chr16	55815000	55815999	1
chr16	55816000	55816999	23
chr16	55817000	55817999	7
chr16	55818000	55818999	5
chr16	55819000	55819999	44
chr16	55820000	55820999	32
chr16	55821000	55821999	97
chr16	55822000	55822999	121
chr16	55823000	55823999	38
chr16	55824000	55824999	45
chr16	55825000	55825999	25
chr16	55826000	55826999	2
chr16	55827000	55827999	5
chr16	55828000	55828999	10
chr16	55829000	55829999	21
chr16	55830000	55830999	9
chr16	55831000	55831999	20
chr16	55832000	55832999	27
chr16	55833000	55833999	1
chr16	55834000	55834999	20
chr16	55835000	55835999	15
chr16	55836000	55836999	9
chr16	55837000	55837999	5
chr16	55838000	55838999	62
chr16	55839000	55839999	50
chr16	55840000	55840999	11
chr16	55841000	55841999	13
chr16	55842000	55842999	6
chr16	55843000	55843999	0
chr16	55844000	55844999	11
chr16	55845000	55845999	0
chr16	55846000	55846999	15
chr16	55847000	55847999	0
chr16	55848000	55848999	11
chr16	55849000	55849999	26
chr16	55850000	55850999	17
chr16	55851000	55851999	15
chr16	55852000	55852999	1
chr16	55853000	55853999	6
chr16	55854000	55854999	16
chr16	55855000	55855999	19
chr16	55856000	55856999	4
chr16	55857000	55857999	14
chr16	55858000	55858999	14
chr16	55859000	55859999	9
chr16	55860000	55860999	0
chr16	55861000	55861999	3
chr16	55862000	55862999	8
chr16	55863000	55863999	31
chr16	55864000	55864999	10
chr16	55865000	55865999	22
chr16	55866000	55866999	1
chr16	55867000	55867999	23
chr16	55868000	55868999	7
chr16	55869000	55869999	2
chr16	55870000	55870999	18
chr16	55871000	55871999	16
chr16	55872000	55872999	17
chr16	55873000	55873999	8
chr16	55874000	55874999	9
chr16	55875000	55875999	0
chr16	55876000	55876999	0
chr16	55877000	55877999	0
chr16	55878000	55878999	8
chr16	55879000	55879999	18
chr16	55880000	55880999	3
chr16	55881000	55881999	0
chr16	55882000	55882999	1
chr16	55883000	55883999	5
chr16	55884000	55884999	7
chr16	55885000	55885999	2
chr16	55886000	55886999	6
chr16	55887000	55887999	0
chr16	55888000	55888999	6
chr16	55889000	55889999	13
chr16	55890000	55890999	13
chr16	55891000	55891999	12
chr16	55892000	55892999	3
chr16	55893000	55893999	11
chr16	55894000	55894999	16
chr16	55895000	55895999	57
chr16	55896000	55896999	3
chr16	55897000	55897999	4
chr16	55898000	55898999	25
chr16	55899000	55899999	20
chr16	55900000	55900999	5
chr16	55901000	55901999	5
chr16	55902000	55902999	8
chr16	55903000	55903999	12
chr16	55904000	55904999	14
chr16	55905000	55905999	2
chr16	55906000	55906999	21
chr16	55907000	55907999	31
chr16	55908000	55908999	2
chr16	55909000	55909999	6
chr16	55910000	55910999	9
chr16	55911000	55911999	0
chr16	55912000	55912999	14
chr16	55913000	55913999	2
chr16	55914000	55914999	0
chr16	55915000	55915999	4
chr16	55916000	55916999	2
chr16	55917000	55917999	19
chr16	55918000	55918999	5
chr16	55919000	55919999	2
chr16	55920000	55920999	8
chr16	55921000	55921999	24
chr16	55922000	55922999	19
chr16	55923000	55923999	21
chr16	55924000	55924999	10
chr16	55925000	55925999	1
chr16	55926000	55926999	8
chr16	55927000	55927999	0
chr16	55928000	55928999	9
chr16	55929000	55929999	9
chr16	55930000	55930999	2
chr16	55931000	55931999	3
chr16	55932000	55932999	2
chr16	55933000	55933999	12
chr16	55934000	55934999	61
chr16	55935000	55935999	8
chr16	55936000	55936999	22
chr16	55937000	55937999	25
chr16	55938000	55938999	0
chr16	55939000	55939999	6
chr16	55940000	55940999	19
chr16	55941000	55941999	6
chr16	55942000	55942999	29
chr16	55943000	55943999	4
chr16	55944000	55944999	34
chr16	55945000	55945999	0
chr16	55946000	55946999	7
chr16	55947000	55947999	14
chr16	55948000	55948999	6
chr16	55949000	55949999	8
chr16	55950000	55950999	6
chr16	55951000	55951999	24
chr16	55952000	55952999	0
chr16	55953000	55953999	10
chr16	55954000	55954999	6
chr16	55955000	55955999	0
chr16	55956000	55956999	9
chr16	55957000	55957999	0
chr16	55958000	55958999	1
chr16	55959000	55959999	3
chr16	55960000	55960999	0
chr16	55961000	55961999	0
chr16	55962000	55962999	0
chr16	55963000	55963999	22
chr16	55964000	55964999	21
chr16	55965000	55965999	8
chr16	55966000	55966999	34
chr16	55967000	55967999	14
chr16	55968000	55968999	14
chr16	55969000	55969999	5
chr16	55970000	55970999	5
chr16	55971000	55971999	44
chr16	55972000	55972999	4
chr16	55973000	55973999	93
chr16	55974000	55974999	129
chr16	55975000	55975999	52
chr16	55976000	55976999	41
chr16	55977000	55977999	0
chr16	55978000	55978999	28
chr16	55979000	55979999	30
chr16	55980000	55980999	21
chr16	55981000	55981999	11
chr16	55982000	55982999	2
chr16	55983000	55983999	8
chr16	55984000	55984999	1
chr16	55985000	55985999	13
chr16	55986000	55986999	12
chr16	55987000	55987999	35
chr16	55988000	55988999	2
chr16	55989000	55989999	12
chr16	55990000	55990999	17
chr16	55991000	55991999	10
chr16	55992000	55992999	0
chr16	55993000	55993999	0
chr16	55994000	55994999	1
chr16	55995000	55995999	17
chr16	55996000	55996999	15
chr16	55997000	55997999	11
chr16	55998000	55998999	11
chr16	55999000	55999999	14
chr16	56000000	56000999	5
chr16	56001000	56001999	4
chr16	56002000	56002999	8
chr16	56003000	56003999	5
chr16	56004000	56004999	7
chr16	56005000	56005999	0
chr16	56006000	56006999	3
chr16	56007000	56007999	27
chr16	56008000	56008999	20
chr16	56009000	56009999	13
chr16	56010000	56010999	24
chr16	56011000	56011999	6
chr16	56012000	56012999	16
chr16	56013000	56013999	16
chr16	56014000	56014999	16
chr16	56015000	56015999	1
chr16	56016000	56016999	4
chr16	56017000	56017999	21
chr16	56018000	56018999	12
chr16	56019000	56019999	8
chr16	56020000	56020999	3
chr16	56021000	56021999	8
chr16	56022000	56022999	15
chr16	56023000	56023999	2
chr16	56024000	56024999	15
chr16	56025000	56025999	10
chr16	56026000	56026999	2
chr16	56027000	56027999	3
chr16	56028000	56028999	1
chr16	56029000	56029999	74
chr16	56030000	56030999	11
chr16	56031000	56031999	11
chr16	56032000	56032999	13
chr16	56033000	56033999	14
chr16	56034000	56034999	0
chr16	56035000	56035999	9
chr16	56036000	56036999	3
chr16	56037000	56037999	51
chr16	56038000	56038999	50
chr16	56039000	56039999	7
chr16	56040000	56040999	0
chr16	56041000	56041999	3
chr16	56042000	56042999	0
chr16	56043000	56043999	0
chr16	56044000	56044999	0
chr16	56045000	56045999	0
chr16	56046000	56046999	0
chr16	56047000	56047999	0
chr16	56048000	56048999	0
chr16	56049000	56049999	11
chr16	56050000	56050999	0
chr16	56051000	56051999	0
chr16	56052000	56052999	0
chr16	56053000	56053999	0
chr16	56054000	56054999	4
chr16	56055000	56055999	0
chr16	56056000	56056999	9
chr16	56057000	56057999	10
chr16	56058000	56058999	9
chr16	56059000	56059999	4
chr16	56060000	56060999	6
chr16	56061000	56061999	10
chr16	56062000	56062999	26
chr16	56063000	56063999	3
chr16	56064000	56064999	50
chr16	56065000	56065999	11
chr16	56066000	56066999	0
chr16	56067000	56067999	13
chr16	56068000	56068999	2
chr16	56069000	56069999	9
chr16	56070000	56070999	15
chr16	56071000	56071999	6
chr16	56072000	56072999	3
chr16	56073000	56073999	23
chr16	56074000	56074999	10
chr16	56075000	56075999	83
chr16	56076000	56076999	40
chr16	56077000	56077999	6
chr16	56078000	56078999	6
chr16	56079000	56079999	9
chr16	56080000	56080999	6
chr16	56081000	56081999	10
chr16	56082000	56082999	19
chr16	56083000	56083999	0
chr16	56084000	56084999	5
chr16	56085000	56085999	5
chr16	56086000	56086999	26
chr16	56087000	56087999	15
chr16	56088000	56088999	0
chr16	56089000	56089999	5
chr16	56090000	56090999	0
chr16	56091000	56091999	13
chr16	56092000	56092999	0
chr16	56093000	56093999	9
chr16	56094000	56094999	5
chr16	56095000	56095999	16
chr16	56096000	56096999	7
chr16	56097000	56097999	1
chr16	56098000	56098999	12
chr16	56099000	56099999	25
chr16	56100000	56100999	6
chr16	56101000	56101999	2
chr16	56102000	56102999	4
chr16	56103000	56103999	5
chr16	56104000	56104999	2
chr16	56105000	56105999	0
chr16	56106000	56106999	0
chr16	56107000	56107999	0
chr16	56108000	56108999	8
chr16	56109000	56109999	5
chr16	56110000	56110999	0
chr16	56111000	56111999	0
chr16	56112000	56112999	29
chr16	56113000	56113999	26
chr16	56114000	56114999	0
chr16	56115000	56115999	8
chr16	56116000	56116999	15
chr16	56117000	56117999	9
chr16	56118000	56118999	0
chr16	56119000	56119999	5
chr16	56120000	56120999	4
chr16	56121000	56121999	0
chr16	56122000	56122999	17
chr16	56123000	56123999	6
chr16	56124000	56124999	12
chr16	56125000	56125999	6
chr16	56126000	56126999	36
chr16	56127000	56127999	5
chr16	56128000	56128999	0
chr16	56129000	56129999	4
chr16	56130000	56130999	8
chr16	56131000	56131999	26
chr16	56132000	56132999	13
chr16	56133000	56133999	9
chr16	56134000	56134999	34
chr16	56135000	56135999	7
chr16	56136000	56136999	0
chr16	56137000	56137999	9
chr16	56138000	56138999	6
chr16	56139000	56139999	25
chr16	56140000	56140999	0
chr16	56141000	56141999	0
chr16	56142000	56142999	20
chr16	56143000	56143999	9
chr16	56144000	56144999	6
chr16	56145000	56145999	0
chr16	56146000	56146999	5
chr16	56147000	56147999	8
chr16	56148000	56148999	1
chr16	56149000	56149999	2
chr16	56150000	56150999	19
chr16	56151000	56151999	4
chr16	56152000	56152999	11
chr16	56153000	56153999	4
chr16	56154000	56154999	2
chr16	56155000	56155999	5
chr16	56156000	56156999	7
chr16	56157000	56157999	0
chr16	56158000	56158999	1
chr16	56159000	56159999	11
chr16	56160000	56160999	20
chr16	56161000	56161999	5
chr16	56162000	56162999	19
chr16	56163000	56163999	13
chr16	56164000	56164999	6
chr16	56165000	56165999	1
chr16	56166000	56166999	0
chr16	56167000	56167999	16
chr16	56168000	56168999	2
chr16	56169000	56169999	2
chr16	56170000	56170999	17
chr16	56171000	56171999	4
chr16	56172000	56172999	4
chr16	56173000	56173999	12
chr16	56174000	56174999	6
chr16	56175000	56175999	3
chr16	56176000	56176999	35
chr16	56177000	56177999	0
chr16	56178000	56178999	0
chr16	56179000	56179999	8
chr16	56180000	56180999	19
chr16	56181000	56181999	5
chr16	56182000	56182999	0
chr16	56183000	56183999	5
chr16	56184000	56184999	4
chr16	56185000	56185999	23
chr16	56186000	56186999	42
chr16	56187000	56187999	1
chr16	56188000	56188999	8
chr16	56189000	56189999	0
chr16	56190000	56190999	15
chr16	56191000	56191999	22
chr16	56192000	56192999	2
chr16	56193000	56193999	17
chr16	56194000	56194999	0
chr16	56195000	56195999	0
chr16	56196000	56196999	11
chr16	56197000	56197999	15
chr16	56198000	56198999	0
chr16	56199000	56199999	12
chr16	56200000	56200999	11
chr16	56201000	56201999	23
chr16	56202000	56202999	13
chr16	56203000	56203999	6
chr16	56204000	56204999	8
chr16	56205000	56205999	2
chr16	56206000	56206999	0
chr16	56207000	56207999	0
chr16	56208000	56208999	12
chr16	56209000	56209999	6
chr16	56210000	56210999	7
chr16	56211000	56211999	5
chr16	56212000	56212999	16
chr16	56213000	56213999	0
chr16	56214000	56214999	19
chr16	56215000	56215999	0
chr16	56216000	56216999	0
chr16	56217000	56217999	0
chr16	56218000	56218999	2
chr16	56219000	56219999	7
chr16	56220000	56220999	7
chr16	56221000	56221999	19
chr16	56222000	56222999	1
chr16	56223000	56223999	0
chr16	56224000	56224999	5
chr16	56225000	56225999	3
chr16	56226000	56226999	10
chr16	56227000	56227999	2
chr16	56228000	56228999	12
chr16	56229000	56229999	1
chr16	56230000	56230999	14
chr16	56231000	56231999	2
chr16	56232000	56232999	23
chr16	56233000	56233999	12
chr16	56234000	56234999	18
chr16	56235000	56235999	24
chr16	56236000	56236999	35
chr16	56237000	56237999	22
chr16	56238000	56238999	3
chr16	56239000	56239999	0
chr16	56240000	56240999	19
chr16	56241000	56241999	6
chr16	56242000	56242999	1
chr16	56243000	56243999	12
chr16	56244000	56244999	19
chr16	56245000	56245999	6
chr16	56246000	56246999	11
chr16	56247000	56247999	0
chr16	56248000	56248999	9
chr16	56249000	56249999	20
chr16	56250000	56250999	5
chr16	56251000	56251999	5
chr16	56252000	56252999	11
chr16	56253000	56253999	0
chr16	56254000	56254999	2
chr16	56255000	56255999	5
chr16	56256000	56256999	17
chr16	56257000	56257999	4
chr16	56258000	56258999	5
chr16	56259000	56259999	16
chr16	56260000	56260999	49
chr16	56261000	56261999	0
chr16	56262000	56262999	17
chr16	56263000	56263999	16
chr16	56264000	56264999	8
chr16	56265000	56265999	0
chr16	56266000	56266999	25
chr16	56267000	56267999	24
chr16	56268000	56268999	3
chr16	56269000	56269999	1
chr16	56270000	56270999	13
chr16	56271000	56271999	4
chr16	56272000	56272999	3
chr16	56273000	56273999	39
chr16	56274000	56274999	2
chr16	56275000	56275999	2
chr16	56276000	56276999	20
chr16	56277000	56277999	0
chr16	56278000	56278999	6
chr16	56279000	56279999	10
chr16	56280000	56280999	9
chr16	56281000	56281999	7
chr16	56282000	56282999	0
chr16	56283000	56283999	6
chr16	56284000	56284999	43
chr16	56285000	56285999	12
chr16	56286000	56286999	0
chr16	56287000	56287999	2
chr16	56288000	56288999	0
chr16	56289000	56289999	0
chr16	56290000	56290999	0
chr16	56291000	56291999	0
chr16	56292000	56292999	0
chr16	56293000	56293999	5
chr16	56294000	56294999	4
chr16	56295000	56295999	18
chr16	56296000	56296999	25
chr16	56297000	56297999	2
chr16	56298000	56298999	20
chr16	56299000	56299999	8
chr16	56300000	56300999	9
chr16	56301000	56301999	0
chr16	56302000	56302999	4
chr16	56303000	56303999	6
chr16	56304000	56304999	6
chr16	56305000	56305999	2
chr16	56306000	56306999	0
chr16	56307000	56307999	1
chr16	56308000	56308999	5
chr16	56309000	56309999	16
chr16	56310000	56310999	21
chr16	56311000	56311999	2
chr16	56312000	56312999	2
chr16	56313000	56313999	33
chr16	56314000	56314999	8
chr16	56315000	56315999	5
chr16	56316000	56316999	13
chr16	56317000	56317999	18
chr16	56318000	56318999	3
chr16	56319000	56319999	36
chr16	56320000	56320999	0
chr16	56321000	56321999	6
chr16	56322000	56322999	8
chr16	56323000	56323999	0
chr16	56324000	56324999	0
chr16	56325000	56325999	0
chr16	56326000	56326999	0
chr16	56327000	56327999	11
chr16	56328000	56328999	0
chr16	56329000	56329999	0
chr16	56330000	56330999	1
chr16	56331000	56331999	0
chr16	56332000	56332999	12
chr16	56333000	56333999	5
chr16	56334000	56334999	5
chr16	56335000	56335999	28
chr16	56336000	56336999	6
chr16	56337000	56337999	5
chr16	56338000	56338999	16
chr16	56339000	56339999	5
chr16	56340000	56340999	11
chr16	56341000	56341999	8
chr16	56342000	56342999	3
chr16	56343000	56343999	0
chr16	56344000	56344999	2
chr16	56345000	56345999	46
chr16	56346000	56346999	8
chr16	56347000	56347999	0
chr16	56348000	56348999	0
chr16	56349000	56349999	0
chr16	56350000	56350999	1
chr16	56351000	56351999	15
chr16	56352000	56352999	7
chr16	56353000	56353999	16
chr16	56354000	56354999	1
chr16	56355000	56355999	5
chr16	56356000	56356999	21
chr16	56357000	56357999	7
chr16	56358000	56358999	15
chr16	56359000	56359999	7
chr16	56360000	56360999	4
chr16	56361000	56361999	6
chr16	56362000	56362999	28
chr16	56363000	56363999	9
chr16	56364000	56364999	24
chr16	56365000	56365999	6
chr16	56366000	56366999	0
chr16	56367000	56367999	4
chr16	56368000	56368999	2
chr16	56369000	56369999	21
chr16	56370000	56370999	0
chr16	56371000	56371999	5
chr16	56372000	56372999	8
chr16	56373000	56373999	4
chr16	56374000	56374999	11
chr16	56375000	56375999	2
chr16	56376000	56376999	0
chr16	56377000	56377999	15
chr16	56378000	56378999	0
chr16	56379000	56379999	24
chr16	56380000	56380999	3
chr16	56381000	56381999	8
chr16	56382000	56382999	14
chr16	56383000	56383999	13
chr16	56384000	56384999	18
chr16	56385000	56385999	6
chr16	56386000	56386999	7
chr16	56387000	56387999	0
chr16	56388000	56388999	18
chr16	56389000	56389999	11
chr16	56390000	56390999	11
chr16	56391000	56391999	19
chr16	56392000	56392999	37
chr16	56393000	56393999	12
chr16	56394000	56394999	15
chr16	56395000	56395999	8
chr16	56396000	56396999	22
chr16	56397000	56397999	0
chr16	56398000	56398999	8
chr16	56399000	56399999	11
chr16	56400000	56400999	2
chr16	56401000	56401999	9
chr16	56402000	56402999	26
chr16	56403000	56403999	6
chr16	56404000	56404999	0
chr16	56405000	56405999	0
chr16	56406000	56406999	17
chr16	56407000	56407999	21
chr16	56408000	56408999	1
chr16	56409000	56409999	0
chr16	56410000	56410999	3
chr16	56411000	56411999	0
chr16	56412000	56412999	0
chr16	56413000	56413999	0
chr16	56414000	56414999	32
chr16	56415000	56415999	7
chr16	56416000	56416999	3
chr16	56417000	56417999	5
chr16	56418000	56418999	3
chr16	56419000	56419999	15
chr16	56420000	56420999	11
chr16	56421000	56421999	5
chr16	56422000	56422999	12
chr16	56423000	56423999	5
chr16	56424000	56424999	17
chr16	56425000	56425999	8
chr16	56426000	56426999	12
chr16	56427000	56427999	8
chr16	56428000	56428999	0
chr16	56429000	56429999	0
chr16	56430000	56430999	0
chr16	56431000	56431999	0
chr16	56432000	56432999	0
chr16	56433000	56433999	5
chr16	56434000	56434999	2
chr16	56435000	56435999	9
chr16	56436000	56436999	9
chr16	56437000	56437999	4
chr16	56438000	56438999	33
chr16	56439000	56439999	11
chr16	56440000	56440999	5
chr16	56441000	56441999	13
chr16	56442000	56442999	12
chr16	56443000	56443999	6
chr16	56444000	56444999	17
chr16	56445000	56445999	20
chr16	56446000	56446999	26
chr16	56447000	56447999	1
chr16	56448000	56448999	3
chr16	56449000	56449999	31
chr16	56450000	56450999	43
chr16	56451000	56451999	22
chr16	56452000	56452999	34
chr16	56453000	56453999	15
chr16	56454000	56454999	7
chr16	56455000	56455999	18
chr16	56456000	56456999	7
chr16	56457000	56457999	20
chr16	56458000	56458999	21
chr16	56459000	56459999	6
chr16	56460000	56460999	10
chr16	56461000	56461999	6
chr16	56462000	56462999	7
chr16	56463000	56463999	11
chr16	56464000	56464999	0
chr16	56465000	56465999	6
chr16	56466000	56466999	14
chr16	56467000	56467999	9
chr16	56468000	56468999	4
chr16	56469000	56469999	1
chr16	56470000	56470999	0
chr16	56471000	56471999	0
chr16	56472000	56472999	0
chr16	56473000	56473999	13
chr16	56474000	56474999	0
chr16	56475000	56475999	16
chr16	56476000	56476999	18
chr16	56477000	56477999	11
chr16	56478000	56478999	19
chr16	56479000	56479999	8
chr16	56480000	56480999	6
chr16	56481000	56481999	4
chr16	56482000	56482999	6
chr16	56483000	56483999	6
chr16	56484000	56484999	6
chr16	56485000	56485999	5
chr16	56486000	56486999	7
chr16	56487000	56487999	7
chr16	56488000	56488999	33
chr16	56489000	56489999	6
chr16	56490000	56490999	2
chr16	56491000	56491999	17
chr16	56492000	56492999	0
chr16	56493000	56493999	10
chr16	56494000	56494999	14
chr16	56495000	56495999	2
chr16	56496000	56496999	11
chr16	56497000	56497999	5
chr16	56498000	56498999	0
chr16	56499000	56499999	9
chr16	56500000	56500999	7
chr16	56501000	56501999	16
chr16	56502000	56502999	3
chr16	56503000	56503999	7
chr16	56504000	56504999	23
chr16	56505000	56505999	3
chr16	56506000	56506999	8
chr16	56507000	56507999	8
chr16	56508000	56508999	9
chr16	56509000	56509999	5
chr16	56510000	56510999	0
chr16	56511000	56511999	4
chr16	56512000	56512999	16
chr16	56513000	56513999	21
chr16	56514000	56514999	11
chr16	56515000	56515999	0
chr16	56516000	56516999	5
chr16	56517000	56517999	29
chr16	56518000	56518999	10
chr16	56519000	56519999	11
chr16	56520000	56520999	7
chr16	56521000	56521999	4
chr16	56522000	56522999	0
chr16	56523000	56523999	0
chr16	56524000	56524999	21
chr16	56525000	56525999	3
chr16	56526000	56526999	0
chr16	56527000	56527999	14
chr16	56528000	56528999	11
chr16	56529000	56529999	0
chr16	56530000	56530999	1
chr16	56531000	56531999	9
chr16	56532000	56532999	9
chr16	56533000	56533999	0
chr16	56534000	56534999	0
chr16	56535000	56535999	0
chr16	56536000	56536999	0
chr16	56537000	56537999	16
chr16	56538000	56538999	3
chr16	56539000	56539999	5
chr16	56540000	56540999	10
chr16	56541000	56541999	13
chr16	56542000	56542999	28
chr16	56543000	56543999	3
chr16	56544000	56544999	12
chr16	56545000	56545999	0
chr16	56546000	56546999	7
chr16	56547000	56547999	0
chr16	56548000	56548999	0
chr16	56549000	56549999	17
chr16	56550000	56550999	0
chr16	56551000	56551999	27
chr16	56552000	56552999	10
chr16	56553000	56553999	3
chr16	56554000	56554999	15
chr16	56555000	56555999	3
chr16	56556000	56556999	10
chr16	56557000	56557999	29
chr16	56558000	56558999	1
chr16	56559000	56559999	17
chr16	56560000	56560999	4
chr16	56561000	56561999	2
chr16	56562000	56562999	0
chr16	56563000	56563999	10
chr16	56564000	56564999	9
chr16	56565000	56565999	6
chr16	56566000	56566999	0
chr16	56567000	56567999	8
chr16	56568000	56568999	0
chr16	56569000	56569999	5
chr16	56570000	56570999	0
chr16	56571000	56571999	0
chr16	56572000	56572999	2
chr16	56573000	56573999	24
chr16	56574000	56574999	0
chr16	56575000	56575999	5
chr16	56576000	56576999	16
chr16	56577000	56577999	6
chr16	56578000	56578999	1
chr16	56579000	56579999	12
chr16	56580000	56580999	21
chr16	56581000	56581999	6
chr16	56582000	56582999	20
chr16	56583000	56583999	3
chr16	56584000	56584999	2
chr16	56585000	56585999	1
chr16	56586000	56586999	9
chr16	56587000	56587999	14
chr16	56588000	56588999	2
chr16	56589000	56589999	8
chr16	56590000	56590999	12
chr16	56591000	56591999	14
chr16	56592000	56592999	6
chr16	56593000	56593999	0
chr16	56594000	56594999	1
chr16	56595000	56595999	4
chr16	56596000	56596999	17
chr16	56597000	56597999	5
chr16	56598000	56598999	3
chr16	56599000	56599999	1
chr16	56600000	56600999	11
chr16	56601000	56601999	11
chr16	56602000	56602999	15
chr16	56603000	56603999	8
chr16	56604000	56604999	3
chr16	56605000	56605999	12
chr16	56606000	56606999	29
chr16	56607000	56607999	25
chr16	56608000	56608999	13
chr16	56609000	56609999	22
chr16	56610000	56610999	12
chr16	56611000	56611999	0
chr16	56612000	56612999	11
chr16	56613000	56613999	18
chr16	56614000	56614999	0
chr16	56615000	56615999	0
chr16	56616000	56616999	25
chr16	56617000	56617999	8
chr16	56618000	56618999	13
chr16	56619000	56619999	2
chr16	56620000	56620999	14
chr16	56621000	56621999	4
chr16	56622000	56622999	7
chr16	56623000	56623999	12
chr16	56624000	56624999	6
chr16	56625000	56625999	3
chr16	56626000	56626999	11
chr16	56627000	56627999	14
chr16	56628000	56628999	4
chr16	56629000	56629999	2
chr16	56630000	56630999	16
chr16	56631000	56631999	4
chr16	56632000	56632999	4
chr16	56633000	56633999	0
chr16	56634000	56634999	11
chr16	56635000	56635999	22
chr16	56636000	56636999	6
chr16	56637000	56637999	4
chr16	56638000	56638999	0
chr16	56639000	56639999	6
chr16	56640000	56640999	26
chr16	56641000	56641999	19
chr16	56642000	56642999	3
chr16	56643000	56643999	4
chr16	56644000	56644999	12
chr16	56645000	56645999	15
chr16	56646000	56646999	6
chr16	56647000	56647999	7
chr16	56648000	56648999	0
chr16	56649000	56649999	0
chr16	56650000	56650999	14
chr16	56651000	56651999	3
chr16	56652000	56652999	8
chr16	56653000	56653999	9
chr16	56654000	56654999	0
chr16	56655000	56655999	6
chr16	56656000	56656999	9
chr16	56657000	56657999	2
chr16	56658000	56658999	1
chr16	56659000	56659999	6
chr16	56660000	56660999	5
chr16	56661000	56661999	0
chr16	56662000	56662999	10
chr16	56663000	56663999	15
chr16	56664000	56664999	10
chr16	56665000	56665999	2
chr16	56666000	56666999	19
chr16	56667000	56667999	0
chr16	56668000	56668999	1
chr16	56669000	56669999	1
chr16	56670000	56670999	12
chr16	56671000	56671999	12
chr16	56672000	56672999	6
chr16	56673000	56673999	0
chr16	56674000	56674999	19
chr16	56675000	56675999	0
chr16	56676000	56676999	6
chr16	56677000	56677999	20
chr16	56678000	56678999	1
chr16	56679000	56679999	7
chr16	56680000	56680999	0
chr16	56681000	56681999	56
chr16	56682000	56682999	30
chr16	56683000	56683999	3
chr16	56684000	56684999	22
chr16	56685000	56685999	11
chr16	56686000	56686999	8
chr16	56687000	56687999	0
chr16	56688000	56688999	17
chr16	56689000	56689999	5
chr16	56690000	56690999	3
chr16	56691000	56691999	2
chr16	56692000	56692999	5
chr16	56693000	56693999	3
chr16	56694000	56694999	0
chr16	56695000	56695999	0
chr16	56696000	56696999	8
chr16	56697000	56697999	5
chr16	56698000	56698999	2
chr16	56699000	56699999	0
chr16	56700000	56700999	0
chr16	56701000	56701999	8
chr16	56702000	56702999	0
chr16	56703000	56703999	3
chr16	56704000	56704999	17
chr16	56705000	56705999	7
chr16	56706000	56706999	5
chr16	56707000	56707999	0
chr16	56708000	56708999	12
chr16	56709000	56709999	1
chr16	56710000	56710999	14
chr16	56711000	56711999	8
chr16	56712000	56712999	3
chr16	56713000	56713999	2
chr16	56714000	56714999	2
chr16	56715000	56715999	15
chr16	56716000	56716999	59
chr16	56717000	56717999	208
chr16	56718000	56718999	14
chr16	56719000	56719999	0
chr16	56720000	56720999	22
chr16	56721000	56721999	0
chr16	56722000	56722999	24
chr16	56723000	56723999	3
chr16	56724000	56724999	7
chr16	56725000	56725999	9
chr16	56726000	56726999	5
chr16	56727000	56727999	9
chr16	56728000	56728999	1
chr16	56729000	56729999	1
chr16	56730000	56730999	5
chr16	56731000	56731999	8
chr16	56732000	56732999	26
chr16	56733000	56733999	7
chr16	56734000	56734999	2
chr16	56735000	56735999	0
chr16	56736000	56736999	7
chr16	56737000	56737999	21
chr16	56738000	56738999	0
chr16	56739000	56739999	26
chr16	56740000	56740999	0
chr16	56741000	56741999	0
chr16	56742000	56742999	8
chr16	56743000	56743999	17
chr16	56744000	56744999	11
chr16	56745000	56745999	0
chr16	56746000	56746999	14
chr16	56747000	56747999	12
chr16	56748000	56748999	26
chr16	56749000	56749999	22
chr16	56750000	56750999	3
chr16	56751000	56751999	0
chr16	56752000	56752999	4
chr16	56753000	56753999	14
chr16	56754000	56754999	19
chr16	56755000	56755999	0
chr16	56756000	56756999	0
chr16	56757000	56757999	9
chr16	56758000	56758999	3
chr16	56759000	56759999	18
chr16	56760000	56760999	7
chr16	56761000	56761999	8
chr16	56762000	56762999	24
chr16	56763000	56763999	12
chr16	56764000	56764999	28
chr16	56765000	56765999	8
chr16	56766000	56766999	13
chr16	56767000	56767999	13
chr16	56768000	56768999	7
chr16	56769000	56769999	2
chr16	56770000	56770999	9
chr16	56771000	56771999	13
chr16	56772000	56772999	6
chr16	56773000	56773999	35
chr16	56774000	56774999	3
chr16	56775000	56775999	3
chr16	56776000	56776999	11
chr16	56777000	56777999	13
chr16	56778000	56778999	4
chr16	56779000	56779999	10
chr16	56780000	56780999	27
chr16	56781000	56781999	21
chr16	56782000	56782999	0
chr16	56783000	56783999	20
chr16	56784000	56784999	0
chr16	56785000	56785999	0
chr16	56786000	56786999	12
chr16	56787000	56787999	0
chr16	56788000	56788999	0
chr16	56789000	56789999	0
chr16	56790000	56790999	11
chr16	56791000	56791999	0
chr16	56792000	56792999	0
chr16	56793000	56793999	3
chr16	56794000	56794999	10
chr16	56795000	56795999	33
chr16	56796000	56796999	0
chr16	56797000	56797999	13
chr16	56798000	56798999	8
chr16	56799000	56799999	21
chr16	56800000	56800999	10
chr16	56801000	56801999	3
chr16	56802000	56802999	5
chr16	56803000	56803999	0
chr16	56804000	56804999	9
chr16	56805000	56805999	0
chr16	56806000	56806999	0
chr16	56807000	56807999	15
chr16	56808000	56808999	1
chr16	56809000	56809999	1
chr16	56810000	56810999	25
chr16	56811000	56811999	7
chr16	56812000	56812999	19
chr16	56813000	56813999	0
chr16	56814000	56814999	17
chr16	56815000	56815999	5
chr16	56816000	56816999	11
chr16	56817000	56817999	1
chr16	56818000	56818999	2
chr16	56819000	56819999	4
chr16	56820000	56820999	0
chr16	56821000	56821999	3
chr16	56822000	56822999	21
chr16	56823000	56823999	19
chr16	56824000	56824999	0
chr16	56825000	56825999	15
chr16	56826000	56826999	8
chr16	56827000	56827999	12
chr16	56828000	56828999	23
chr16	56829000	56829999	14
chr16	56830000	56830999	13
chr16	56831000	56831999	4
chr16	56832000	56832999	10
chr16	56833000	56833999	19
chr16	56834000	56834999	11
chr16	56835000	56835999	0
chr16	56836000	56836999	5
chr16	56837000	56837999	0
chr16	56838000	56838999	0
chr16	56839000	56839999	6
chr16	56840000	56840999	0
chr16	56841000	56841999	10
chr16	56842000	56842999	12
chr16	56843000	56843999	3
chr16	56844000	56844999	6
chr16	56845000	56845999	0
chr16	56846000	56846999	24
chr16	56847000	56847999	10
chr16	56848000	56848999	2
chr16	56849000	56849999	11
chr16	56850000	56850999	26
chr16	56851000	56851999	14
chr16	56852000	56852999	9
chr16	56853000	56853999	16
chr16	56854000	56854999	4
chr16	56855000	56855999	15
chr16	56856000	56856999	0
chr16	56857000	56857999	16
chr16	56858000	56858999	0
chr16	56859000	56859999	19
chr16	56860000	56860999	0
chr16	56861000	56861999	0
chr16	56862000	56862999	0
chr16	56863000	56863999	24
chr16	56864000	56864999	10
chr16	56865000	56865999	24
chr16	56866000	56866999	16
chr16	56867000	56867999	0
chr16	56868000	56868999	5
chr16	56869000	56869999	12
chr16	56870000	56870999	8
chr16	56871000	56871999	0
chr16	56872000	56872999	14
chr16	56873000	56873999	22
chr16	56874000	56874999	4
chr16	56875000	56875999	7
chr16	56876000	56876999	0
chr16	56877000	56877999	2
chr16	56878000	56878999	15
chr16	56879000	56879999	20
chr16	56880000	56880999	0
chr16	56881000	56881999	10
chr16	56882000	56882999	17
chr16	56883000	56883999	21
chr16	56884000	56884999	7
chr16	56885000	56885999	18
chr16	56886000	56886999	25
chr16	56887000	56887999	3
chr16	56888000	56888999	14
chr16	56889000	56889999	7
chr16	56890000	56890999	11
chr16	56891000	56891999	26
chr16	56892000	56892999	17
chr16	56893000	56893999	15
chr16	56894000	56894999	27
chr16	56895000	56895999	10
chr16	56896000	56896999	19
chr16	56897000	56897999	22
chr16	56898000	56898999	0
chr16	56899000	56899999	14
chr16	56900000	56900999	12
chr16	56901000	56901999	6
chr16	56902000	56902999	2
chr16	56903000	56903999	3
chr16	56904000	56904999	6
chr16	56905000	56905999	3
chr16	56906000	56906999	17
chr16	56907000	56907999	9
chr16	56908000	56908999	7
chr16	56909000	56909999	18
chr16	56910000	56910999	6
chr16	56911000	56911999	13
chr16	56912000	56912999	11
chr16	56913000	56913999	14
chr16	56914000	56914999	19
chr16	56915000	56915999	6
chr16	56916000	56916999	8
chr16	56917000	56917999	3
chr16	56918000	56918999	0
chr16	56919000	56919999	0
chr16	56920000	56920999	29
chr16	56921000	56921999	4
chr16	56922000	56922999	2
chr16	56923000	56923999	18
chr16	56924000	56924999	15
chr16	56925000	56925999	12
chr16	56926000	56926999	9
chr16	56927000	56927999	24
chr16	56928000	56928999	14
chr16	56929000	56929999	14
chr16	56930000	56930999	7
chr16	56931000	56931999	0
chr16	56932000	56932999	0
chr16	56933000	56933999	7
chr16	56934000	56934999	1
chr16	56935000	56935999	0
chr16	56936000	56936999	0
chr16	56937000	56937999	0
chr16	56938000	56938999	0
chr16	56939000	56939999	0
chr16	56940000	56940999	0
chr16	56941000	56941999	2
chr16	56942000	56942999	3
chr16	56943000	56943999	1
chr16	56944000	56944999	7
chr16	56945000	56945999	19
chr16	56946000	56946999	5
chr16	56947000	56947999	14
chr16	56948000	56948999	5
chr16	56949000	56949999	0
chr16	56950000	56950999	0
chr16	56951000	56951999	3
chr16	56952000	56952999	0
chr16	56953000	56953999	0
chr16	56954000	56954999	0
chr16	56955000	56955999	6
chr16	56956000	56956999	1
chr16	56957000	56957999	30
chr16	56958000	56958999	9
chr16	56959000	56959999	26
chr16	56960000	56960999	21
chr16	56961000	56961999	16
chr16	56962000	56962999	5
chr16	56963000	56963999	4
chr16	56964000	56964999	5
chr16	56965000	56965999	44
chr16	56966000	56966999	0
chr16	56967000	56967999	22
chr16	56968000	56968999	0
chr16	56969000	56969999	18
chr16	56970000	56970999	18
chr16	56971000	56971999	11
chr16	56972000	56972999	5
chr16	56973000	56973999	19
chr16	56974000	56974999	2
chr16	56975000	56975999	7
chr16	56976000	56976999	6
chr16	56977000	56977999	0
chr16	56978000	56978999	0
chr16	56979000	56979999	14
chr16	56980000	56980999	23
chr16	56981000	56981999	3
chr16	56982000	56982999	0
chr16	56983000	56983999	11
chr16	56984000	56984999	0
chr16	56985000	56985999	2
chr16	56986000	56986999	13
chr16	56987000	56987999	4
chr16	56988000	56988999	0
chr16	56989000	56989999	0
chr16	56990000	56990999	0
chr16	56991000	56991999	0
chr16	56992000	56992999	0
chr16	56993000	56993999	0
chr16	56994000	56994999	10
chr16	56995000	56995999	5
chr16	56996000	56996999	0
chr16	56997000	56997999	0
chr16	56998000	56998999	12
chr16	56999000	56999999	20
chr16	57000000	57000999	0
chr16	57001000	57001999	3
chr16	57002000	57002999	17
chr16	57003000	57003999	11
chr16	57004000	57004999	2
chr16	57005000	57005999	0
chr16	57006000	57006999	0
chr16	57007000	57007999	0
chr16	57008000	57008999	7
chr16	57009000	57009999	52
chr16	57010000	57010999	0
chr16	57011000	57011999	12
chr16	57012000	57012999	9
chr16	57013000	57013999	25
chr16	57014000	57014999	0
chr16	57015000	57015999	0
chr16	57016000	57016999	0
chr16	57017000	57017999	0
chr16	57018000	57018999	2
chr16	57019000	57019999	0
chr16	57020000	57020999	7
chr16	57021000	57021999	1
chr16	57022000	57022999	14
chr16	57023000	57023999	9
chr16	57024000	57024999	0
chr16	57025000	57025999	0
chr16	57026000	57026999	11
chr16	57027000	57027999	6
chr16	57028000	57028999	7
chr16	57029000	57029999	19
chr16	57030000	57030999	23
chr16	57031000	57031999	7
chr16	57032000	57032999	0
chr16	57033000	57033999	0
chr16	57034000	57034999	13
chr16	57035000	57035999	2
chr16	57036000	57036999	10
chr16	57037000	57037999	12
chr16	57038000	57038999	0
chr16	57039000	57039999	8
chr16	57040000	57040999	5
chr16	57041000	57041999	16
chr16	57042000	57042999	10
chr16	57043000	57043999	5
chr16	57044000	57044999	17
chr16	57045000	57045999	0
chr16	57046000	57046999	23
chr16	57047000	57047999	12
chr16	57048000	57048999	16
chr16	57049000	57049999	0
chr16	57050000	57050999	0
chr16	57051000	57051999	14
chr16	57052000	57052999	0
chr16	57053000	57053999	0
chr16	57054000	57054999	0
chr16	57055000	57055999	0
chr16	57056000	57056999	19
chr16	57057000	57057999	3
chr16	57058000	57058999	0
chr16	57059000	57059999	10
chr16	57060000	57060999	1
chr16	57061000	57061999	0
chr16	57062000	57062999	6
chr16	57063000	57063999	0
chr16	57064000	57064999	0
chr16	57065000	57065999	7
chr16	57066000	57066999	6
chr16	57067000	57067999	6
chr16	57068000	57068999	13
chr16	57069000	57069999	36
chr16	57070000	57070999	9
chr16	57071000	57071999	3
chr16	57072000	57072999	0
chr16	57073000	57073999	1
chr16	57074000	57074999	19
chr16	57075000	57075999	0
chr16	57076000	57076999	2
chr16	57077000	57077999	8
chr16	57078000	57078999	4
chr16	57079000	57079999	13
chr16	57080000	57080999	1
chr16	57081000	57081999	0
chr16	57082000	57082999	11
chr16	57083000	57083999	1
chr16	57084000	57084999	0
chr16	57085000	57085999	3
chr16	57086000	57086999	0
chr16	57087000	57087999	7
chr16	57088000	57088999	7
chr16	57089000	57089999	3
chr16	57090000	57090999	0
chr16	57091000	57091999	3
chr16	57092000	57092999	35
chr16	57093000	57093999	27
chr16	57094000	57094999	4
chr16	57095000	57095999	0
chr16	57096000	57096999	8
chr16	57097000	57097999	16
chr16	57098000	57098999	14
chr16	57099000	57099999	2
chr16	57100000	57100999	9
chr16	57101000	57101999	25
chr16	57102000	57102999	6
chr16	57103000	57103999	10
chr16	57104000	57104999	10
chr16	57105000	57105999	3
chr16	57106000	57106999	0
chr16	57107000	57107999	0
chr16	57108000	57108999	6
chr16	57109000	57109999	9
chr16	57110000	57110999	0
chr16	57111000	57111999	23
chr16	57112000	57112999	0
chr16	57113000	57113999	23
chr16	57114000	57114999	8
chr16	57115000	57115999	0
chr16	57116000	57116999	19
chr16	57117000	57117999	8
chr16	57118000	57118999	0
chr16	57119000	57119999	21
chr16	57120000	57120999	43
chr16	57121000	57121999	104
chr16	57122000	57122999	27
chr16	57123000	57123999	5
chr16	57124000	57124999	14
chr16	57125000	57125999	0
chr16	57126000	57126999	14
chr16	57127000	57127999	18
chr16	57128000	57128999	10
chr16	57129000	57129999	10
chr16	57130000	57130999	36
chr16	57131000	57131999	22
chr16	57132000	57132999	18
chr16	57133000	57133999	17
chr16	57134000	57134999	0
chr16	57135000	57135999	5
chr16	57136000	57136999	35
chr16	57137000	57137999	27
chr16	57138000	57138999	7
chr16	57139000	57139999	0
chr16	57140000	57140999	3
chr16	57141000	57141999	17
chr16	57142000	57142999	7
chr16	57143000	57143999	4
chr16	57144000	57144999	8
chr16	57145000	57145999	0
chr16	57146000	57146999	20
chr16	57147000	57147999	3
chr16	57148000	57148999	6
chr16	57149000	57149999	19
chr16	57150000	57150999	13
chr16	57151000	57151999	2
chr16	57152000	57152999	14
chr16	57153000	57153999	12
chr16	57154000	57154999	12
chr16	57155000	57155999	23
chr16	57156000	57156999	9
chr16	57157000	57157999	16
chr16	57158000	57158999	17
chr16	57159000	57159999	14
chr16	57160000	57160999	2
chr16	57161000	57161999	20
chr16	57162000	57162999	26
chr16	57163000	57163999	0
chr16	57164000	57164999	9
chr16	57165000	57165999	2
chr16	57166000	57166999	74
chr16	57167000	57167999	73
chr16	57168000	57168999	17
chr16	57169000	57169999	2
chr16	57170000	57170999	4
chr16	57171000	57171999	0
chr16	57172000	57172999	4
chr16	57173000	57173999	5
chr16	57174000	57174999	13
chr16	57175000	57175999	7
chr16	57176000	57176999	2
chr16	57177000	57177999	5
chr16	57178000	57178999	1
chr16	57179000	57179999	32
chr16	57180000	57180999	6
chr16	57181000	57181999	22
chr16	57182000	57182999	6
chr16	57183000	57183999	0
chr16	57184000	57184999	13
chr16	57185000	57185999	2
chr16	57186000	57186999	1
chr16	57187000	57187999	28
chr16	57188000	57188999	2
chr16	57189000	57189999	16
chr16	57190000	57190999	2
chr16	57191000	57191999	12
chr16	57192000	57192999	29
chr16	57193000	57193999	14
chr16	57194000	57194999	1
chr16	57195000	57195999	10
chr16	57196000	57196999	1
chr16	57197000	57197999	2
chr16	57198000	57198999	2
chr16	57199000	57199999	21
chr16	57200000	57200999	6
chr16	57201000	57201999	0
chr16	57202000	57202999	0
chr16	57203000	57203999	0
chr16	57204000	57204999	0
chr16	57205000	57205999	0
chr16	57206000	57206999	0
chr16	57207000	57207999	10
chr16	57208000	57208999	23
chr16	57209000	57209999	23
chr16	57210000	57210999	5
chr16	57211000	57211999	10
chr16	57212000	57212999	4
chr16	57213000	57213999	1
chr16	57214000	57214999	5
chr16	57215000	57215999	6
chr16	57216000	57216999	24
chr16	57217000	57217999	4
chr16	57218000	57218999	11
chr16	57219000	57219999	12
chr16	57220000	57220999	1
chr16	57221000	57221999	22
chr16	57222000	57222999	0
chr16	57223000	57223999	8
chr16	57224000	57224999	5
chr16	57225000	57225999	0
chr16	57226000	57226999	8
chr16	57227000	57227999	5
chr16	57228000	57228999	30
chr16	57229000	57229999	10
chr16	57230000	57230999	20
chr16	57231000	57231999	194
chr16	57232000	57232999	6
chr16	57233000	57233999	0
chr16	57234000	57234999	6
chr16	57235000	57235999	9
chr16	57236000	57236999	0
chr16	57237000	57237999	9
chr16	57238000	57238999	0
chr16	57239000	57239999	8
chr16	57240000	57240999	14
chr16	57241000	57241999	17
chr16	57242000	57242999	1
chr16	57243000	57243999	23
chr16	57244000	57244999	17
chr16	57245000	57245999	0
chr16	57246000	57246999	40
chr16	57247000	57247999	29
chr16	57248000	57248999	18
chr16	57249000	57249999	5
chr16	57250000	57250999	9
chr16	57251000	57251999	13
chr16	57252000	57252999	9
chr16	57253000	57253999	0
chr16	57254000	57254999	2
chr16	57255000	57255999	0
chr16	57256000	57256999	28
chr16	57257000	57257999	10
chr16	57258000	57258999	1
chr16	57259000	57259999	12
chr16	57260000	57260999	2
chr16	57261000	57261999	12
chr16	57262000	57262999	0
chr16	57263000	57263999	0
chr16	57264000	57264999	5
chr16	57265000	57265999	0
chr16	57266000	57266999	10
chr16	57267000	57267999	8
chr16	57268000	57268999	16
chr16	57269000	57269999	9
chr16	57270000	57270999	0
chr16	57271000	57271999	0
chr16	57272000	57272999	7
chr16	57273000	57273999	5
chr16	57274000	57274999	5
chr16	57275000	57275999	0
chr16	57276000	57276999	0
chr16	57277000	57277999	1
chr16	57278000	57278999	11
chr16	57279000	57279999	10
chr16	57280000	57280999	11
chr16	57281000	57281999	1
chr16	57282000	57282999	2
chr16	57283000	57283999	10
chr16	57284000	57284999	0
chr16	57285000	57285999	4
chr16	57286000	57286999	0
chr16	57287000	57287999	0
chr16	57288000	57288999	0
chr16	57289000	57289999	8
chr16	57290000	57290999	6
chr16	57291000	57291999	0
chr16	57292000	57292999	7
chr16	57293000	57293999	6
chr16	57294000	57294999	15
chr16	57295000	57295999	18
chr16	57296000	57296999	8
chr16	57297000	57297999	4
chr16	57298000	57298999	32
chr16	57299000	57299999	0
chr16	57300000	57300999	5
chr16	57301000	57301999	22
chr16	57302000	57302999	6
chr16	57303000	57303999	0
chr16	57304000	57304999	9
chr16	57305000	57305999	8
chr16	57306000	57306999	7
chr16	57307000	57307999	17
chr16	57308000	57308999	10
chr16	57309000	57309999	11
chr16	57310000	57310999	13
chr16	57311000	57311999	8
chr16	57312000	57312999	13
chr16	57313000	57313999	0
chr16	57314000	57314999	3
chr16	57315000	57315999	7
chr16	57316000	57316999	14
chr16	57317000	57317999	4
chr16	57318000	57318999	23
chr16	57319000	57319999	7
chr16	57320000	57320999	0
chr16	57321000	57321999	1
chr16	57322000	57322999	2
chr16	57323000	57323999	7
chr16	57324000	57324999	3
chr16	57325000	57325999	9
chr16	57326000	57326999	21
chr16	57327000	57327999	0
chr16	57328000	57328999	14
chr16	57329000	57329999	3
chr16	57330000	57330999	2
chr16	57331000	57331999	1
chr16	57332000	57332999	0
chr16	57333000	57333999	16
chr16	57334000	57334999	2
chr16	57335000	57335999	7
chr16	57336000	57336999	14
chr16	57337000	57337999	0
chr16	57338000	57338999	8
chr16	57339000	57339999	8
chr16	57340000	57340999	1
chr16	57341000	57341999	1
chr16	57342000	57342999	5
chr16	57343000	57343999	9
chr16	57344000	57344999	3
chr16	57345000	57345999	14
chr16	57346000	57346999	6
chr16	57347000	57347999	0
chr16	57348000	57348999	3
chr16	57349000	57349999	10
chr16	57350000	57350999	3
chr16	57351000	57351999	12
chr16	57352000	57352999	20
chr16	57353000	57353999	32
chr16	57354000	57354999	5
chr16	57355000	57355999	30
chr16	57356000	57356999	11
chr16	57357000	57357999	6
chr16	57358000	57358999	8
chr16	57359000	57359999	0
chr16	57360000	57360999	17
chr16	57361000	57361999	3
chr16	57362000	57362999	5
chr16	57363000	57363999	8
chr16	57364000	57364999	9
chr16	57365000	57365999	7
chr16	57366000	57366999	10
chr16	57367000	57367999	30
chr16	57368000	57368999	7
chr16	57369000	57369999	2
chr16	57370000	57370999	4
chr16	57371000	57371999	9
chr16	57372000	57372999	3
chr16	57373000	57373999	0
chr16	57374000	57374999	12
chr16	57375000	57375999	9
chr16	57376000	57376999	0
chr16	57377000	57377999	22
chr16	57378000	57378999	0
chr16	57379000	57379999	0
chr16	57380000	57380999	0
chr16	57381000	57381999	6
chr16	57382000	57382999	15
chr16	57383000	57383999	7
chr16	57384000	57384999	15
chr16	57385000	57385999	3
chr16	57386000	57386999	17
chr16	57387000	57387999	23
chr16	57388000	57388999	0
chr16	57389000	57389999	14
chr16	57390000	57390999	5
chr16	57391000	57391999	777
chr16	57392000	57392999	9
chr16	57393000	57393999	12
chr16	57394000	57394999	16
chr16	57395000	57395999	11
chr16	57396000	57396999	7
chr16	57397000	57397999	8
chr16	57398000	57398999	10
chr16	57399000	57399999	14
chr16	57400000	57400999	4
chr16	57401000	57401999	58
chr16	57402000	57402999	0
chr16	57403000	57403999	28
chr16	57404000	57404999	18
chr16	57405000	57405999	23
chr16	57406000	57406999	16
chr16	57407000	57407999	21
chr16	57408000	57408999	8
chr16	57409000	57409999	0
chr16	57410000	57410999	0
chr16	57411000	57411999	7
chr16	57412000	57412999	5
chr16	57413000	57413999	6
chr16	57414000	57414999	8
chr16	57415000	57415999	9
chr16	57416000	57416999	8
chr16	57417000	57417999	26
chr16	57418000	57418999	0
chr16	57419000	57419999	6
chr16	57420000	57420999	28
chr16	57421000	57421999	14
chr16	57422000	57422999	21
chr16	57423000	57423999	35
chr16	57424000	57424999	20
chr16	57425000	57425999	22
chr16	57426000	57426999	3
chr16	57427000	57427999	22
chr16	57428000	57428999	16
chr16	57429000	57429999	4
chr16	57430000	57430999	5
chr16	57431000	57431999	3
chr16	57432000	57432999	6
chr16	57433000	57433999	1
chr16	57434000	57434999	26
chr16	57435000	57435999	11
chr16	57436000	57436999	0
chr16	57437000	57437999	17
chr16	57438000	57438999	14
chr16	57439000	57439999	5
chr16	57440000	57440999	6
chr16	57441000	57441999	7
chr16	57442000	57442999	2
chr16	57443000	57443999	23
chr16	57444000	57444999	5
chr16	57445000	57445999	6
chr16	57446000	57446999	0
chr16	57447000	57447999	10
chr16	57448000	57448999	26
chr16	57449000	57449999	20
chr16	57450000	57450999	0
chr16	57451000	57451999	0
chr16	57452000	57452999	17
chr16	57453000	57453999	31
chr16	57454000	57454999	47
chr16	57455000	57455999	20
chr16	57456000	57456999	0
chr16	57457000	57457999	11
chr16	57458000	57458999	16
chr16	57459000	57459999	7
chr16	57460000	57460999	4
chr16	57461000	57461999	12
chr16	57462000	57462999	3
chr16	57463000	57463999	0
chr16	57464000	57464999	10
chr16	57465000	57465999	4
chr16	57466000	57466999	10
chr16	57467000	57467999	7
chr16	57468000	57468999	6
chr16	57469000	57469999	0
chr16	57470000	57470999	10
chr16	57471000	57471999	0
chr16	57472000	57472999	36
chr16	57473000	57473999	4
chr16	57474000	57474999	16
chr16	57475000	57475999	7
chr16	57476000	57476999	13
chr16	57477000	57477999	3
chr16	57478000	57478999	16
chr16	57479000	57479999	4
chr16	57480000	57480999	0
chr16	57481000	57481999	8
chr16	57482000	57482999	6
chr16	57483000	57483999	10
chr16	57484000	57484999	2
chr16	57485000	57485999	12
chr16	57486000	57486999	10
chr16	57487000	57487999	23
chr16	57488000	57488999	4
chr16	57489000	57489999	11
chr16	57490000	57490999	9
chr16	57491000	57491999	15
chr16	57492000	57492999	6
chr16	57493000	57493999	13
chr16	57494000	57494999	0
chr16	57495000	57495999	9
chr16	57496000	57496999	22
chr16	57497000	57497999	4
chr16	57498000	57498999	0
chr16	57499000	57499999	14
chr16	57500000	57500999	0
chr16	57501000	57501999	1
chr16	57502000	57502999	4
chr16	57503000	57503999	5
chr16	57504000	57504999	10
chr16	57505000	57505999	5
chr16	57506000	57506999	0
chr16	57507000	57507999	12
chr16	57508000	57508999	14
chr16	57509000	57509999	8
chr16	57510000	57510999	0
chr16	57511000	57511999	3
chr16	57512000	57512999	17
chr16	57513000	57513999	15
chr16	57514000	57514999	28
chr16	57515000	57515999	4
chr16	57516000	57516999	0
chr16	57517000	57517999	18
chr16	57518000	57518999	23
chr16	57519000	57519999	12
chr16	57520000	57520999	15
chr16	57521000	57521999	0
chr16	57522000	57522999	0
chr16	57523000	57523999	22
chr16	57524000	57524999	21
chr16	57525000	57525999	5
chr16	57526000	57526999	8
chr16	57527000	57527999	11
chr16	57528000	57528999	15
chr16	57529000	57529999	6
chr16	57530000	57530999	25
chr16	57531000	57531999	9
chr16	57532000	57532999	0
chr16	57533000	57533999	20
chr16	57534000	57534999	25
chr16	57535000	57535999	15
chr16	57536000	57536999	16
chr16	57537000	57537999	27
chr16	57538000	57538999	11
chr16	57539000	57539999	10
chr16	57540000	57540999	4
chr16	57541000	57541999	11
chr16	57542000	57542999	21
chr16	57543000	57543999	0
chr16	57544000	57544999	12
chr16	57545000	57545999	5
chr16	57546000	57546999	7
chr16	57547000	57547999	5
chr16	57548000	57548999	38
chr16	57549000	57549999	28
chr16	57550000	57550999	11
chr16	57551000	57551999	39
chr16	57552000	57552999	5
chr16	57553000	57553999	4
chr16	57554000	57554999	6
chr16	57555000	57555999	0
chr16	57556000	57556999	0
chr16	57557000	57557999	2
chr16	57558000	57558999	13
chr16	57559000	57559999	2
chr16	57560000	57560999	19
chr16	57561000	57561999	0
chr16	57562000	57562999	16
chr16	57563000	57563999	31
chr16	57564000	57564999	20
chr16	57565000	57565999	0
chr16	57566000	57566999	0
chr16	57567000	57567999	21
chr16	57568000	57568999	6
chr16	57569000	57569999	19
chr16	57570000	57570999	15
chr16	57571000	57571999	24
chr16	57572000	57572999	2
chr16	57573000	57573999	0
chr16	57574000	57574999	8
chr16	57575000	57575999	0
chr16	57576000	57576999	6
chr16	57577000	57577999	15
chr16	57578000	57578999	5
chr16	57579000	57579999	24
chr16	57580000	57580999	16
chr16	57581000	57581999	0
chr16	57582000	57582999	23
chr16	57583000	57583999	7
chr16	57584000	57584999	0
chr16	57585000	57585999	6
chr16	57586000	57586999	0
chr16	57587000	57587999	0
chr16	57588000	57588999	0
chr16	57589000	57589999	0
chr16	57590000	57590999	0
chr16	57591000	57591999	0
chr16	57592000	57592999	0
chr16	57593000	57593999	19
chr16	57594000	57594999	14
chr16	57595000	57595999	2
chr16	57596000	57596999	10
chr16	57597000	57597999	18
chr16	57598000	57598999	0
chr16	57599000	57599999	34
chr16	57600000	57600999	7
chr16	57601000	57601999	13
chr16	57602000	57602999	1
chr16	57603000	57603999	6
chr16	57604000	57604999	0
chr16	57605000	57605999	10
chr16	57606000	57606999	40
chr16	57607000	57607999	13
chr16	57608000	57608999	0
chr16	57609000	57609999	14
chr16	57610000	57610999	7
chr16	57611000	57611999	7
chr16	57612000	57612999	0
chr16	57613000	57613999	5
chr16	57614000	57614999	0
chr16	57615000	57615999	4
chr16	57616000	57616999	12
chr16	57617000	57617999	16
chr16	57618000	57618999	5
chr16	57619000	57619999	29
chr16	57620000	57620999	2
chr16	57621000	57621999	28
chr16	57622000	57622999	4
chr16	57623000	57623999	5
chr16	57624000	57624999	2
chr16	57625000	57625999	20
chr16	57626000	57626999	0
chr16	57627000	57627999	9
chr16	57628000	57628999	5
chr16	57629000	57629999	0
chr16	57630000	57630999	1
chr16	57631000	57631999	14
chr16	57632000	57632999	4
chr16	57633000	57633999	16
chr16	57634000	57634999	36
chr16	57635000	57635999	8
chr16	57636000	57636999	5
chr16	57637000	57637999	21
chr16	57638000	57638999	14
chr16	57639000	57639999	1
chr16	57640000	57640999	9
chr16	57641000	57641999	15
chr16	57642000	57642999	28
chr16	57643000	57643999	0
chr16	57644000	57644999	24
chr16	57645000	57645999	23
chr16	57646000	57646999	3
chr16	57647000	57647999	14
chr16	57648000	57648999	3
chr16	57649000	57649999	0
chr16	57650000	57650999	5
chr16	57651000	57651999	13
chr16	57652000	57652999	0
chr16	57653000	57653999	7
chr16	57654000	57654999	7
chr16	57655000	57655999	6
chr16	57656000	57656999	0
chr16	57657000	57657999	19
chr16	57658000	57658999	2
chr16	57659000	57659999	0
chr16	57660000	57660999	32
chr16	57661000	57661999	0
chr16	57662000	57662999	10
chr16	57663000	57663999	12
chr16	57664000	57664999	0
chr16	57665000	57665999	0
chr16	57666000	57666999	6
chr16	57667000	57667999	16
chr16	57668000	57668999	0
chr16	57669000	57669999	1
chr16	57670000	57670999	7
chr16	57671000	57671999	5
chr16	57672000	57672999	10
chr16	57673000	57673999	11
chr16	57674000	57674999	9
chr16	57675000	57675999	0
chr16	57676000	57676999	3
chr16	57677000	57677999	18
chr16	57678000	57678999	17
chr16	57679000	57679999	0
chr16	57680000	57680999	19
chr16	57681000	57681999	8
chr16	57682000	57682999	9
chr16	57683000	57683999	11
chr16	57684000	57684999	9
chr16	57685000	57685999	11
chr16	57686000	57686999	9
chr16	57687000	57687999	0
chr16	57688000	57688999	0
chr16	57689000	57689999	0
chr16	57690000	57690999	11
chr16	57691000	57691999	13
chr16	57692000	57692999	6
chr16	57693000	57693999	1
chr16	57694000	57694999	18
chr16	57695000	57695999	23
chr16	57696000	57696999	0
chr16	57697000	57697999	0
chr16	57698000	57698999	1
chr16	57699000	57699999	0
chr16	57700000	57700999	9
chr16	57701000	57701999	19
chr16	57702000	57702999	25
chr16	57703000	57703999	2
chr16	57704000	57704999	6
chr16	57705000	57705999	2
chr16	57706000	57706999	16
chr16	57707000	57707999	10
chr16	57708000	57708999	0
chr16	57709000	57709999	9
chr16	57710000	57710999	2
chr16	57711000	57711999	20
chr16	57712000	57712999	30
chr16	57713000	57713999	14
chr16	57714000	57714999	0
chr16	57715000	57715999	4
chr16	57716000	57716999	0
chr16	57717000	57717999	13
chr16	57718000	57718999	15
chr16	57719000	57719999	5
chr16	57720000	57720999	16
chr16	57721000	57721999	22
chr16	57722000	57722999	28
chr16	57723000	57723999	11
chr16	57724000	57724999	6
chr16	57725000	57725999	29
chr16	57726000	57726999	0
chr16	57727000	57727999	27
chr16	57728000	57728999	7
chr16	57729000	57729999	5
chr16	57730000	57730999	5
chr16	57731000	57731999	37
chr16	57732000	57732999	13
chr16	57733000	57733999	0
chr16	57734000	57734999	10
chr16	57735000	57735999	8
chr16	57736000	57736999	13
chr16	57737000	57737999	0
chr16	57738000	57738999	4
chr16	57739000	57739999	0
chr16	57740000	57740999	15
chr16	57741000	57741999	14
chr16	57742000	57742999	25
chr16	57743000	57743999	6
chr16	57744000	57744999	6
chr16	57745000	57745999	14
chr16	57746000	57746999	0
chr16	57747000	57747999	33
chr16	57748000	57748999	25
chr16	57749000	57749999	0
chr16	57750000	57750999	0
chr16	57751000	57751999	7
chr16	57752000	57752999	29
chr16	57753000	57753999	18
chr16	57754000	57754999	6
chr16	57755000	57755999	29
chr16	57756000	57756999	16
chr16	57757000	57757999	10
chr16	57758000	57758999	16
chr16	57759000	57759999	0
chr16	57760000	57760999	10
chr16	57761000	57761999	9
chr16	57762000	57762999	0
chr16	57763000	57763999	3
chr16	57764000	57764999	26
chr16	57765000	57765999	2
chr16	57766000	57766999	6
chr16	57767000	57767999	0
chr16	57768000	57768999	12
chr16	57769000	57769999	21
chr16	57770000	57770999	8
chr16	57771000	57771999	0
chr16	57772000	57772999	5
chr16	57773000	57773999	9
chr16	57774000	57774999	0
chr16	57775000	57775999	0
chr16	57776000	57776999	4
chr16	57777000	57777999	7
chr16	57778000	57778999	4
chr16	57779000	57779999	2
chr16	57780000	57780999	0
chr16	57781000	57781999	6
chr16	57782000	57782999	6
chr16	57783000	57783999	36
chr16	57784000	57784999	3
chr16	57785000	57785999	19
chr16	57786000	57786999	0
chr16	57787000	57787999	21
chr16	57788000	57788999	1
chr16	57789000	57789999	0
chr16	57790000	57790999	0
chr16	57791000	57791999	8
chr16	57792000	57792999	18
chr16	57793000	57793999	0
chr16	57794000	57794999	17
chr16	57795000	57795999	5
chr16	57796000	57796999	29
chr16	57797000	57797999	0
chr16	57798000	57798999	0
chr16	57799000	57799999	12
chr16	57800000	57800999	30
chr16	57801000	57801999	17
chr16	57802000	57802999	12
chr16	57803000	57803999	13
chr16	57804000	57804999	10
chr16	57805000	57805999	1
chr16	57806000	57806999	0
chr16	57807000	57807999	0
chr16	57808000	57808999	0
chr16	57809000	57809999	0
chr16	57810000	57810999	0
chr16	57811000	57811999	13
chr16	57812000	57812999	0
chr16	57813000	57813999	0
chr16	57814000	57814999	13
chr16	57815000	57815999	47
chr16	57816000	57816999	27
chr16	57817000	57817999	7
chr16	57818000	57818999	36
chr16	57819000	57819999	20
chr16	57820000	57820999	8
chr16	57821000	57821999	14
chr16	57822000	57822999	31
chr16	57823000	57823999	18
chr16	57824000	57824999	1
chr16	57825000	57825999	11
chr16	57826000	57826999	11
chr16	57827000	57827999	9
chr16	57828000	57828999	6
chr16	57829000	57829999	14
chr16	57830000	57830999	1
chr16	57831000	57831999	0
chr16	57832000	57832999	19
chr16	57833000	57833999	25
chr16	57834000	57834999	5
chr16	57835000	57835999	6
chr16	57836000	57836999	8
chr16	57837000	57837999	12
chr16	57838000	57838999	12
chr16	57839000	57839999	0
chr16	57840000	57840999	3
chr16	57841000	57841999	19
chr16	57842000	57842999	11
chr16	57843000	57843999	3
chr16	57844000	57844999	0
chr16	57845000	57845999	2
chr16	57846000	57846999	18
chr16	57847000	57847999	11
chr16	57848000	57848999	6
chr16	57849000	57849999	4
chr16	57850000	57850999	20
chr16	57851000	57851999	0
chr16	57852000	57852999	13
chr16	57853000	57853999	5
chr16	57854000	57854999	0
chr16	57855000	57855999	4
chr16	57856000	57856999	0
chr16	57857000	57857999	0
chr16	57858000	57858999	18
chr16	57859000	57859999	10
chr16	57860000	57860999	13
chr16	57861000	57861999	18
chr16	57862000	57862999	10
chr16	57863000	57863999	10
chr16	57864000	57864999	0
chr16	57865000	57865999	10
chr16	57866000	57866999	3
chr16	57867000	57867999	9
chr16	57868000	57868999	6
chr16	57869000	57869999	0
chr16	57870000	57870999	0
chr16	57871000	57871999	0
chr16	57872000	57872999	4
chr16	57873000	57873999	9
chr16	57874000	57874999	20
chr16	57875000	57875999	0
chr16	57876000	57876999	16
chr16	57877000	57877999	2
chr16	57878000	57878999	0
chr16	57879000	57879999	10
chr16	57880000	57880999	0
chr16	57881000	57881999	13
chr16	57882000	57882999	16
chr16	57883000	57883999	0
chr16	57884000	57884999	6
chr16	57885000	57885999	5
chr16	57886000	57886999	0
chr16	57887000	57887999	13
chr16	57888000	57888999	24
chr16	57889000	57889999	9
chr16	57890000	57890999	6
chr16	57891000	57891999	18
chr16	57892000	57892999	21
chr16	57893000	57893999	13
chr16	57894000	57894999	3
chr16	57895000	57895999	10
chr16	57896000	57896999	28
chr16	57897000	57897999	4
chr16	57898000	57898999	14
chr16	57899000	57899999	23
chr16	57900000	57900999	16
chr16	57901000	57901999	10
chr16	57902000	57902999	20
chr16	57903000	57903999	13
chr16	57904000	57904999	11
chr16	57905000	57905999	5
chr16	57906000	57906999	0
chr16	57907000	57907999	2
chr16	57908000	57908999	1
chr16	57909000	57909999	40
chr16	57910000	57910999	18
chr16	57911000	57911999	18
chr16	57912000	57912999	3
chr16	57913000	57913999	5
chr16	57914000	57914999	3
chr16	57915000	57915999	9
chr16	57916000	57916999	39
chr16	57917000	57917999	12
chr16	57918000	57918999	12
chr16	57919000	57919999	7
chr16	57920000	57920999	30
chr16	57921000	57921999	7
chr16	57922000	57922999	2
chr16	57923000	57923999	2
chr16	57924000	57924999	7
chr16	57925000	57925999	6
chr16	57926000	57926999	15
chr16	57927000	57927999	16
chr16	57928000	57928999	10
chr16	57929000	57929999	29
chr16	57930000	57930999	7
chr16	57931000	57931999	15
chr16	57932000	57932999	0
chr16	57933000	57933999	0
chr16	57934000	57934999	19
chr16	57935000	57935999	0
chr16	57936000	57936999	4
chr16	57937000	57937999	16
chr16	57938000	57938999	12
chr16	57939000	57939999	0
chr16	57940000	57940999	1
chr16	57941000	57941999	4
chr16	57942000	57942999	6
chr16	57943000	57943999	0
chr16	57944000	57944999	13
chr16	57945000	57945999	6
chr16	57946000	57946999	0
chr16	57947000	57947999	7
chr16	57948000	57948999	6
chr16	57949000	57949999	0
chr16	57950000	57950999	11
chr16	57951000	57951999	20
chr16	57952000	57952999	0
chr16	57953000	57953999	7
chr16	57954000	57954999	11
chr16	57955000	57955999	0
chr16	57956000	57956999	4
chr16	57957000	57957999	5
chr16	57958000	57958999	0
chr16	57959000	57959999	4
chr16	57960000	57960999	10
chr16	57961000	57961999	0
chr16	57962000	57962999	0
chr16	57963000	57963999	0
chr16	57964000	57964999	0
chr16	57965000	57965999	10
chr16	57966000	57966999	0
chr16	57967000	57967999	0
chr16	57968000	57968999	7
chr16	57969000	57969999	18
chr16	57970000	57970999	0
chr16	57971000	57971999	32
chr16	57972000	57972999	10
chr16	57973000	57973999	2
chr16	57974000	57974999	3
chr16	57975000	57975999	1
chr16	57976000	57976999	10
chr16	57977000	57977999	8
chr16	57978000	57978999	15
chr16	57979000	57979999	0
chr16	57980000	57980999	27
chr16	57981000	57981999	5
chr16	57982000	57982999	0
chr16	57983000	57983999	16
chr16	57984000	57984999	13
chr16	57985000	57985999	8
chr16	57986000	57986999	0
chr16	57987000	57987999	11
chr16	57988000	57988999	0
chr16	57989000	57989999	3
chr16	57990000	57990999	4
chr16	57991000	57991999	0
chr16	57992000	57992999	2
chr16	57993000	57993999	0
chr16	57994000	57994999	0
chr16	57995000	57995999	2
chr16	57996000	57996999	0
chr16	57997000	57997999	0
chr16	57998000	57998999	0
chr16	57999000	57999999	0
chr16	58000000	58000999	0
chr16	58001000	58001999	0
chr16	58002000	58002999	0
chr16	58003000	58003999	0
chr16	58004000	58004999	0
chr16	58005000	58005999	0
chr16	58006000	58006999	11
chr16	58007000	58007999	4
chr16	58008000	58008999	6
chr16	58009000	58009999	12
chr16	58010000	58010999	8
chr16	58011000	58011999	24
chr16	58012000	58012999	21
chr16	58013000	58013999	3
chr16	58014000	58014999	0
chr16	58015000	58015999	0
chr16	58016000	58016999	15
chr16	58017000	58017999	15
chr16	58018000	58018999	17
chr16	58019000	58019999	0
chr16	58020000	58020999	3
chr16	58021000	58021999	10
chr16	58022000	58022999	13
chr16	58023000	58023999	15
chr16	58024000	58024999	2
chr16	58025000	58025999	0
chr16	58026000	58026999	16
chr16	58027000	58027999	10
chr16	58028000	58028999	13
chr16	58029000	58029999	3
chr16	58030000	58030999	5
chr16	58031000	58031999	23
chr16	58032000	58032999	12
chr16	58033000	58033999	6
chr16	58034000	58034999	8
chr16	58035000	58035999	5
chr16	58036000	58036999	7
chr16	58037000	58037999	25
chr16	58038000	58038999	7
chr16	58039000	58039999	8
chr16	58040000	58040999	8
chr16	58041000	58041999	0
chr16	58042000	58042999	12
chr16	58043000	58043999	5
chr16	58044000	58044999	4
chr16	58045000	58045999	0
chr16	58046000	58046999	12
chr16	58047000	58047999	5
chr16	58048000	58048999	0
chr16	58049000	58049999	0
chr16	58050000	58050999	4
chr16	58051000	58051999	0
chr16	58052000	58052999	1
chr16	58053000	58053999	4
chr16	58054000	58054999	19
chr16	58055000	58055999	0
chr16	58056000	58056999	10
chr16	58057000	58057999	5
chr16	58058000	58058999	11
chr16	58059000	58059999	3
chr16	58060000	58060999	29
chr16	58061000	58061999	0
chr16	58062000	58062999	5
chr16	58063000	58063999	9
chr16	58064000	58064999	13
chr16	58065000	58065999	12
chr16	58066000	58066999	17
chr16	58067000	58067999	3
chr16	58068000	58068999	0
chr16	58069000	58069999	6
chr16	58070000	58070999	3
chr16	58071000	58071999	11
chr16	58072000	58072999	2
chr16	58073000	58073999	14
chr16	58074000	58074999	12
chr16	58075000	58075999	0
chr16	58076000	58076999	0
chr16	58077000	58077999	9
chr16	58078000	58078999	14
chr16	58079000	58079999	0
chr16	58080000	58080999	6
chr16	58081000	58081999	8
chr16	58082000	58082999	7
chr16	58083000	58083999	20
chr16	58084000	58084999	17
chr16	58085000	58085999	0
chr16	58086000	58086999	3
chr16	58087000	58087999	9
chr16	58088000	58088999	0
chr16	58089000	58089999	5
chr16	58090000	58090999	0
chr16	58091000	58091999	1
chr16	58092000	58092999	0
chr16	58093000	58093999	0
chr16	58094000	58094999	9
chr16	58095000	58095999	0
chr16	58096000	58096999	5
chr16	58097000	58097999	23
chr16	58098000	58098999	5
chr16	58099000	58099999	0
chr16	58100000	58100999	1
chr16	58101000	58101999	4
chr16	58102000	58102999	8
chr16	58103000	58103999	18
chr16	58104000	58104999	13
chr16	58105000	58105999	3
chr16	58106000	58106999	11
chr16	58107000	58107999	1
chr16	58108000	58108999	7
chr16	58109000	58109999	0
chr16	58110000	58110999	0
chr16	58111000	58111999	21
chr16	58112000	58112999	21
chr16	58113000	58113999	0
chr16	58114000	58114999	36
chr16	58115000	58115999	10
chr16	58116000	58116999	0
chr16	58117000	58117999	0
chr16	58118000	58118999	0
chr16	58119000	58119999	0
chr16	58120000	58120999	6
chr16	58121000	58121999	0
chr16	58122000	58122999	6
chr16	58123000	58123999	10
chr16	58124000	58124999	0
chr16	58125000	58125999	5
chr16	58126000	58126999	8
chr16	58127000	58127999	19
chr16	58128000	58128999	0
chr16	58129000	58129999	15
chr16	58130000	58130999	7
chr16	58131000	58131999	30
chr16	58132000	58132999	43
chr16	58133000	58133999	5
chr16	58134000	58134999	16
chr16	58135000	58135999	10
chr16	58136000	58136999	32
chr16	58137000	58137999	18
chr16	58138000	58138999	11
chr16	58139000	58139999	6
chr16	58140000	58140999	18
chr16	58141000	58141999	16
chr16	58142000	58142999	13
chr16	58143000	58143999	22
chr16	58144000	58144999	1
chr16	58145000	58145999	9
chr16	58146000	58146999	0
chr16	58147000	58147999	15
chr16	58148000	58148999	33
chr16	58149000	58149999	18
chr16	58150000	58150999	0
chr16	58151000	58151999	0
chr16	58152000	58152999	2
chr16	58153000	58153999	6
chr16	58154000	58154999	9
chr16	58155000	58155999	2
chr16	58156000	58156999	15
chr16	58157000	58157999	14
chr16	58158000	58158999	23
chr16	58159000	58159999	9
chr16	58160000	58160999	3
chr16	58161000	58161999	15
chr16	58162000	58162999	17
chr16	58163000	58163999	16
chr16	58164000	58164999	0
chr16	58165000	58165999	11
chr16	58166000	58166999	9
chr16	58167000	58167999	22
chr16	58168000	58168999	26
chr16	58169000	58169999	0
chr16	58170000	58170999	11
chr16	58171000	58171999	2
chr16	58172000	58172999	14
chr16	58173000	58173999	0
chr16	58174000	58174999	0
chr16	58175000	58175999	14
chr16	58176000	58176999	5
chr16	58177000	58177999	0
chr16	58178000	58178999	2
chr16	58179000	58179999	1
chr16	58180000	58180999	8
chr16	58181000	58181999	3
chr16	58182000	58182999	5
chr16	58183000	58183999	0
chr16	58184000	58184999	4
chr16	58185000	58185999	4
chr16	58186000	58186999	6
chr16	58187000	58187999	1
chr16	58188000	58188999	0
chr16	58189000	58189999	0
chr16	58190000	58190999	11
chr16	58191000	58191999	4
chr16	58192000	58192999	17
chr16	58193000	58193999	7
chr16	58194000	58194999	17
chr16	58195000	58195999	8
chr16	58196000	58196999	14
chr16	58197000	58197999	4
chr16	58198000	58198999	9
chr16	58199000	58199999	6
chr16	58200000	58200999	9
chr16	58201000	58201999	0
chr16	58202000	58202999	0
chr16	58203000	58203999	0
chr16	58204000	58204999	0
chr16	58205000	58205999	0
chr16	58206000	58206999	0
chr16	58207000	58207999	1
chr16	58208000	58208999	3
chr16	58209000	58209999	0
chr16	58210000	58210999	8
chr16	58211000	58211999	6
chr16	58212000	58212999	30
chr16	58213000	58213999	9
chr16	58214000	58214999	0
chr16	58215000	58215999	6
chr16	58216000	58216999	0
chr16	58217000	58217999	0
chr16	58218000	58218999	0
chr16	58219000	58219999	0
chr16	58220000	58220999	0
chr16	58221000	58221999	17
chr16	58222000	58222999	12
chr16	58223000	58223999	7
chr16	58224000	58224999	5
chr16	58225000	58225999	11
chr16	58226000	58226999	0
chr16	58227000	58227999	1
chr16	58228000	58228999	4
chr16	58229000	58229999	6
chr16	58230000	58230999	1
chr16	58231000	58231999	11
chr16	58232000	58232999	1
chr16	58233000	58233999	5
chr16	58234000	58234999	0
chr16	58235000	58235999	2
chr16	58236000	58236999	0
chr16	58237000	58237999	8
chr16	58238000	58238999	3
chr16	58239000	58239999	0
chr16	58240000	58240999	0
chr16	58241000	58241999	0
chr16	58242000	58242999	0
chr16	58243000	58243999	0
chr16	58244000	58244999	0
chr16	58245000	58245999	0
chr16	58246000	58246999	8
chr16	58247000	58247999	12
chr16	58248000	58248999	26
chr16	58249000	58249999	0
chr16	58250000	58250999	0
chr16	58251000	58251999	0
chr16	58252000	58252999	0
chr16	58253000	58253999	0
chr16	58254000	58254999	0
chr16	58255000	58255999	14
chr16	58256000	58256999	12
chr16	58257000	58257999	3
chr16	58258000	58258999	6
chr16	58259000	58259999	13
chr16	58260000	58260999	1
chr16	58261000	58261999	0
chr16	58262000	58262999	0
chr16	58263000	58263999	0
chr16	58264000	58264999	0
chr16	58265000	58265999	16
chr16	58266000	58266999	5
chr16	58267000	58267999	0
chr16	58268000	58268999	0
chr16	58269000	58269999	15
chr16	58270000	58270999	2
chr16	58271000	58271999	0
chr16	58272000	58272999	13
chr16	58273000	58273999	29
chr16	58274000	58274999	8
chr16	58275000	58275999	13
chr16	58276000	58276999	0
chr16	58277000	58277999	23
chr16	58278000	58278999	15
chr16	58279000	58279999	16
chr16	58280000	58280999	3
chr16	58281000	58281999	29
chr16	58282000	58282999	0
chr16	58283000	58283999	0
chr16	58284000	58284999	3
chr16	58285000	58285999	0
chr16	58286000	58286999	25
chr16	58287000	58287999	6
chr16	58288000	58288999	11
chr16	58289000	58289999	3
chr16	58290000	58290999	3
chr16	58291000	58291999	12
chr16	58292000	58292999	5
chr16	58293000	58293999	0
chr16	58294000	58294999	18
chr16	58295000	58295999	14
chr16	58296000	58296999	8
chr16	58297000	58297999	13
chr16	58298000	58298999	14
chr16	58299000	58299999	2
chr16	58300000	58300999	24
chr16	58301000	58301999	0
chr16	58302000	58302999	8
chr16	58303000	58303999	26
chr16	58304000	58304999	7
chr16	58305000	58305999	4
chr16	58306000	58306999	6
chr16	58307000	58307999	0
chr16	58308000	58308999	2
chr16	58309000	58309999	0
chr16	58310000	58310999	0
chr16	58311000	58311999	5
chr16	58312000	58312999	0
chr16	58313000	58313999	0
chr16	58314000	58314999	0
chr16	58315000	58315999	0
chr16	58316000	58316999	22
chr16	58317000	58317999	0
chr16	58318000	58318999	7
chr16	58319000	58319999	9
chr16	58320000	58320999	0
chr16	58321000	58321999	1
chr16	58322000	58322999	0
chr16	58323000	58323999	0
chr16	58324000	58324999	0
chr16	58325000	58325999	0
chr16	58326000	58326999	5
chr16	58327000	58327999	15
chr16	58328000	58328999	13
chr16	58329000	58329999	20
chr16	58330000	58330999	8
chr16	58331000	58331999	23
chr16	58332000	58332999	2
chr16	58333000	58333999	23
chr16	58334000	58334999	3
chr16	58335000	58335999	3
chr16	58336000	58336999	0
chr16	58337000	58337999	0
chr16	58338000	58338999	0
chr16	58339000	58339999	0
chr16	58340000	58340999	0
chr16	58341000	58341999	0
chr16	58342000	58342999	0
chr16	58343000	58343999	11
chr16	58344000	58344999	14
chr16	58345000	58345999	8
chr16	58346000	58346999	13
chr16	58347000	58347999	9
chr16	58348000	58348999	15
chr16	58349000	58349999	9
chr16	58350000	58350999	0
chr16	58351000	58351999	0
chr16	58352000	58352999	23
chr16	58353000	58353999	17
chr16	58354000	58354999	4
chr16	58355000	58355999	12
chr16	58356000	58356999	4
chr16	58357000	58357999	7
chr16	58358000	58358999	6
chr16	58359000	58359999	5
chr16	58360000	58360999	3
chr16	58361000	58361999	18
chr16	58362000	58362999	0
chr16	58363000	58363999	13
chr16	58364000	58364999	0
chr16	58365000	58365999	0
chr16	58366000	58366999	0
chr16	58367000	58367999	0
chr16	58368000	58368999	1
chr16	58369000	58369999	15
chr16	58370000	58370999	0
chr16	58371000	58371999	17
chr16	58372000	58372999	0
chr16	58373000	58373999	0
chr16	58374000	58374999	0
chr16	58375000	58375999	5
chr16	58376000	58376999	0
chr16	58377000	58377999	3
chr16	58378000	58378999	19
chr16	58379000	58379999	8
chr16	58380000	58380999	45
chr16	58381000	58381999	9
chr16	58382000	58382999	0
chr16	58383000	58383999	0
chr16	58384000	58384999	14
chr16	58385000	58385999	6
chr16	58386000	58386999	1
chr16	58387000	58387999	0
chr16	58388000	58388999	12
chr16	58389000	58389999	0
chr16	58390000	58390999	14
chr16	58391000	58391999	0
chr16	58392000	58392999	19
chr16	58393000	58393999	17
chr16	58394000	58394999	7
chr16	58395000	58395999	0
chr16	58396000	58396999	4
chr16	58397000	58397999	0
chr16	58398000	58398999	0
chr16	58399000	58399999	14
chr16	58400000	58400999	4
chr16	58401000	58401999	48
chr16	58402000	58402999	0
chr16	58403000	58403999	2
chr16	58404000	58404999	6
chr16	58405000	58405999	19
chr16	58406000	58406999	8
chr16	58407000	58407999	10
chr16	58408000	58408999	90
chr16	58409000	58409999	14
chr16	58410000	58410999	11
chr16	58411000	58411999	7
chr16	58412000	58412999	11
chr16	58413000	58413999	10
chr16	58414000	58414999	2
chr16	58415000	58415999	14
chr16	58416000	58416999	8
chr16	58417000	58417999	10
chr16	58418000	58418999	0
chr16	58419000	58419999	0
chr16	58420000	58420999	3
chr16	58421000	58421999	2
chr16	58422000	58422999	15
chr16	58423000	58423999	0
chr16	58424000	58424999	8
chr16	58425000	58425999	19
chr16	58426000	58426999	9
chr16	58427000	58427999	8
chr16	58428000	58428999	16
chr16	58429000	58429999	13
chr16	58430000	58430999	11
chr16	58431000	58431999	0
chr16	58432000	58432999	53
chr16	58433000	58433999	5
chr16	58434000	58434999	21
chr16	58435000	58435999	13
chr16	58436000	58436999	16
chr16	58437000	58437999	5
chr16	58438000	58438999	8
chr16	58439000	58439999	24
chr16	58440000	58440999	4
chr16	58441000	58441999	7
chr16	58442000	58442999	7
chr16	58443000	58443999	21
chr16	58444000	58444999	10
chr16	58445000	58445999	0
chr16	58446000	58446999	8
chr16	58447000	58447999	0
chr16	58448000	58448999	0
chr16	58449000	58449999	16
chr16	58450000	58450999	21
chr16	58451000	58451999	0
chr16	58452000	58452999	3
chr16	58453000	58453999	0
chr16	58454000	58454999	28
chr16	58455000	58455999	1
chr16	58456000	58456999	7
chr16	58457000	58457999	26
chr16	58458000	58458999	24
chr16	58459000	58459999	0
chr16	58460000	58460999	31
chr16	58461000	58461999	39
chr16	58462000	58462999	30
chr16	58463000	58463999	5
chr16	58464000	58464999	3
chr16	58465000	58465999	6
chr16	58466000	58466999	18
chr16	58467000	58467999	27
chr16	58468000	58468999	7
chr16	58469000	58469999	2
chr16	58470000	58470999	15
chr16	58471000	58471999	15
chr16	58472000	58472999	14
chr16	58473000	58473999	0
chr16	58474000	58474999	27
chr16	58475000	58475999	22
chr16	58476000	58476999	31
chr16	58477000	58477999	4
chr16	58478000	58478999	12
chr16	58479000	58479999	2
chr16	58480000	58480999	6
chr16	58481000	58481999	12
chr16	58482000	58482999	21
chr16	58483000	58483999	6
chr16	58484000	58484999	20
chr16	58485000	58485999	3
chr16	58486000	58486999	17
chr16	58487000	58487999	5
chr16	58488000	58488999	9
chr16	58489000	58489999	8
chr16	58490000	58490999	12
chr16	58491000	58491999	3
chr16	58492000	58492999	0
chr16	58493000	58493999	2
chr16	58494000	58494999	0
chr16	58495000	58495999	1
chr16	58496000	58496999	32
chr16	58497000	58497999	21
chr16	58498000	58498999	6
chr16	58499000	58499999	6
chr16	58500000	58500999	5
chr16	58501000	58501999	7
chr16	58502000	58502999	31
chr16	58503000	58503999	18
chr16	58504000	58504999	2
chr16	58505000	58505999	2
chr16	58506000	58506999	11
chr16	58507000	58507999	16
chr16	58508000	58508999	10
chr16	58509000	58509999	14
chr16	58510000	58510999	3
chr16	58511000	58511999	29
chr16	58512000	58512999	27
chr16	58513000	58513999	12
chr16	58514000	58514999	24
chr16	58515000	58515999	20
chr16	58516000	58516999	55
chr16	58517000	58517999	9
chr16	58518000	58518999	14
chr16	58519000	58519999	22
chr16	58520000	58520999	4
chr16	58521000	58521999	7
chr16	58522000	58522999	34
chr16	58523000	58523999	14
chr16	58524000	58524999	0
chr16	58525000	58525999	4
chr16	58526000	58526999	17
chr16	58527000	58527999	27
chr16	58528000	58528999	6
chr16	58529000	58529999	10
chr16	58530000	58530999	20
chr16	58531000	58531999	3
chr16	58532000	58532999	22
chr16	58533000	58533999	0
chr16	58534000	58534999	14
chr16	58535000	58535999	22
chr16	58536000	58536999	9
chr16	58537000	58537999	0
chr16	58538000	58538999	21
chr16	58539000	58539999	44
chr16	58540000	58540999	2
chr16	58541000	58541999	24
chr16	58542000	58542999	0
chr16	58543000	58543999	5
chr16	58544000	58544999	12
chr16	58545000	58545999	21
chr16	58546000	58546999	7
chr16	58547000	58547999	4
chr16	58548000	58548999	6
chr16	58549000	58549999	0
chr16	58550000	58550999	0
chr16	58551000	58551999	3
chr16	58552000	58552999	11
chr16	58553000	58553999	0
chr16	58554000	58554999	8
chr16	58555000	58555999	11
chr16	58556000	58556999	6
chr16	58557000	58557999	10
chr16	58558000	58558999	10
chr16	58559000	58559999	6
chr16	58560000	58560999	22
chr16	58561000	58561999	1
chr16	58562000	58562999	15
chr16	58563000	58563999	0
chr16	58564000	58564999	0
chr16	58565000	58565999	6
chr16	58566000	58566999	10
chr16	58567000	58567999	0
chr16	58568000	58568999	0
chr16	58569000	58569999	2
chr16	58570000	58570999	0
chr16	58571000	58571999	0
chr16	58572000	58572999	0
chr16	58573000	58573999	5
chr16	58574000	58574999	0
chr16	58575000	58575999	19
chr16	58576000	58576999	0
chr16	58577000	58577999	12
chr16	58578000	58578999	15
chr16	58579000	58579999	12
chr16	58580000	58580999	11
chr16	58581000	58581999	10
chr16	58582000	58582999	15
chr16	58583000	58583999	12
chr16	58584000	58584999	22
chr16	58585000	58585999	28
chr16	58586000	58586999	0
chr16	58587000	58587999	0
chr16	58588000	58588999	0
chr16	58589000	58589999	6
chr16	58590000	58590999	3
chr16	58591000	58591999	12
chr16	58592000	58592999	0
chr16	58593000	58593999	6
chr16	58594000	58594999	8
chr16	58595000	58595999	16
chr16	58596000	58596999	0
chr16	58597000	58597999	40
chr16	58598000	58598999	9
chr16	58599000	58599999	12
chr16	58600000	58600999	28
chr16	58601000	58601999	4
chr16	58602000	58602999	2
chr16	58603000	58603999	0
chr16	58604000	58604999	9
chr16	58605000	58605999	3
chr16	58606000	58606999	2
chr16	58607000	58607999	23
chr16	58608000	58608999	6
chr16	58609000	58609999	0
chr16	58610000	58610999	10
chr16	58611000	58611999	16
chr16	58612000	58612999	9
chr16	58613000	58613999	7
chr16	58614000	58614999	13
chr16	58615000	58615999	0
chr16	58616000	58616999	2
chr16	58617000	58617999	9
chr16	58618000	58618999	1
chr16	58619000	58619999	7
chr16	58620000	58620999	6
chr16	58621000	58621999	7
chr16	58622000	58622999	9
chr16	58623000	58623999	6
chr16	58624000	58624999	22
chr16	58625000	58625999	3
chr16	58626000	58626999	10
chr16	58627000	58627999	20
chr16	58628000	58628999	29
chr16	58629000	58629999	7
chr16	58630000	58630999	8
chr16	58631000	58631999	11
chr16	58632000	58632999	0
chr16	58633000	58633999	11
chr16	58634000	58634999	12
chr16	58635000	58635999	9
chr16	58636000	58636999	11
chr16	58637000	58637999	13
chr16	58638000	58638999	7
chr16	58639000	58639999	11
chr16	58640000	58640999	5
chr16	58641000	58641999	0
chr16	58642000	58642999	0
chr16	58643000	58643999	0
chr16	58644000	58644999	0
chr16	58645000	58645999	0
chr16	58646000	58646999	0
chr16	58647000	58647999	0
chr16	58648000	58648999	17
chr16	58649000	58649999	0
chr16	58650000	58650999	3
chr16	58651000	58651999	0
chr16	58652000	58652999	0
chr16	58653000	58653999	0
chr16	58654000	58654999	0
chr16	58655000	58655999	0
chr16	58656000	58656999	6
chr16	58657000	58657999	0
chr16	58658000	58658999	21
chr16	58659000	58659999	18
chr16	58660000	58660999	10
chr16	58661000	58661999	23
chr16	58662000	58662999	6
chr16	58663000	58663999	0
chr16	58664000	58664999	0
chr16	58665000	58665999	6
chr16	58666000	58666999	0
chr16	58667000	58667999	12
chr16	58668000	58668999	0
chr16	58669000	58669999	2
chr16	58670000	58670999	52
chr16	58671000	58671999	22
chr16	58672000	58672999	3
chr16	58673000	58673999	7
chr16	58674000	58674999	3
chr16	58675000	58675999	8
chr16	58676000	58676999	18
chr16	58677000	58677999	18
chr16	58678000	58678999	11
chr16	58679000	58679999	8
chr16	58680000	58680999	17
chr16	58681000	58681999	2
chr16	58682000	58682999	0
chr16	58683000	58683999	20
chr16	58684000	58684999	3
chr16	58685000	58685999	35
chr16	58686000	58686999	27
chr16	58687000	58687999	26
chr16	58688000	58688999	12
chr16	58689000	58689999	0
chr16	58690000	58690999	26
chr16	58691000	58691999	0
chr16	58692000	58692999	4
chr16	58693000	58693999	0
chr16	58694000	58694999	0
chr16	58695000	58695999	0
chr16	58696000	58696999	7
chr16	58697000	58697999	1
chr16	58698000	58698999	7
chr16	58699000	58699999	0
chr16	58700000	58700999	4
chr16	58701000	58701999	8
chr16	58702000	58702999	21
chr16	58703000	58703999	13
chr16	58704000	58704999	16
chr16	58705000	58705999	4
chr16	58706000	58706999	18
chr16	58707000	58707999	0
chr16	58708000	58708999	0
chr16	58709000	58709999	0
chr16	58710000	58710999	6
chr16	58711000	58711999	13
chr16	58712000	58712999	1
chr16	58713000	58713999	17
chr16	58714000	58714999	7
chr16	58715000	58715999	19
chr16	58716000	58716999	4
chr16	58717000	58717999	5
chr16	58718000	58718999	7
chr16	58719000	58719999	38
chr16	58720000	58720999	0
chr16	58721000	58721999	8
chr16	58722000	58722999	5
chr16	58723000	58723999	0
chr16	58724000	58724999	11
chr16	58725000	58725999	12
chr16	58726000	58726999	33
chr16	58727000	58727999	80
chr16	58728000	58728999	78
chr16	58729000	58729999	0
chr16	58730000	58730999	17
chr16	58731000	58731999	11
chr16	58732000	58732999	32
chr16	58733000	58733999	27
chr16	58734000	58734999	7
chr16	58735000	58735999	14
chr16	58736000	58736999	8
chr16	58737000	58737999	12
chr16	58738000	58738999	23
chr16	58739000	58739999	4
chr16	58740000	58740999	9
chr16	58741000	58741999	21
chr16	58742000	58742999	17
chr16	58743000	58743999	22
chr16	58744000	58744999	8
chr16	58745000	58745999	16
chr16	58746000	58746999	79
chr16	58747000	58747999	27
chr16	58748000	58748999	5
chr16	58749000	58749999	1
chr16	58750000	58750999	44
chr16	58751000	58751999	35
chr16	58752000	58752999	68
chr16	58753000	58753999	8
chr16	58754000	58754999	1
chr16	58755000	58755999	18
chr16	58756000	58756999	14
chr16	58757000	58757999	11
chr16	58758000	58758999	4
chr16	58759000	58759999	0
chr16	58760000	58760999	16
chr16	58761000	58761999	3
chr16	58762000	58762999	7
chr16	58763000	58763999	13
chr16	58764000	58764999	0
chr16	58765000	58765999	0
chr16	58766000	58766999	0
chr16	58767000	58767999	0
chr16	58768000	58768999	6
chr16	58769000	58769999	0
chr16	58770000	58770999	0
chr16	58771000	58771999	9
chr16	58772000	58772999	10
chr16	58773000	58773999	6
chr16	58774000	58774999	3
chr16	58775000	58775999	0
chr16	58776000	58776999	0
chr16	58777000	58777999	0
chr16	58778000	58778999	0
chr16	58779000	58779999	0
chr16	58780000	58780999	12
chr16	58781000	58781999	0
chr16	58782000	58782999	21
chr16	58783000	58783999	0
chr16	58784000	58784999	10
chr16	58785000	58785999	7
chr16	58786000	58786999	9
chr16	58787000	58787999	6
chr16	58788000	58788999	4
chr16	58789000	58789999	0
chr16	58790000	58790999	21
chr16	58791000	58791999	46
chr16	58792000	58792999	10
chr16	58793000	58793999	2
chr16	58794000	58794999	7
chr16	58795000	58795999	0
chr16	58796000	58796999	0
chr16	58797000	58797999	13
chr16	58798000	58798999	9
chr16	58799000	58799999	12
chr16	58800000	58800999	0
chr16	58801000	58801999	0
chr16	58802000	58802999	0
chr16	58803000	58803999	0
chr16	58804000	58804999	0
chr16	58805000	58805999	3
chr16	58806000	58806999	5
chr16	58807000	58807999	0
chr16	58808000	58808999	5
chr16	58809000	58809999	1
chr16	58810000	58810999	2
chr16	58811000	58811999	4
chr16	58812000	58812999	2
chr16	58813000	58813999	10
chr16	58814000	58814999	8
chr16	58815000	58815999	0
chr16	58816000	58816999	0
chr16	58817000	58817999	10
chr16	58818000	58818999	14
chr16	58819000	58819999	7
chr16	58820000	58820999	0
chr16	58821000	58821999	15
chr16	58822000	58822999	0
chr16	58823000	58823999	5
chr16	58824000	58824999	11
chr16	58825000	58825999	6
chr16	58826000	58826999	4
chr16	58827000	58827999	0
chr16	58828000	58828999	2
chr16	58829000	58829999	15
chr16	58830000	58830999	17
chr16	58831000	58831999	7
chr16	58832000	58832999	10
chr16	58833000	58833999	2
chr16	58834000	58834999	6
chr16	58835000	58835999	0
chr16	58836000	58836999	6
chr16	58837000	58837999	0
chr16	58838000	58838999	5
chr16	58839000	58839999	0
chr16	58840000	58840999	9
chr16	58841000	58841999	0
chr16	58842000	58842999	0
chr16	58843000	58843999	0
chr16	58844000	58844999	4
chr16	58845000	58845999	0
chr16	58846000	58846999	0
chr16	58847000	58847999	7
chr16	58848000	58848999	15
chr16	58849000	58849999	13
chr16	58850000	58850999	30
chr16	58851000	58851999	6
chr16	58852000	58852999	1
chr16	58853000	58853999	24
chr16	58854000	58854999	7
chr16	58855000	58855999	3
chr16	58856000	58856999	0
chr16	58857000	58857999	5
chr16	58858000	58858999	0
chr16	58859000	58859999	4
chr16	58860000	58860999	10
chr16	58861000	58861999	21
chr16	58862000	58862999	0
chr16	58863000	58863999	0
chr16	58864000	58864999	0
chr16	58865000	58865999	0
chr16	58866000	58866999	0
chr16	58867000	58867999	0
chr16	58868000	58868999	0
chr16	58869000	58869999	11
chr16	58870000	58870999	1
chr16	58871000	58871999	7
chr16	58872000	58872999	13
chr16	58873000	58873999	10
chr16	58874000	58874999	3
chr16	58875000	58875999	12
chr16	58876000	58876999	3
chr16	58877000	58877999	3
chr16	58878000	58878999	3
chr16	58879000	58879999	0
chr16	58880000	58880999	0
chr16	58881000	58881999	0
chr16	58882000	58882999	14
chr16	58883000	58883999	8
chr16	58884000	58884999	4
chr16	58885000	58885999	11
chr16	58886000	58886999	3
chr16	58887000	58887999	0
chr16	58888000	58888999	0
chr16	58889000	58889999	0
chr16	58890000	58890999	0
chr16	58891000	58891999	26
chr16	58892000	58892999	3
chr16	58893000	58893999	1
chr16	58894000	58894999	1
chr16	58895000	58895999	4
chr16	58896000	58896999	3
chr16	58897000	58897999	0
chr16	58898000	58898999	0
chr16	58899000	58899999	4
chr16	58900000	58900999	19
chr16	58901000	58901999	0
chr16	58902000	58902999	0
chr16	58903000	58903999	10
chr16	58904000	58904999	10
chr16	58905000	58905999	12
chr16	58906000	58906999	0
chr16	58907000	58907999	11
chr16	58908000	58908999	3
chr16	58909000	58909999	8
chr16	58910000	58910999	7
chr16	58911000	58911999	6
chr16	58912000	58912999	21
chr16	58913000	58913999	3
chr16	58914000	58914999	2
chr16	58915000	58915999	0
chr16	58916000	58916999	3
chr16	58917000	58917999	6
chr16	58918000	58918999	3
chr16	58919000	58919999	11
chr16	58920000	58920999	3
chr16	58921000	58921999	41
chr16	58922000	58922999	26
chr16	58923000	58923999	4
chr16	58924000	58924999	0
chr16	58925000	58925999	9
chr16	58926000	58926999	23
chr16	58927000	58927999	13
chr16	58928000	58928999	12
chr16	58929000	58929999	2
chr16	58930000	58930999	13
chr16	58931000	58931999	2
chr16	58932000	58932999	4
chr16	58933000	58933999	12
chr16	58934000	58934999	11
chr16	58935000	58935999	13
chr16	58936000	58936999	14
chr16	58937000	58937999	4
chr16	58938000	58938999	0
chr16	58939000	58939999	0
chr16	58940000	58940999	14
chr16	58941000	58941999	0
chr16	58942000	58942999	11
chr16	58943000	58943999	4
chr16	58944000	58944999	1
chr16	58945000	58945999	10
chr16	58946000	58946999	25
chr16	58947000	58947999	25
chr16	58948000	58948999	4
chr16	58949000	58949999	31
chr16	58950000	58950999	9
chr16	58951000	58951999	2
chr16	58952000	58952999	2
chr16	58953000	58953999	0
chr16	58954000	58954999	7
chr16	58955000	58955999	6
chr16	58956000	58956999	15
chr16	58957000	58957999	7
chr16	58958000	58958999	28
chr16	58959000	58959999	1
chr16	58960000	58960999	0
chr16	58961000	58961999	8
chr16	58962000	58962999	0
chr16	58963000	58963999	4
chr16	58964000	58964999	2
chr16	58965000	58965999	10
chr16	58966000	58966999	17
chr16	58967000	58967999	0
chr16	58968000	58968999	0
chr16	58969000	58969999	1
chr16	58970000	58970999	0
chr16	58971000	58971999	6
chr16	58972000	58972999	0
chr16	58973000	58973999	0
chr16	58974000	58974999	19
chr16	58975000	58975999	0
chr16	58976000	58976999	0
chr16	58977000	58977999	2
chr16	58978000	58978999	0
chr16	58979000	58979999	0
chr16	58980000	58980999	0
chr16	58981000	58981999	0
chr16	58982000	58982999	0
chr16	58983000	58983999	0
chr16	58984000	58984999	0
chr16	58985000	58985999	9
chr16	58986000	58986999	12
chr16	58987000	58987999	8
chr16	58988000	58988999	28
chr16	58989000	58989999	12
chr16	58990000	58990999	15
chr16	58991000	58991999	0
chr16	58992000	58992999	10
chr16	58993000	58993999	2
chr16	58994000	58994999	17
chr16	58995000	58995999	5
chr16	58996000	58996999	4
chr16	58997000	58997999	41
chr16	58998000	58998999	21
chr16	58999000	58999999	12
chr16	59000000	59000999	12
chr16	59001000	59001999	1
chr16	59002000	59002999	9
chr16	59003000	59003999	1
chr16	59004000	59004999	3
chr16	59005000	59005999	0
chr16	59006000	59006999	0
chr16	59007000	59007999	0
chr16	59008000	59008999	14
chr16	59009000	59009999	8
chr16	59010000	59010999	0
chr16	59011000	59011999	6
chr16	59012000	59012999	21
chr16	59013000	59013999	5
chr16	59014000	59014999	0
chr16	59015000	59015999	0
chr16	59016000	59016999	0
chr16	59017000	59017999	13
chr16	59018000	59018999	4
chr16	59019000	59019999	15
chr16	59020000	59020999	0
chr16	59021000	59021999	18
chr16	59022000	59022999	37
chr16	59023000	59023999	0
chr16	59024000	59024999	3
chr16	59025000	59025999	15
chr16	59026000	59026999	18
chr16	59027000	59027999	1
chr16	59028000	59028999	20
chr16	59029000	59029999	22
chr16	59030000	59030999	0
chr16	59031000	59031999	16
chr16	59032000	59032999	0
chr16	59033000	59033999	0
chr16	59034000	59034999	7
chr16	59035000	59035999	14
chr16	59036000	59036999	12
chr16	59037000	59037999	6
chr16	59038000	59038999	27
chr16	59039000	59039999	20
chr16	59040000	59040999	0
chr16	59041000	59041999	18
chr16	59042000	59042999	12
chr16	59043000	59043999	3
chr16	59044000	59044999	26
chr16	59045000	59045999	7
chr16	59046000	59046999	7
chr16	59047000	59047999	0
chr16	59048000	59048999	11
chr16	59049000	59049999	2
chr16	59050000	59050999	0
chr16	59051000	59051999	8
chr16	59052000	59052999	2
chr16	59053000	59053999	9
chr16	59054000	59054999	0
chr16	59055000	59055999	5
chr16	59056000	59056999	17
chr16	59057000	59057999	7
chr16	59058000	59058999	32
chr16	59059000	59059999	8
chr16	59060000	59060999	8
chr16	59061000	59061999	0
chr16	59062000	59062999	10
chr16	59063000	59063999	5
chr16	59064000	59064999	2
chr16	59065000	59065999	14
chr16	59066000	59066999	11
chr16	59067000	59067999	3
chr16	59068000	59068999	0
chr16	59069000	59069999	9
chr16	59070000	59070999	8
chr16	59071000	59071999	10
chr16	59072000	59072999	8
chr16	59073000	59073999	0
chr16	59074000	59074999	0
chr16	59075000	59075999	9
chr16	59076000	59076999	3
chr16	59077000	59077999	28
chr16	59078000	59078999	17
chr16	59079000	59079999	0
chr16	59080000	59080999	0
chr16	59081000	59081999	0
chr16	59082000	59082999	12
chr16	59083000	59083999	8
chr16	59084000	59084999	5
chr16	59085000	59085999	0
chr16	59086000	59086999	6
chr16	59087000	59087999	0
chr16	59088000	59088999	0
chr16	59089000	59089999	0
chr16	59090000	59090999	0
chr16	59091000	59091999	4
chr16	59092000	59092999	28
chr16	59093000	59093999	1
chr16	59094000	59094999	16
chr16	59095000	59095999	16
chr16	59096000	59096999	6
chr16	59097000	59097999	0
chr16	59098000	59098999	0
chr16	59099000	59099999	2
chr16	59100000	59100999	3
chr16	59101000	59101999	12
chr16	59102000	59102999	20
chr16	59103000	59103999	0
chr16	59104000	59104999	0
chr16	59105000	59105999	9
chr16	59106000	59106999	0
chr16	59107000	59107999	5
chr16	59108000	59108999	16
chr16	59109000	59109999	30
chr16	59110000	59110999	6
chr16	59111000	59111999	0
chr16	59112000	59112999	0
chr16	59113000	59113999	18
chr16	59114000	59114999	2
chr16	59115000	59115999	21
chr16	59116000	59116999	13
chr16	59117000	59117999	9
chr16	59118000	59118999	0
chr16	59119000	59119999	2
chr16	59120000	59120999	0
chr16	59121000	59121999	7
chr16	59122000	59122999	0
chr16	59123000	59123999	0
chr16	59124000	59124999	0
chr16	59125000	59125999	0
chr16	59126000	59126999	0
chr16	59127000	59127999	0
chr16	59128000	59128999	0
chr16	59129000	59129999	0
chr16	59130000	59130999	11
chr16	59131000	59131999	0
chr16	59132000	59132999	0
chr16	59133000	59133999	11
chr16	59134000	59134999	6
chr16	59135000	59135999	3
chr16	59136000	59136999	7
chr16	59137000	59137999	5
chr16	59138000	59138999	7
chr16	59139000	59139999	2
chr16	59140000	59140999	4
chr16	59141000	59141999	9
chr16	59142000	59142999	6
chr16	59143000	59143999	3
chr16	59144000	59144999	0
chr16	59145000	59145999	4
chr16	59146000	59146999	3
chr16	59147000	59147999	17
chr16	59148000	59148999	13
chr16	59149000	59149999	24
chr16	59150000	59150999	13
chr16	59151000	59151999	12
chr16	59152000	59152999	22
chr16	59153000	59153999	18
chr16	59154000	59154999	0
chr16	59155000	59155999	0
chr16	59156000	59156999	0
chr16	59157000	59157999	6
chr16	59158000	59158999	0
chr16	59159000	59159999	24
chr16	59160000	59160999	15
chr16	59161000	59161999	9
chr16	59162000	59162999	8
chr16	59163000	59163999	0
chr16	59164000	59164999	5
chr16	59165000	59165999	22
chr16	59166000	59166999	0
chr16	59167000	59167999	8
chr16	59168000	59168999	2
chr16	59169000	59169999	0
chr16	59170000	59170999	9
chr16	59171000	59171999	1
chr16	59172000	59172999	0
chr16	59173000	59173999	0
chr16	59174000	59174999	0
chr16	59175000	59175999	0
chr16	59176000	59176999	0
chr16	59177000	59177999	2
chr16	59178000	59178999	2
chr16	59179000	59179999	2
chr16	59180000	59180999	13
chr16	59181000	59181999	1
chr16	59182000	59182999	16
chr16	59183000	59183999	24
chr16	59184000	59184999	18
chr16	59185000	59185999	0
chr16	59186000	59186999	26
chr16	59187000	59187999	0
chr16	59188000	59188999	4
chr16	59189000	59189999	3
chr16	59190000	59190999	5
chr16	59191000	59191999	18
chr16	59192000	59192999	19
chr16	59193000	59193999	20
chr16	59194000	59194999	23
chr16	59195000	59195999	13
chr16	59196000	59196999	12
chr16	59197000	59197999	1
chr16	59198000	59198999	4
chr16	59199000	59199999	4
chr16	59200000	59200999	0
chr16	59201000	59201999	7
chr16	59202000	59202999	11
chr16	59203000	59203999	18
chr16	59204000	59204999	0
chr16	59205000	59205999	2
chr16	59206000	59206999	10
chr16	59207000	59207999	7
chr16	59208000	59208999	3
chr16	59209000	59209999	8
chr16	59210000	59210999	6
chr16	59211000	59211999	9
chr16	59212000	59212999	0
chr16	59213000	59213999	3
chr16	59214000	59214999	23
chr16	59215000	59215999	26
chr16	59216000	59216999	11
chr16	59217000	59217999	6
chr16	59218000	59218999	12
chr16	59219000	59219999	8
chr16	59220000	59220999	0
chr16	59221000	59221999	3
chr16	59222000	59222999	11
chr16	59223000	59223999	15
chr16	59224000	59224999	1
chr16	59225000	59225999	0
chr16	59226000	59226999	6
chr16	59227000	59227999	2
chr16	59228000	59228999	2
chr16	59229000	59229999	14
chr16	59230000	59230999	9
chr16	59231000	59231999	0
chr16	59232000	59232999	2
chr16	59233000	59233999	13
chr16	59234000	59234999	25
chr16	59235000	59235999	0
chr16	59236000	59236999	0
chr16	59237000	59237999	0
chr16	59238000	59238999	0
chr16	59239000	59239999	0
chr16	59240000	59240999	8
chr16	59241000	59241999	2
chr16	59242000	59242999	13
chr16	59243000	59243999	0
chr16	59244000	59244999	28
chr16	59245000	59245999	0
chr16	59246000	59246999	10
chr16	59247000	59247999	19
chr16	59248000	59248999	7
chr16	59249000	59249999	0
chr16	59250000	59250999	0
chr16	59251000	59251999	7
chr16	59252000	59252999	0
chr16	59253000	59253999	17
chr16	59254000	59254999	6
chr16	59255000	59255999	21
chr16	59256000	59256999	7
chr16	59257000	59257999	5
chr16	59258000	59258999	5
chr16	59259000	59259999	4
chr16	59260000	59260999	40
chr16	59261000	59261999	6
chr16	59262000	59262999	0
chr16	59263000	59263999	11
chr16	59264000	59264999	0
chr16	59265000	59265999	8
chr16	59266000	59266999	0
chr16	59267000	59267999	2
chr16	59268000	59268999	8
chr16	59269000	59269999	30
chr16	59270000	59270999	10
chr16	59271000	59271999	0
chr16	59272000	59272999	22
chr16	59273000	59273999	0
chr16	59274000	59274999	13
chr16	59275000	59275999	7
chr16	59276000	59276999	0
chr16	59277000	59277999	14
chr16	59278000	59278999	11
chr16	59279000	59279999	0
chr16	59280000	59280999	0
chr16	59281000	59281999	2
chr16	59282000	59282999	9
chr16	59283000	59283999	9
chr16	59284000	59284999	0
chr16	59285000	59285999	6
chr16	59286000	59286999	0
chr16	59287000	59287999	0
chr16	59288000	59288999	1
chr16	59289000	59289999	2
chr16	59290000	59290999	0
chr16	59291000	59291999	6
chr16	59292000	59292999	0
chr16	59293000	59293999	19
chr16	59294000	59294999	5
chr16	59295000	59295999	31
chr16	59296000	59296999	0
chr16	59297000	59297999	0
chr16	59298000	59298999	0
chr16	59299000	59299999	19
chr16	59300000	59300999	0
chr16	59301000	59301999	5
chr16	59302000	59302999	12
chr16	59303000	59303999	14
chr16	59304000	59304999	0
chr16	59305000	59305999	3
chr16	59306000	59306999	4
chr16	59307000	59307999	8
chr16	59308000	59308999	0
chr16	59309000	59309999	1
chr16	59310000	59310999	0
chr16	59311000	59311999	6
chr16	59312000	59312999	9
chr16	59313000	59313999	0
chr16	59314000	59314999	21
chr16	59315000	59315999	3
chr16	59316000	59316999	0
chr16	59317000	59317999	5
chr16	59318000	59318999	0
chr16	59319000	59319999	1
chr16	59320000	59320999	16
chr16	59321000	59321999	2
chr16	59322000	59322999	2
chr16	59323000	59323999	0
chr16	59324000	59324999	2
chr16	59325000	59325999	1
chr16	59326000	59326999	21
chr16	59327000	59327999	5
chr16	59328000	59328999	0
chr16	59329000	59329999	16
chr16	59330000	59330999	9
chr16	59331000	59331999	0
chr16	59332000	59332999	16
chr16	59333000	59333999	25
chr16	59334000	59334999	5
chr16	59335000	59335999	0
chr16	59336000	59336999	0
chr16	59337000	59337999	0
chr16	59338000	59338999	0
chr16	59339000	59339999	0
chr16	59340000	59340999	0
chr16	59341000	59341999	0
chr16	59342000	59342999	7
chr16	59343000	59343999	0
chr16	59344000	59344999	4
chr16	59345000	59345999	7
chr16	59346000	59346999	9
chr16	59347000	59347999	9
chr16	59348000	59348999	2
chr16	59349000	59349999	0
chr16	59350000	59350999	8
chr16	59351000	59351999	15
chr16	59352000	59352999	0
chr16	59353000	59353999	0
chr16	59354000	59354999	0
chr16	59355000	59355999	0
chr16	59356000	59356999	3
chr16	59357000	59357999	14
chr16	59358000	59358999	10
chr16	59359000	59359999	22
chr16	59360000	59360999	31
chr16	59361000	59361999	12
chr16	59362000	59362999	25
chr16	59363000	59363999	13
chr16	59364000	59364999	3
chr16	59365000	59365999	14
chr16	59366000	59366999	4
chr16	59367000	59367999	0
chr16	59368000	59368999	0
chr16	59369000	59369999	0
chr16	59370000	59370999	0
chr16	59371000	59371999	0
chr16	59372000	59372999	1
chr16	59373000	59373999	0
chr16	59374000	59374999	0
chr16	59375000	59375999	0
chr16	59376000	59376999	0
chr16	59377000	59377999	0
chr16	59378000	59378999	25
chr16	59379000	59379999	8
chr16	59380000	59380999	14
chr16	59381000	59381999	4
chr16	59382000	59382999	5
chr16	59383000	59383999	4
chr16	59384000	59384999	4
chr16	59385000	59385999	2
chr16	59386000	59386999	0
chr16	59387000	59387999	2
chr16	59388000	59388999	5
chr16	59389000	59389999	11
chr16	59390000	59390999	29
chr16	59391000	59391999	1
chr16	59392000	59392999	0
chr16	59393000	59393999	6
chr16	59394000	59394999	13
chr16	59395000	59395999	4
chr16	59396000	59396999	8
chr16	59397000	59397999	10
chr16	59398000	59398999	7
chr16	59399000	59399999	11
chr16	59400000	59400999	1
chr16	59401000	59401999	11
chr16	59402000	59402999	31
chr16	59403000	59403999	0
chr16	59404000	59404999	5
chr16	59405000	59405999	6
chr16	59406000	59406999	18
chr16	59407000	59407999	15
chr16	59408000	59408999	0
chr16	59409000	59409999	30
chr16	59410000	59410999	14
chr16	59411000	59411999	0
chr16	59412000	59412999	8
chr16	59413000	59413999	14
chr16	59414000	59414999	0
chr16	59415000	59415999	10
chr16	59416000	59416999	10
chr16	59417000	59417999	17
chr16	59418000	59418999	0
chr16	59419000	59419999	13
chr16	59420000	59420999	31
chr16	59421000	59421999	13
chr16	59422000	59422999	15
chr16	59423000	59423999	10
chr16	59424000	59424999	19
chr16	59425000	59425999	0
chr16	59426000	59426999	5
chr16	59427000	59427999	10
chr16	59428000	59428999	2
chr16	59429000	59429999	28
chr16	59430000	59430999	9
chr16	59431000	59431999	27
chr16	59432000	59432999	26
chr16	59433000	59433999	4
chr16	59434000	59434999	3
chr16	59435000	59435999	0
chr16	59436000	59436999	0
chr16	59437000	59437999	7
chr16	59438000	59438999	1
chr16	59439000	59439999	11
chr16	59440000	59440999	3
chr16	59441000	59441999	5
chr16	59442000	59442999	0
chr16	59443000	59443999	0
chr16	59444000	59444999	27
chr16	59445000	59445999	22
chr16	59446000	59446999	5
chr16	59447000	59447999	0
chr16	59448000	59448999	0
chr16	59449000	59449999	2
chr16	59450000	59450999	1
chr16	59451000	59451999	10
chr16	59452000	59452999	15
chr16	59453000	59453999	0
chr16	59454000	59454999	4
chr16	59455000	59455999	15
chr16	59456000	59456999	9
chr16	59457000	59457999	0
chr16	59458000	59458999	0
chr16	59459000	59459999	3
chr16	59460000	59460999	1
chr16	59461000	59461999	11
chr16	59462000	59462999	10
chr16	59463000	59463999	9
chr16	59464000	59464999	0
chr16	59465000	59465999	22
chr16	59466000	59466999	7
chr16	59467000	59467999	12
chr16	59468000	59468999	5
chr16	59469000	59469999	4
chr16	59470000	59470999	18
chr16	59471000	59471999	31
chr16	59472000	59472999	25
chr16	59473000	59473999	0
chr16	59474000	59474999	0
chr16	59475000	59475999	4
chr16	59476000	59476999	1
chr16	59477000	59477999	16
chr16	59478000	59478999	14
chr16	59479000	59479999	6
chr16	59480000	59480999	6
chr16	59481000	59481999	5
chr16	59482000	59482999	11
chr16	59483000	59483999	25
chr16	59484000	59484999	12
chr16	59485000	59485999	0
chr16	59486000	59486999	14
chr16	59487000	59487999	3
chr16	59488000	59488999	8
chr16	59489000	59489999	47
chr16	59490000	59490999	0
chr16	59491000	59491999	11
chr16	59492000	59492999	10
chr16	59493000	59493999	43
chr16	59494000	59494999	4
chr16	59495000	59495999	20
chr16	59496000	59496999	29
chr16	59497000	59497999	21
chr16	59498000	59498999	0
chr16	59499000	59499999	0
chr16	59500000	59500999	13
chr16	59501000	59501999	8
chr16	59502000	59502999	16
chr16	59503000	59503999	12
chr16	59504000	59504999	6
chr16	59505000	59505999	27
chr16	59506000	59506999	6
chr16	59507000	59507999	1
chr16	59508000	59508999	18
chr16	59509000	59509999	24
chr16	59510000	59510999	0
chr16	59511000	59511999	2
chr16	59512000	59512999	4
chr16	59513000	59513999	0
chr16	59514000	59514999	4
chr16	59515000	59515999	6
chr16	59516000	59516999	2
chr16	59517000	59517999	27
chr16	59518000	59518999	16
chr16	59519000	59519999	23
chr16	59520000	59520999	2
chr16	59521000	59521999	0
chr16	59522000	59522999	25
chr16	59523000	59523999	24
chr16	59524000	59524999	12
chr16	59525000	59525999	19
chr16	59526000	59526999	2
chr16	59527000	59527999	25
chr16	59528000	59528999	6
chr16	59529000	59529999	4
chr16	59530000	59530999	23
chr16	59531000	59531999	5
chr16	59532000	59532999	1
chr16	59533000	59533999	2
chr16	59534000	59534999	3
chr16	59535000	59535999	6
chr16	59536000	59536999	16
chr16	59537000	59537999	17
chr16	59538000	59538999	15
chr16	59539000	59539999	0
chr16	59540000	59540999	7
chr16	59541000	59541999	10
chr16	59542000	59542999	13
chr16	59543000	59543999	10
chr16	59544000	59544999	7
chr16	59545000	59545999	0
chr16	59546000	59546999	13
chr16	59547000	59547999	25
chr16	59548000	59548999	9
chr16	59549000	59549999	13
chr16	59550000	59550999	24
chr16	59551000	59551999	15
chr16	59552000	59552999	6
chr16	59553000	59553999	0
chr16	59554000	59554999	17
chr16	59555000	59555999	3
chr16	59556000	59556999	8
chr16	59557000	59557999	24
chr16	59558000	59558999	8
chr16	59559000	59559999	1
chr16	59560000	59560999	14
chr16	59561000	59561999	3
chr16	59562000	59562999	8
chr16	59563000	59563999	0
chr16	59564000	59564999	5
chr16	59565000	59565999	13
chr16	59566000	59566999	15
chr16	59567000	59567999	13
chr16	59568000	59568999	16
chr16	59569000	59569999	8
chr16	59570000	59570999	22
chr16	59571000	59571999	18
chr16	59572000	59572999	20
chr16	59573000	59573999	6
chr16	59574000	59574999	19
chr16	59575000	59575999	33
chr16	59576000	59576999	5
chr16	59577000	59577999	3
chr16	59578000	59578999	19
chr16	59579000	59579999	46
chr16	59580000	59580999	0
chr16	59581000	59581999	15
chr16	59582000	59582999	5
chr16	59583000	59583999	10
chr16	59584000	59584999	27
chr16	59585000	59585999	8
chr16	59586000	59586999	42
chr16	59587000	59587999	26
chr16	59588000	59588999	17
chr16	59589000	59589999	11
chr16	59590000	59590999	46
chr16	59591000	59591999	3
chr16	59592000	59592999	0
chr16	59593000	59593999	4
chr16	59594000	59594999	46
chr16	59595000	59595999	15
chr16	59596000	59596999	47
chr16	59597000	59597999	44
chr16	59598000	59598999	28
chr16	59599000	59599999	29
chr16	59600000	59600999	50
chr16	59601000	59601999	40
chr16	59602000	59602999	4
chr16	59603000	59603999	1
chr16	59604000	59604999	54
chr16	59605000	59605999	8
chr16	59606000	59606999	14
chr16	59607000	59607999	18
chr16	59608000	59608999	5
chr16	59609000	59609999	12
chr16	59610000	59610999	22
chr16	59611000	59611999	13
chr16	59612000	59612999	5
chr16	59613000	59613999	28
chr16	59614000	59614999	4
chr16	59615000	59615999	16
chr16	59616000	59616999	0
chr16	59617000	59617999	18
chr16	59618000	59618999	4
chr16	59619000	59619999	10
chr16	59620000	59620999	11
chr16	59621000	59621999	18
chr16	59622000	59622999	6
chr16	59623000	59623999	0
chr16	59624000	59624999	6
chr16	59625000	59625999	17
chr16	59626000	59626999	21
chr16	59627000	59627999	8
chr16	59628000	59628999	25
chr16	59629000	59629999	0
chr16	59630000	59630999	0
chr16	59631000	59631999	12
chr16	59632000	59632999	25
chr16	59633000	59633999	4
chr16	59634000	59634999	19
chr16	59635000	59635999	0
chr16	59636000	59636999	5
chr16	59637000	59637999	7
chr16	59638000	59638999	30
chr16	59639000	59639999	110
chr16	59640000	59640999	18
chr16	59641000	59641999	0
chr16	59642000	59642999	14
chr16	59643000	59643999	11
chr16	59644000	59644999	0
chr16	59645000	59645999	13
chr16	59646000	59646999	0
chr16	59647000	59647999	21
chr16	59648000	59648999	0
chr16	59649000	59649999	7
chr16	59650000	59650999	4
chr16	59651000	59651999	14
chr16	59652000	59652999	0
chr16	59653000	59653999	25
chr16	59654000	59654999	0
chr16	59655000	59655999	8
chr16	59656000	59656999	7
chr16	59657000	59657999	16
chr16	59658000	59658999	0
chr16	59659000	59659999	19
chr16	59660000	59660999	5
chr16	59661000	59661999	6
chr16	59662000	59662999	6
chr16	59663000	59663999	3
chr16	59664000	59664999	2
chr16	59665000	59665999	43
chr16	59666000	59666999	3
chr16	59667000	59667999	10
chr16	59668000	59668999	0
chr16	59669000	59669999	0
chr16	59670000	59670999	7
chr16	59671000	59671999	10
chr16	59672000	59672999	13
chr16	59673000	59673999	0
chr16	59674000	59674999	31
chr16	59675000	59675999	0
chr16	59676000	59676999	0
chr16	59677000	59677999	4
chr16	59678000	59678999	7
chr16	59679000	59679999	24
chr16	59680000	59680999	21
chr16	59681000	59681999	0
chr16	59682000	59682999	9
chr16	59683000	59683999	6
chr16	59684000	59684999	29
chr16	59685000	59685999	21
chr16	59686000	59686999	11
chr16	59687000	59687999	0
chr16	59688000	59688999	34
chr16	59689000	59689999	0
chr16	59690000	59690999	2
chr16	59691000	59691999	34
chr16	59692000	59692999	13
chr16	59693000	59693999	18
chr16	59694000	59694999	0
chr16	59695000	59695999	16
chr16	59696000	59696999	14
chr16	59697000	59697999	15
chr16	59698000	59698999	0
chr16	59699000	59699999	0
chr16	59700000	59700999	0
chr16	59701000	59701999	0
chr16	59702000	59702999	0
chr16	59703000	59703999	0
chr16	59704000	59704999	0
chr16	59705000	59705999	11
chr16	59706000	59706999	3
chr16	59707000	59707999	14
chr16	59708000	59708999	5
chr16	59709000	59709999	15
chr16	59710000	59710999	22
chr16	59711000	59711999	3
chr16	59712000	59712999	10
chr16	59713000	59713999	2
chr16	59714000	59714999	7
chr16	59715000	59715999	18
chr16	59716000	59716999	3
chr16	59717000	59717999	12
chr16	59718000	59718999	1
chr16	59719000	59719999	0
chr16	59720000	59720999	23
chr16	59721000	59721999	4
chr16	59722000	59722999	0
chr16	59723000	59723999	0
chr16	59724000	59724999	5
chr16	59725000	59725999	1
chr16	59726000	59726999	19
chr16	59727000	59727999	0
chr16	59728000	59728999	6
chr16	59729000	59729999	0
chr16	59730000	59730999	4
chr16	59731000	59731999	10
chr16	59732000	59732999	17
chr16	59733000	59733999	0
chr16	59734000	59734999	0
chr16	59735000	59735999	10
chr16	59736000	59736999	3
chr16	59737000	59737999	0
chr16	59738000	59738999	5
chr16	59739000	59739999	7
chr16	59740000	59740999	29
chr16	59741000	59741999	8
chr16	59742000	59742999	17
chr16	59743000	59743999	1
chr16	59744000	59744999	0
chr16	59745000	59745999	5
chr16	59746000	59746999	3
chr16	59747000	59747999	18
chr16	59748000	59748999	0
chr16	59749000	59749999	15
chr16	59750000	59750999	18
chr16	59751000	59751999	6
chr16	59752000	59752999	16
chr16	59753000	59753999	0
chr16	59754000	59754999	12
chr16	59755000	59755999	0
chr16	59756000	59756999	24
chr16	59757000	59757999	3
chr16	59758000	59758999	11
chr16	59759000	59759999	9
chr16	59760000	59760999	0
chr16	59761000	59761999	0
chr16	59762000	59762999	14
chr16	59763000	59763999	36
chr16	59764000	59764999	17
chr16	59765000	59765999	5
chr16	59766000	59766999	0
chr16	59767000	59767999	16
chr16	59768000	59768999	13
chr16	59769000	59769999	9
chr16	59770000	59770999	7
chr16	59771000	59771999	4
chr16	59772000	59772999	0
chr16	59773000	59773999	0
chr16	59774000	59774999	0
chr16	59775000	59775999	13
chr16	59776000	59776999	8
chr16	59777000	59777999	0
chr16	59778000	59778999	0
chr16	59779000	59779999	0
chr16	59780000	59780999	0
chr16	59781000	59781999	0
chr16	59782000	59782999	0
chr16	59783000	59783999	0
chr16	59784000	59784999	3
chr16	59785000	59785999	0
chr16	59786000	59786999	5
chr16	59787000	59787999	7
chr16	59788000	59788999	11
chr16	59789000	59789999	7
chr16	59790000	59790999	7
chr16	59791000	59791999	13
chr16	59792000	59792999	0
chr16	59793000	59793999	11
chr16	59794000	59794999	0
chr16	59795000	59795999	0
chr16	59796000	59796999	0
chr16	59797000	59797999	0
chr16	59798000	59798999	13
chr16	59799000	59799999	6
chr16	59800000	59800999	9
chr16	59801000	59801999	17
chr16	59802000	59802999	11
chr16	59803000	59803999	21
chr16	59804000	59804999	6
chr16	59805000	59805999	6
chr16	59806000	59806999	21
chr16	59807000	59807999	17
chr16	59808000	59808999	9
chr16	59809000	59809999	8
chr16	59810000	59810999	0
chr16	59811000	59811999	6
chr16	59812000	59812999	3
chr16	59813000	59813999	39
chr16	59814000	59814999	6
chr16	59815000	59815999	0
chr16	59816000	59816999	0
chr16	59817000	59817999	6
chr16	59818000	59818999	0
chr16	59819000	59819999	4
chr16	59820000	59820999	0
chr16	59821000	59821999	31
chr16	59822000	59822999	0
chr16	59823000	59823999	0
chr16	59824000	59824999	27
chr16	59825000	59825999	8
chr16	59826000	59826999	12
chr16	59827000	59827999	4
chr16	59828000	59828999	11
chr16	59829000	59829999	10
chr16	59830000	59830999	7
chr16	59831000	59831999	0
chr16	59832000	59832999	3
chr16	59833000	59833999	14
chr16	59834000	59834999	11
chr16	59835000	59835999	9
chr16	59836000	59836999	8
chr16	59837000	59837999	0
chr16	59838000	59838999	11
chr16	59839000	59839999	5
chr16	59840000	59840999	13
chr16	59841000	59841999	11
chr16	59842000	59842999	18
chr16	59843000	59843999	0
chr16	59844000	59844999	6
chr16	59845000	59845999	0
chr16	59846000	59846999	13
chr16	59847000	59847999	31
chr16	59848000	59848999	0
chr16	59849000	59849999	18
chr16	59850000	59850999	15
chr16	59851000	59851999	17
chr16	59852000	59852999	3
chr16	59853000	59853999	11
chr16	59854000	59854999	4
chr16	59855000	59855999	0
chr16	59856000	59856999	10
chr16	59857000	59857999	3
chr16	59858000	59858999	3
chr16	59859000	59859999	1
chr16	59860000	59860999	0
chr16	59861000	59861999	13
chr16	59862000	59862999	14
chr16	59863000	59863999	26
chr16	59864000	59864999	0
chr16	59865000	59865999	9
chr16	59866000	59866999	14
chr16	59867000	59867999	5
chr16	59868000	59868999	14
chr16	59869000	59869999	30
chr16	59870000	59870999	4
chr16	59871000	59871999	4
chr16	59872000	59872999	40
chr16	59873000	59873999	13
chr16	59874000	59874999	22
chr16	59875000	59875999	10
chr16	59876000	59876999	0
chr16	59877000	59877999	7
chr16	59878000	59878999	0
chr16	59879000	59879999	9
chr16	59880000	59880999	11
chr16	59881000	59881999	7
chr16	59882000	59882999	26
chr16	59883000	59883999	5
chr16	59884000	59884999	10
chr16	59885000	59885999	14
chr16	59886000	59886999	7
chr16	59887000	59887999	0
chr16	59888000	59888999	0
chr16	59889000	59889999	2
chr16	59890000	59890999	0
chr16	59891000	59891999	0
chr16	59892000	59892999	9
chr16	59893000	59893999	0
chr16	59894000	59894999	0
chr16	59895000	59895999	0
chr16	59896000	59896999	0
chr16	59897000	59897999	0
chr16	59898000	59898999	0
chr16	59899000	59899999	0
chr16	59900000	59900999	19
chr16	59901000	59901999	4
chr16	59902000	59902999	0
chr16	59903000	59903999	0
chr16	59904000	59904999	0
chr16	59905000	59905999	7
chr16	59906000	59906999	0
chr16	59907000	59907999	23
chr16	59908000	59908999	9
chr16	59909000	59909999	4
chr16	59910000	59910999	12
chr16	59911000	59911999	6
chr16	59912000	59912999	12
chr16	59913000	59913999	7
chr16	59914000	59914999	3
chr16	59915000	59915999	0
chr16	59916000	59916999	4
chr16	59917000	59917999	1
chr16	59918000	59918999	0
chr16	59919000	59919999	20
chr16	59920000	59920999	10
chr16	59921000	59921999	10
chr16	59922000	59922999	0
chr16	59923000	59923999	31
chr16	59924000	59924999	16
chr16	59925000	59925999	10
chr16	59926000	59926999	6
chr16	59927000	59927999	0
chr16	59928000	59928999	9
chr16	59929000	59929999	0
chr16	59930000	59930999	0
chr16	59931000	59931999	17
chr16	59932000	59932999	18
chr16	59933000	59933999	11
chr16	59934000	59934999	3
chr16	59935000	59935999	9
chr16	59936000	59936999	0
chr16	59937000	59937999	0
chr16	59938000	59938999	6
chr16	59939000	59939999	9
chr16	59940000	59940999	8
chr16	59941000	59941999	2
chr16	59942000	59942999	2
chr16	59943000	59943999	10
chr16	59944000	59944999	6
chr16	59945000	59945999	24
chr16	59946000	59946999	22
chr16	59947000	59947999	5
chr16	59948000	59948999	4
chr16	59949000	59949999	0
chr16	59950000	59950999	11
chr16	59951000	59951999	7
chr16	59952000	59952999	6
chr16	59953000	59953999	26
chr16	59954000	59954999	8
chr16	59955000	59955999	0
chr16	59956000	59956999	0
chr16	59957000	59957999	24
chr16	59958000	59958999	4
chr16	59959000	59959999	32
chr16	59960000	59960999	3
chr16	59961000	59961999	5
chr16	59962000	59962999	3
chr16	59963000	59963999	11
chr16	59964000	59964999	20
chr16	59965000	59965999	7
chr16	59966000	59966999	7
chr16	59967000	59967999	31
chr16	59968000	59968999	6
chr16	59969000	59969999	4
chr16	59970000	59970999	2
chr16	59971000	59971999	6
chr16	59972000	59972999	5
chr16	59973000	59973999	37
chr16	59974000	59974999	5
chr16	59975000	59975999	6
chr16	59976000	59976999	3
chr16	59977000	59977999	0
chr16	59978000	59978999	24
chr16	59979000	59979999	17
chr16	59980000	59980999	19
chr16	59981000	59981999	23
chr16	59982000	59982999	14
chr16	59983000	59983999	8
chr16	59984000	59984999	4
chr16	59985000	59985999	19
chr16	59986000	59986999	19
chr16	59987000	59987999	19
chr16	59988000	59988999	0
chr16	59989000	59989999	7
chr16	59990000	59990999	1
chr16	59991000	59991999	7
chr16	59992000	59992999	1
chr16	59993000	59993999	0
chr16	59994000	59994999	0
chr16	59995000	59995999	1
chr16	59996000	59996999	18
chr16	59997000	59997999	0
chr16	59998000	59998999	0
chr16	59999000	59999999	15
chr16	60000000	60000999	20
chr16	60001000	60001999	6
chr16	60002000	60002999	1
chr16	60003000	60003999	16
chr16	60004000	60004999	2
chr16	60005000	60005999	8
chr16	60006000	60006999	12
chr16	60007000	60007999	4
chr16	60008000	60008999	0
chr16	60009000	60009999	15
chr16	60010000	60010999	24
chr16	60011000	60011999	8
chr16	60012000	60012999	4
chr16	60013000	60013999	0
chr16	60014000	60014999	4
chr16	60015000	60015999	13
chr16	60016000	60016999	0
chr16	60017000	60017999	0
chr16	60018000	60018999	0
chr16	60019000	60019999	0
chr16	60020000	60020999	0
chr16	60021000	60021999	0
chr16	60022000	60022999	4
chr16	60023000	60023999	0
chr16	60024000	60024999	0
chr16	60025000	60025999	0
chr16	60026000	60026999	1
chr16	60027000	60027999	8
chr16	60028000	60028999	0
chr16	60029000	60029999	0
chr16	60030000	60030999	16
chr16	60031000	60031999	2
chr16	60032000	60032999	6
chr16	60033000	60033999	0
chr16	60034000	60034999	8
chr16	60035000	60035999	0
chr16	60036000	60036999	12
chr16	60037000	60037999	19
chr16	60038000	60038999	17
chr16	60039000	60039999	17
chr16	60040000	60040999	0
chr16	60041000	60041999	4
chr16	60042000	60042999	10
chr16	60043000	60043999	13
chr16	60044000	60044999	3
chr16	60045000	60045999	5
chr16	60046000	60046999	0
chr16	60047000	60047999	5
chr16	60048000	60048999	2
chr16	60049000	60049999	6
chr16	60050000	60050999	11
chr16	60051000	60051999	9
chr16	60052000	60052999	27
chr16	60053000	60053999	0
chr16	60054000	60054999	17
chr16	60055000	60055999	11
chr16	60056000	60056999	0
chr16	60057000	60057999	7
chr16	60058000	60058999	1
chr16	60059000	60059999	0
chr16	60060000	60060999	2
chr16	60061000	60061999	2
chr16	60062000	60062999	5
chr16	60063000	60063999	7
chr16	60064000	60064999	1
chr16	60065000	60065999	0
chr16	60066000	60066999	8
chr16	60067000	60067999	0
chr16	60068000	60068999	0
chr16	60069000	60069999	13
chr16	60070000	60070999	24
chr16	60071000	60071999	0
chr16	60072000	60072999	6
chr16	60073000	60073999	13
chr16	60074000	60074999	7
chr16	60075000	60075999	2
chr16	60076000	60076999	0
chr16	60077000	60077999	0
chr16	60078000	60078999	16
chr16	60079000	60079999	18
chr16	60080000	60080999	5
chr16	60081000	60081999	2
chr16	60082000	60082999	16
chr16	60083000	60083999	16
chr16	60084000	60084999	17
chr16	60085000	60085999	0
chr16	60086000	60086999	11
chr16	60087000	60087999	16
chr16	60088000	60088999	3
chr16	60089000	60089999	0
chr16	60090000	60090999	1
chr16	60091000	60091999	27
chr16	60092000	60092999	0
chr16	60093000	60093999	14
chr16	60094000	60094999	17
chr16	60095000	60095999	6
chr16	60096000	60096999	13
chr16	60097000	60097999	23
chr16	60098000	60098999	0
chr16	60099000	60099999	0
chr16	60100000	60100999	17
chr16	60101000	60101999	16
chr16	60102000	60102999	8
chr16	60103000	60103999	6
chr16	60104000	60104999	2
chr16	60105000	60105999	8
chr16	60106000	60106999	7
chr16	60107000	60107999	0
chr16	60108000	60108999	8
chr16	60109000	60109999	13
chr16	60110000	60110999	2
chr16	60111000	60111999	1
chr16	60112000	60112999	13
chr16	60113000	60113999	4
chr16	60114000	60114999	7
chr16	60115000	60115999	13
chr16	60116000	60116999	17
chr16	60117000	60117999	6
chr16	60118000	60118999	10
chr16	60119000	60119999	16
chr16	60120000	60120999	13
chr16	60121000	60121999	0
chr16	60122000	60122999	19
chr16	60123000	60123999	0
chr16	60124000	60124999	0
chr16	60125000	60125999	0
chr16	60126000	60126999	11
chr16	60127000	60127999	7
chr16	60128000	60128999	12
chr16	60129000	60129999	0
chr16	60130000	60130999	5
chr16	60131000	60131999	0
chr16	60132000	60132999	5
chr16	60133000	60133999	0
chr16	60134000	60134999	15
chr16	60135000	60135999	15
chr16	60136000	60136999	5
chr16	60137000	60137999	8
chr16	60138000	60138999	10
chr16	60139000	60139999	7
chr16	60140000	60140999	0
chr16	60141000	60141999	12
chr16	60142000	60142999	4
chr16	60143000	60143999	0
chr16	60144000	60144999	17
chr16	60145000	60145999	11
chr16	60146000	60146999	5
chr16	60147000	60147999	8
chr16	60148000	60148999	0
chr16	60149000	60149999	12
chr16	60150000	60150999	9
chr16	60151000	60151999	4
chr16	60152000	60152999	3
chr16	60153000	60153999	0
chr16	60154000	60154999	10
chr16	60155000	60155999	2
chr16	60156000	60156999	6
chr16	60157000	60157999	11
chr16	60158000	60158999	1
chr16	60159000	60159999	0
chr16	60160000	60160999	0
chr16	60161000	60161999	2
chr16	60162000	60162999	17
chr16	60163000	60163999	8
chr16	60164000	60164999	0
chr16	60165000	60165999	6
chr16	60166000	60166999	10
chr16	60167000	60167999	16
chr16	60168000	60168999	1
chr16	60169000	60169999	9
chr16	60170000	60170999	19
chr16	60171000	60171999	4
chr16	60172000	60172999	4
chr16	60173000	60173999	0
chr16	60174000	60174999	6
chr16	60175000	60175999	3
chr16	60176000	60176999	25
chr16	60177000	60177999	0
chr16	60178000	60178999	1
chr16	60179000	60179999	0
chr16	60180000	60180999	4
chr16	60181000	60181999	0
chr16	60182000	60182999	27
chr16	60183000	60183999	12
chr16	60184000	60184999	4
chr16	60185000	60185999	14
chr16	60186000	60186999	3
chr16	60187000	60187999	0
chr16	60188000	60188999	0
chr16	60189000	60189999	3
chr16	60190000	60190999	2
chr16	60191000	60191999	0
chr16	60192000	60192999	1
chr16	60193000	60193999	7
chr16	60194000	60194999	4
chr16	60195000	60195999	4
chr16	60196000	60196999	0
chr16	60197000	60197999	6
chr16	60198000	60198999	0
chr16	60199000	60199999	11
chr16	60200000	60200999	40
chr16	60201000	60201999	0
chr16	60202000	60202999	10
chr16	60203000	60203999	15
chr16	60204000	60204999	13
chr16	60205000	60205999	4
chr16	60206000	60206999	4
chr16	60207000	60207999	9
chr16	60208000	60208999	13
chr16	60209000	60209999	5
chr16	60210000	60210999	5
chr16	60211000	60211999	24
chr16	60212000	60212999	0
chr16	60213000	60213999	5
chr16	60214000	60214999	8
chr16	60215000	60215999	11
chr16	60216000	60216999	9
chr16	60217000	60217999	13
chr16	60218000	60218999	0
chr16	60219000	60219999	0
chr16	60220000	60220999	9
chr16	60221000	60221999	0
chr16	60222000	60222999	8
chr16	60223000	60223999	0
chr16	60224000	60224999	34
chr16	60225000	60225999	2
chr16	60226000	60226999	0
chr16	60227000	60227999	13
chr16	60228000	60228999	0
chr16	60229000	60229999	0
chr16	60230000	60230999	15
chr16	60231000	60231999	17
chr16	60232000	60232999	0
chr16	60233000	60233999	0
chr16	60234000	60234999	0
chr16	60235000	60235999	19
chr16	60236000	60236999	6
chr16	60237000	60237999	6
chr16	60238000	60238999	11
chr16	60239000	60239999	15
chr16	60240000	60240999	3
chr16	60241000	60241999	8
chr16	60242000	60242999	3
chr16	60243000	60243999	22
chr16	60244000	60244999	0
chr16	60245000	60245999	9
chr16	60246000	60246999	7
chr16	60247000	60247999	15
chr16	60248000	60248999	11
chr16	60249000	60249999	0
chr16	60250000	60250999	8
chr16	60251000	60251999	1
chr16	60252000	60252999	0
chr16	60253000	60253999	0
chr16	60254000	60254999	12
chr16	60255000	60255999	0
chr16	60256000	60256999	0
chr16	60257000	60257999	16
chr16	60258000	60258999	4
chr16	60259000	60259999	6
chr16	60260000	60260999	3
chr16	60261000	60261999	10
chr16	60262000	60262999	1
chr16	60263000	60263999	0
chr16	60264000	60264999	0
chr16	60265000	60265999	1
chr16	60266000	60266999	1
chr16	60267000	60267999	9
chr16	60268000	60268999	14
chr16	60269000	60269999	16
chr16	60270000	60270999	7
chr16	60271000	60271999	0
chr16	60272000	60272999	4
chr16	60273000	60273999	7
chr16	60274000	60274999	0
chr16	60275000	60275999	0
chr16	60276000	60276999	0
chr16	60277000	60277999	15
chr16	60278000	60278999	0
chr16	60279000	60279999	6
chr16	60280000	60280999	28
chr16	60281000	60281999	6
chr16	60282000	60282999	11
chr16	60283000	60283999	14
chr16	60284000	60284999	3
chr16	60285000	60285999	11
chr16	60286000	60286999	0
chr16	60287000	60287999	3
chr16	60288000	60288999	0
chr16	60289000	60289999	14
chr16	60290000	60290999	0
chr16	60291000	60291999	13
chr16	60292000	60292999	12
chr16	60293000	60293999	0
chr16	60294000	60294999	12
chr16	60295000	60295999	11
chr16	60296000	60296999	18
chr16	60297000	60297999	0
chr16	60298000	60298999	13
chr16	60299000	60299999	10
chr16	60300000	60300999	5
chr16	60301000	60301999	6
chr16	60302000	60302999	41
chr16	60303000	60303999	0
chr16	60304000	60304999	1
chr16	60305000	60305999	18
chr16	60306000	60306999	4
chr16	60307000	60307999	2
chr16	60308000	60308999	11
chr16	60309000	60309999	16
chr16	60310000	60310999	16
chr16	60311000	60311999	22
chr16	60312000	60312999	0
chr16	60313000	60313999	4
chr16	60314000	60314999	13
chr16	60315000	60315999	17
chr16	60316000	60316999	3
chr16	60317000	60317999	4
chr16	60318000	60318999	0
chr16	60319000	60319999	4
chr16	60320000	60320999	2
chr16	60321000	60321999	0
chr16	60322000	60322999	24
chr16	60323000	60323999	12
chr16	60324000	60324999	0
chr16	60325000	60325999	14
chr16	60326000	60326999	0
chr16	60327000	60327999	7
chr16	60328000	60328999	4
chr16	60329000	60329999	2
chr16	60330000	60330999	0
chr16	60331000	60331999	22
chr16	60332000	60332999	8
chr16	60333000	60333999	3
chr16	60334000	60334999	0
chr16	60335000	60335999	0
chr16	60336000	60336999	13
chr16	60337000	60337999	0
chr16	60338000	60338999	14
chr16	60339000	60339999	8
chr16	60340000	60340999	15
chr16	60341000	60341999	8
chr16	60342000	60342999	0
chr16	60343000	60343999	7
chr16	60344000	60344999	10
chr16	60345000	60345999	6
chr16	60346000	60346999	7
chr16	60347000	60347999	6
chr16	60348000	60348999	11
chr16	60349000	60349999	8
chr16	60350000	60350999	0
chr16	60351000	60351999	11
chr16	60352000	60352999	4
chr16	60353000	60353999	0
chr16	60354000	60354999	28
chr16	60355000	60355999	11
chr16	60356000	60356999	3
chr16	60357000	60357999	21
chr16	60358000	60358999	0
chr16	60359000	60359999	7
chr16	60360000	60360999	14
chr16	60361000	60361999	0
chr16	60362000	60362999	16
chr16	60363000	60363999	18
chr16	60364000	60364999	6
chr16	60365000	60365999	1
chr16	60366000	60366999	23
chr16	60367000	60367999	23
chr16	60368000	60368999	10
chr16	60369000	60369999	14
chr16	60370000	60370999	21
chr16	60371000	60371999	11
chr16	60372000	60372999	10
chr16	60373000	60373999	2
chr16	60374000	60374999	1
chr16	60375000	60375999	3
chr16	60376000	60376999	20
chr16	60377000	60377999	6
chr16	60378000	60378999	4
chr16	60379000	60379999	15
chr16	60380000	60380999	10
chr16	60381000	60381999	10
chr16	60382000	60382999	5
chr16	60383000	60383999	3
chr16	60384000	60384999	11
chr16	60385000	60385999	0
chr16	60386000	60386999	11
chr16	60387000	60387999	8
chr16	60388000	60388999	16
chr16	60389000	60389999	3
chr16	60390000	60390999	7
chr16	60391000	60391999	11
chr16	60392000	60392999	12
chr16	60393000	60393999	6
chr16	60394000	60394999	0
chr16	60395000	60395999	17
chr16	60396000	60396999	1
chr16	60397000	60397999	17
chr16	60398000	60398999	13
chr16	60399000	60399999	13
chr16	60400000	60400999	16
chr16	60401000	60401999	15
chr16	60402000	60402999	0
chr16	60403000	60403999	0
chr16	60404000	60404999	11
chr16	60405000	60405999	11
chr16	60406000	60406999	0
chr16	60407000	60407999	8
chr16	60408000	60408999	4
chr16	60409000	60409999	7
chr16	60410000	60410999	13
chr16	60411000	60411999	6
chr16	60412000	60412999	4
chr16	60413000	60413999	31
chr16	60414000	60414999	0
chr16	60415000	60415999	0
chr16	60416000	60416999	17
chr16	60417000	60417999	7
chr16	60418000	60418999	0
chr16	60419000	60419999	30
chr16	60420000	60420999	12
chr16	60421000	60421999	3
chr16	60422000	60422999	6
chr16	60423000	60423999	0
chr16	60424000	60424999	4
chr16	60425000	60425999	5
chr16	60426000	60426999	1
chr16	60427000	60427999	0
chr16	60428000	60428999	8
chr16	60429000	60429999	4
chr16	60430000	60430999	10
chr16	60431000	60431999	0
chr16	60432000	60432999	3
chr16	60433000	60433999	1
chr16	60434000	60434999	24
chr16	60435000	60435999	17
chr16	60436000	60436999	1
chr16	60437000	60437999	0
chr16	60438000	60438999	0
chr16	60439000	60439999	0
chr16	60440000	60440999	0
chr16	60441000	60441999	7
chr16	60442000	60442999	0
chr16	60443000	60443999	0
chr16	60444000	60444999	0
chr16	60445000	60445999	0
chr16	60446000	60446999	0
chr16	60447000	60447999	0
chr16	60448000	60448999	0
chr16	60449000	60449999	2
chr16	60450000	60450999	21
chr16	60451000	60451999	2
chr16	60452000	60452999	0
chr16	60453000	60453999	16
chr16	60454000	60454999	9
chr16	60455000	60455999	0
chr16	60456000	60456999	0
chr16	60457000	60457999	0
chr16	60458000	60458999	8
chr16	60459000	60459999	0
chr16	60460000	60460999	0
chr16	60461000	60461999	0
chr16	60462000	60462999	21
chr16	60463000	60463999	14
chr16	60464000	60464999	16
chr16	60465000	60465999	4
chr16	60466000	60466999	17
chr16	60467000	60467999	0
chr16	60468000	60468999	4
chr16	60469000	60469999	7
chr16	60470000	60470999	0
chr16	60471000	60471999	0
chr16	60472000	60472999	1
chr16	60473000	60473999	11
chr16	60474000	60474999	21
chr16	60475000	60475999	7
chr16	60476000	60476999	18
chr16	60477000	60477999	6
chr16	60478000	60478999	0
chr16	60479000	60479999	0
chr16	60480000	60480999	5
chr16	60481000	60481999	0
chr16	60482000	60482999	1
chr16	60483000	60483999	0
chr16	60484000	60484999	0
chr16	60485000	60485999	3
chr16	60486000	60486999	5
chr16	60487000	60487999	3
chr16	60488000	60488999	18
chr16	60489000	60489999	15
chr16	60490000	60490999	12
chr16	60491000	60491999	29
chr16	60492000	60492999	11
chr16	60493000	60493999	5
chr16	60494000	60494999	0
chr16	60495000	60495999	0
chr16	60496000	60496999	0
chr16	60497000	60497999	10
chr16	60498000	60498999	3
chr16	60499000	60499999	10
chr16	60500000	60500999	7
chr16	60501000	60501999	17
chr16	60502000	60502999	12
chr16	60503000	60503999	8
chr16	60504000	60504999	0
chr16	60505000	60505999	8
chr16	60506000	60506999	9
chr16	60507000	60507999	20
chr16	60508000	60508999	0
chr16	60509000	60509999	11
chr16	60510000	60510999	1
chr16	60511000	60511999	17
chr16	60512000	60512999	9
chr16	60513000	60513999	4
chr16	60514000	60514999	5
chr16	60515000	60515999	0
chr16	60516000	60516999	13
chr16	60517000	60517999	13
chr16	60518000	60518999	4
chr16	60519000	60519999	17
chr16	60520000	60520999	12
chr16	60521000	60521999	7
chr16	60522000	60522999	7
chr16	60523000	60523999	0
chr16	60524000	60524999	7
chr16	60525000	60525999	0
chr16	60526000	60526999	2
chr16	60527000	60527999	27
chr16	60528000	60528999	13
chr16	60529000	60529999	7
chr16	60530000	60530999	13
chr16	60531000	60531999	5
chr16	60532000	60532999	9
chr16	60533000	60533999	13
chr16	60534000	60534999	35
chr16	60535000	60535999	2
chr16	60536000	60536999	25
chr16	60537000	60537999	13
chr16	60538000	60538999	0
chr16	60539000	60539999	0
chr16	60540000	60540999	11
chr16	60541000	60541999	3
chr16	60542000	60542999	17
chr16	60543000	60543999	6
chr16	60544000	60544999	15
chr16	60545000	60545999	23
chr16	60546000	60546999	13
chr16	60547000	60547999	0
chr16	60548000	60548999	7
chr16	60549000	60549999	5
chr16	60550000	60550999	6
chr16	60551000	60551999	0
chr16	60552000	60552999	0
chr16	60553000	60553999	0
chr16	60554000	60554999	0
chr16	60555000	60555999	0
chr16	60556000	60556999	0
chr16	60557000	60557999	0
chr16	60558000	60558999	6
chr16	60559000	60559999	8
chr16	60560000	60560999	16
chr16	60561000	60561999	12
chr16	60562000	60562999	0
chr16	60563000	60563999	0
chr16	60564000	60564999	0
chr16	60565000	60565999	0
chr16	60566000	60566999	6
chr16	60567000	60567999	13
chr16	60568000	60568999	2
chr16	60569000	60569999	2
chr16	60570000	60570999	26
chr16	60571000	60571999	0
chr16	60572000	60572999	10
chr16	60573000	60573999	8
chr16	60574000	60574999	11
chr16	60575000	60575999	0
chr16	60576000	60576999	4
chr16	60577000	60577999	1
chr16	60578000	60578999	8
chr16	60579000	60579999	0
chr16	60580000	60580999	10
chr16	60581000	60581999	5
chr16	60582000	60582999	14
chr16	60583000	60583999	6
chr16	60584000	60584999	4
chr16	60585000	60585999	0
chr16	60586000	60586999	0
chr16	60587000	60587999	0
chr16	60588000	60588999	1
chr16	60589000	60589999	6
chr16	60590000	60590999	0
chr16	60591000	60591999	0
chr16	60592000	60592999	14
chr16	60593000	60593999	10
chr16	60594000	60594999	8
chr16	60595000	60595999	5
chr16	60596000	60596999	8
chr16	60597000	60597999	11
chr16	60598000	60598999	0
chr16	60599000	60599999	16
chr16	60600000	60600999	0
chr16	60601000	60601999	20
chr16	60602000	60602999	11
chr16	60603000	60603999	30
chr16	60604000	60604999	0
chr16	60605000	60605999	5
chr16	60606000	60606999	6
chr16	60607000	60607999	3
chr16	60608000	60608999	4
chr16	60609000	60609999	7
chr16	60610000	60610999	0
chr16	60611000	60611999	8
chr16	60612000	60612999	6
chr16	60613000	60613999	23
chr16	60614000	60614999	14
chr16	60615000	60615999	0
chr16	60616000	60616999	2
chr16	60617000	60617999	6
chr16	60618000	60618999	6
chr16	60619000	60619999	9
chr16	60620000	60620999	16
chr16	60621000	60621999	0
chr16	60622000	60622999	0
chr16	60623000	60623999	25
chr16	60624000	60624999	19
chr16	60625000	60625999	0
chr16	60626000	60626999	0
chr16	60627000	60627999	5
chr16	60628000	60628999	1
chr16	60629000	60629999	18
chr16	60630000	60630999	12
chr16	60631000	60631999	26
chr16	60632000	60632999	11
chr16	60633000	60633999	8
chr16	60634000	60634999	16
chr16	60635000	60635999	18
chr16	60636000	60636999	7
chr16	60637000	60637999	13
chr16	60638000	60638999	0
chr16	60639000	60639999	0
chr16	60640000	60640999	10
chr16	60641000	60641999	0
chr16	60642000	60642999	15
chr16	60643000	60643999	4
chr16	60644000	60644999	0
chr16	60645000	60645999	0
chr16	60646000	60646999	0
chr16	60647000	60647999	0
chr16	60648000	60648999	26
chr16	60649000	60649999	6
chr16	60650000	60650999	0
chr16	60651000	60651999	8
chr16	60652000	60652999	8
chr16	60653000	60653999	6
chr16	60654000	60654999	11
chr16	60655000	60655999	3
chr16	60656000	60656999	36
chr16	60657000	60657999	11
chr16	60658000	60658999	0
chr16	60659000	60659999	16
chr16	60660000	60660999	11
chr16	60661000	60661999	12
chr16	60662000	60662999	12
chr16	60663000	60663999	3
chr16	60664000	60664999	1
chr16	60665000	60665999	7
chr16	60666000	60666999	23
chr16	60667000	60667999	10
chr16	60668000	60668999	0
chr16	60669000	60669999	10
chr16	60670000	60670999	21
chr16	60671000	60671999	7
chr16	60672000	60672999	5
chr16	60673000	60673999	0
chr16	60674000	60674999	5
chr16	60675000	60675999	11
chr16	60676000	60676999	8
chr16	60677000	60677999	5
chr16	60678000	60678999	6
chr16	60679000	60679999	0
chr16	60680000	60680999	18
chr16	60681000	60681999	0
chr16	60682000	60682999	10
chr16	60683000	60683999	11
chr16	60684000	60684999	13
chr16	60685000	60685999	1
chr16	60686000	60686999	9
chr16	60687000	60687999	0
chr16	60688000	60688999	0
chr16	60689000	60689999	11
chr16	60690000	60690999	7
chr16	60691000	60691999	6
chr16	60692000	60692999	0
chr16	60693000	60693999	6
chr16	60694000	60694999	5
chr16	60695000	60695999	10
chr16	60696000	60696999	10
chr16	60697000	60697999	0
chr16	60698000	60698999	0
chr16	60699000	60699999	26
chr16	60700000	60700999	2
chr16	60701000	60701999	0
chr16	60702000	60702999	16
chr16	60703000	60703999	0
chr16	60704000	60704999	19
chr16	60705000	60705999	0
chr16	60706000	60706999	0
chr16	60707000	60707999	4
chr16	60708000	60708999	0
chr16	60709000	60709999	14
chr16	60710000	60710999	1
chr16	60711000	60711999	17
chr16	60712000	60712999	13
chr16	60713000	60713999	2
chr16	60714000	60714999	14
chr16	60715000	60715999	0
chr16	60716000	60716999	14
chr16	60717000	60717999	7
chr16	60718000	60718999	0
chr16	60719000	60719999	16
chr16	60720000	60720999	7
chr16	60721000	60721999	6
chr16	60722000	60722999	10
chr16	60723000	60723999	14
chr16	60724000	60724999	4
chr16	60725000	60725999	0
chr16	60726000	60726999	0
chr16	60727000	60727999	0
chr16	60728000	60728999	0
chr16	60729000	60729999	0
chr16	60730000	60730999	0
chr16	60731000	60731999	0
chr16	60732000	60732999	1
chr16	60733000	60733999	2
chr16	60734000	60734999	0
chr16	60735000	60735999	0
chr16	60736000	60736999	0
chr16	60737000	60737999	0
chr16	60738000	60738999	0
chr16	60739000	60739999	0
chr16	60740000	60740999	1
chr16	60741000	60741999	0
chr16	60742000	60742999	0
chr16	60743000	60743999	0
chr16	60744000	60744999	0
chr16	60745000	60745999	0
chr16	60746000	60746999	0
chr16	60747000	60747999	0
chr16	60748000	60748999	0
chr16	60749000	60749999	8
chr16	60750000	60750999	0
chr16	60751000	60751999	15
chr16	60752000	60752999	9
chr16	60753000	60753999	0
chr16	60754000	60754999	9
chr16	60755000	60755999	4
chr16	60756000	60756999	0
chr16	60757000	60757999	10
chr16	60758000	60758999	10
chr16	60759000	60759999	2
chr16	60760000	60760999	19
chr16	60761000	60761999	0
chr16	60762000	60762999	35
chr16	60763000	60763999	21
chr16	60764000	60764999	12
chr16	60765000	60765999	4
chr16	60766000	60766999	0
chr16	60767000	60767999	0
chr16	60768000	60768999	7
chr16	60769000	60769999	5
chr16	60770000	60770999	6
chr16	60771000	60771999	2
chr16	60772000	60772999	6
chr16	60773000	60773999	0
chr16	60774000	60774999	0
chr16	60775000	60775999	0
chr16	60776000	60776999	0
chr16	60777000	60777999	0
chr16	60778000	60778999	0
chr16	60779000	60779999	12
chr16	60780000	60780999	4
chr16	60781000	60781999	12
chr16	60782000	60782999	5
chr16	60783000	60783999	5
chr16	60784000	60784999	1
chr16	60785000	60785999	7
chr16	60786000	60786999	9
chr16	60787000	60787999	3
chr16	60788000	60788999	5
chr16	60789000	60789999	23
chr16	60790000	60790999	22
chr16	60791000	60791999	8
chr16	60792000	60792999	0
chr16	60793000	60793999	37
chr16	60794000	60794999	4
chr16	60795000	60795999	0
chr16	60796000	60796999	1
chr16	60797000	60797999	4
chr16	60798000	60798999	14
chr16	60799000	60799999	2
chr16	60800000	60800999	0
chr16	60801000	60801999	9
chr16	60802000	60802999	26
chr16	60803000	60803999	5
chr16	60804000	60804999	7
chr16	60805000	60805999	0
chr16	60806000	60806999	4
chr16	60807000	60807999	6
chr16	60808000	60808999	7
chr16	60809000	60809999	0
chr16	60810000	60810999	8
chr16	60811000	60811999	1
chr16	60812000	60812999	0
chr16	60813000	60813999	0
chr16	60814000	60814999	11
chr16	60815000	60815999	10
chr16	60816000	60816999	16
chr16	60817000	60817999	4
chr16	60818000	60818999	7
chr16	60819000	60819999	0
chr16	60820000	60820999	18
chr16	60821000	60821999	0
chr16	60822000	60822999	1
chr16	60823000	60823999	2
chr16	60824000	60824999	0
chr16	60825000	60825999	0
chr16	60826000	60826999	1
chr16	60827000	60827999	0
chr16	60828000	60828999	0
chr16	60829000	60829999	0
chr16	60830000	60830999	0
chr16	60831000	60831999	0
chr16	60832000	60832999	10
chr16	60833000	60833999	0
chr16	60834000	60834999	7
chr16	60835000	60835999	0
chr16	60836000	60836999	2
chr16	60837000	60837999	9
chr16	60838000	60838999	11
chr16	60839000	60839999	0
chr16	60840000	60840999	10
chr16	60841000	60841999	1
chr16	60842000	60842999	30
chr16	60843000	60843999	0
chr16	60844000	60844999	19
chr16	60845000	60845999	5
chr16	60846000	60846999	4
chr16	60847000	60847999	9
chr16	60848000	60848999	9
chr16	60849000	60849999	18
chr16	60850000	60850999	0
chr16	60851000	60851999	12
chr16	60852000	60852999	14
chr16	60853000	60853999	0
chr16	60854000	60854999	0
chr16	60855000	60855999	24
chr16	60856000	60856999	0
chr16	60857000	60857999	9
chr16	60858000	60858999	2
chr16	60859000	60859999	1
chr16	60860000	60860999	6
chr16	60861000	60861999	0
chr16	60862000	60862999	0
chr16	60863000	60863999	0
chr16	60864000	60864999	18
chr16	60865000	60865999	0
chr16	60866000	60866999	0
chr16	60867000	60867999	0
chr16	60868000	60868999	36
chr16	60869000	60869999	13
chr16	60870000	60870999	19
chr16	60871000	60871999	2
chr16	60872000	60872999	17
chr16	60873000	60873999	4
chr16	60874000	60874999	4
chr16	60875000	60875999	0
chr16	60876000	60876999	9
chr16	60877000	60877999	11
chr16	60878000	60878999	28
chr16	60879000	60879999	0
chr16	60880000	60880999	0
chr16	60881000	60881999	19
chr16	60882000	60882999	9
chr16	60883000	60883999	1
chr16	60884000	60884999	5
chr16	60885000	60885999	2
chr16	60886000	60886999	0
chr16	60887000	60887999	9
chr16	60888000	60888999	0
chr16	60889000	60889999	7
chr16	60890000	60890999	5
chr16	60891000	60891999	17
chr16	60892000	60892999	3
chr16	60893000	60893999	6
chr16	60894000	60894999	7
chr16	60895000	60895999	2
chr16	60896000	60896999	6
chr16	60897000	60897999	0
chr16	60898000	60898999	7
chr16	60899000	60899999	16
chr16	60900000	60900999	15
chr16	60901000	60901999	4
chr16	60902000	60902999	0
chr16	60903000	60903999	0
chr16	60904000	60904999	11
chr16	60905000	60905999	1
chr16	60906000	60906999	12
chr16	60907000	60907999	3
chr16	60908000	60908999	0
chr16	60909000	60909999	7
chr16	60910000	60910999	10
chr16	60911000	60911999	17
chr16	60912000	60912999	14
chr16	60913000	60913999	1
chr16	60914000	60914999	22
chr16	60915000	60915999	29
chr16	60916000	60916999	11
chr16	60917000	60917999	2
chr16	60918000	60918999	24
chr16	60919000	60919999	4
chr16	60920000	60920999	13
chr16	60921000	60921999	0
chr16	60922000	60922999	5
chr16	60923000	60923999	0
chr16	60924000	60924999	0
chr16	60925000	60925999	0
chr16	60926000	60926999	0
chr16	60927000	60927999	0
chr16	60928000	60928999	0
chr16	60929000	60929999	0
chr16	60930000	60930999	0
chr16	60931000	60931999	0
chr16	60932000	60932999	3
chr16	60933000	60933999	0
chr16	60934000	60934999	0
chr16	60935000	60935999	10
chr16	60936000	60936999	0
chr16	60937000	60937999	15
chr16	60938000	60938999	9
chr16	60939000	60939999	3
chr16	60940000	60940999	0
chr16	60941000	60941999	0
chr16	60942000	60942999	0
chr16	60943000	60943999	1
chr16	60944000	60944999	14
chr16	60945000	60945999	3
chr16	60946000	60946999	10
chr16	60947000	60947999	2
chr16	60948000	60948999	9
chr16	60949000	60949999	18
chr16	60950000	60950999	17
chr16	60951000	60951999	1
chr16	60952000	60952999	13
chr16	60953000	60953999	22
chr16	60954000	60954999	3
chr16	60955000	60955999	7
chr16	60956000	60956999	3
chr16	60957000	60957999	7
chr16	60958000	60958999	24
chr16	60959000	60959999	13
chr16	60960000	60960999	2
chr16	60961000	60961999	8
chr16	60962000	60962999	6
chr16	60963000	60963999	17
chr16	60964000	60964999	16
chr16	60965000	60965999	19
chr16	60966000	60966999	3
chr16	60967000	60967999	0
chr16	60968000	60968999	3
chr16	60969000	60969999	3
chr16	60970000	60970999	0
chr16	60971000	60971999	3
chr16	60972000	60972999	0
chr16	60973000	60973999	0
chr16	60974000	60974999	7
chr16	60975000	60975999	8
chr16	60976000	60976999	8
chr16	60977000	60977999	0
chr16	60978000	60978999	9
chr16	60979000	60979999	13
chr16	60980000	60980999	0
chr16	60981000	60981999	0
chr16	60982000	60982999	18
chr16	60983000	60983999	14
chr16	60984000	60984999	0
chr16	60985000	60985999	0
chr16	60986000	60986999	0
chr16	60987000	60987999	5
chr16	60988000	60988999	23
chr16	60989000	60989999	0
chr16	60990000	60990999	19
chr16	60991000	60991999	17
chr16	60992000	60992999	3
chr16	60993000	60993999	1
chr16	60994000	60994999	32
chr16	60995000	60995999	17
chr16	60996000	60996999	5
chr16	60997000	60997999	2
chr16	60998000	60998999	7
chr16	60999000	60999999	0
chr16	61000000	61000999	0
chr16	61001000	61001999	6
chr16	61002000	61002999	0
chr16	61003000	61003999	9
chr16	61004000	61004999	35
chr16	61005000	61005999	9
chr16	61006000	61006999	14
chr16	61007000	61007999	5
chr16	61008000	61008999	16
chr16	61009000	61009999	22
chr16	61010000	61010999	0
chr16	61011000	61011999	7
chr16	61012000	61012999	8
chr16	61013000	61013999	11
chr16	61014000	61014999	0
chr16	61015000	61015999	0
chr16	61016000	61016999	10
chr16	61017000	61017999	2
chr16	61018000	61018999	0
chr16	61019000	61019999	17
chr16	61020000	61020999	12
chr16	61021000	61021999	24
chr16	61022000	61022999	0
chr16	61023000	61023999	20
chr16	61024000	61024999	13
chr16	61025000	61025999	21
chr16	61026000	61026999	5
chr16	61027000	61027999	5
chr16	61028000	61028999	0
chr16	61029000	61029999	21
chr16	61030000	61030999	9
chr16	61031000	61031999	11
chr16	61032000	61032999	12
chr16	61033000	61033999	10
chr16	61034000	61034999	0
chr16	61035000	61035999	6
chr16	61036000	61036999	7
chr16	61037000	61037999	2
chr16	61038000	61038999	0
chr16	61039000	61039999	3
chr16	61040000	61040999	0
chr16	61041000	61041999	3
chr16	61042000	61042999	0
chr16	61043000	61043999	19
chr16	61044000	61044999	4
chr16	61045000	61045999	10
chr16	61046000	61046999	17
chr16	61047000	61047999	13
chr16	61048000	61048999	0
chr16	61049000	61049999	4
chr16	61050000	61050999	9
chr16	61051000	61051999	6
chr16	61052000	61052999	7
chr16	61053000	61053999	10
chr16	61054000	61054999	6
chr16	61055000	61055999	7
chr16	61056000	61056999	11
chr16	61057000	61057999	13
chr16	61058000	61058999	5
chr16	61059000	61059999	10
chr16	61060000	61060999	5
chr16	61061000	61061999	2
chr16	61062000	61062999	6
chr16	61063000	61063999	31
chr16	61064000	61064999	9
chr16	61065000	61065999	2
chr16	61066000	61066999	8
chr16	61067000	61067999	0
chr16	61068000	61068999	1
chr16	61069000	61069999	7
chr16	61070000	61070999	4
chr16	61071000	61071999	0
chr16	61072000	61072999	4
chr16	61073000	61073999	6
chr16	61074000	61074999	0
chr16	61075000	61075999	14
chr16	61076000	61076999	1
chr16	61077000	61077999	5
chr16	61078000	61078999	12
chr16	61079000	61079999	7
chr16	61080000	61080999	0
chr16	61081000	61081999	0
chr16	61082000	61082999	4
chr16	61083000	61083999	5
chr16	61084000	61084999	21
chr16	61085000	61085999	26
chr16	61086000	61086999	10
chr16	61087000	61087999	3
chr16	61088000	61088999	9
chr16	61089000	61089999	4
chr16	61090000	61090999	7
chr16	61091000	61091999	12
chr16	61092000	61092999	0
chr16	61093000	61093999	5
chr16	61094000	61094999	7
chr16	61095000	61095999	6
chr16	61096000	61096999	0
chr16	61097000	61097999	0
chr16	61098000	61098999	0
chr16	61099000	61099999	0
chr16	61100000	61100999	7
chr16	61101000	61101999	0
chr16	61102000	61102999	11
chr16	61103000	61103999	12
chr16	61104000	61104999	0
chr16	61105000	61105999	2
chr16	61106000	61106999	13
chr16	61107000	61107999	24
chr16	61108000	61108999	22
chr16	61109000	61109999	16
chr16	61110000	61110999	14
chr16	61111000	61111999	10
chr16	61112000	61112999	0
chr16	61113000	61113999	0
chr16	61114000	61114999	0
chr16	61115000	61115999	34
chr16	61116000	61116999	0
chr16	61117000	61117999	3
chr16	61118000	61118999	0
chr16	61119000	61119999	4
chr16	61120000	61120999	23
chr16	61121000	61121999	11
chr16	61122000	61122999	9
chr16	61123000	61123999	4
chr16	61124000	61124999	30
chr16	61125000	61125999	0
chr16	61126000	61126999	3
chr16	61127000	61127999	12
chr16	61128000	61128999	6
chr16	61129000	61129999	0
chr16	61130000	61130999	6
chr16	61131000	61131999	0
chr16	61132000	61132999	16
chr16	61133000	61133999	6
chr16	61134000	61134999	0
chr16	61135000	61135999	2
chr16	61136000	61136999	15
chr16	61137000	61137999	0
chr16	61138000	61138999	1
chr16	61139000	61139999	3
chr16	61140000	61140999	0
chr16	61141000	61141999	13
chr16	61142000	61142999	14
chr16	61143000	61143999	17
chr16	61144000	61144999	10
chr16	61145000	61145999	14
chr16	61146000	61146999	0
chr16	61147000	61147999	8
chr16	61148000	61148999	11
chr16	61149000	61149999	32
chr16	61150000	61150999	4
chr16	61151000	61151999	25
chr16	61152000	61152999	0
chr16	61153000	61153999	15
chr16	61154000	61154999	0
chr16	61155000	61155999	0
chr16	61156000	61156999	0
chr16	61157000	61157999	0
chr16	61158000	61158999	2
chr16	61159000	61159999	0
chr16	61160000	61160999	9
chr16	61161000	61161999	9
chr16	61162000	61162999	0
chr16	61163000	61163999	8
chr16	61164000	61164999	0
chr16	61165000	61165999	7
chr16	61166000	61166999	10
chr16	61167000	61167999	2
chr16	61168000	61168999	7
chr16	61169000	61169999	7
chr16	61170000	61170999	0
chr16	61171000	61171999	3
chr16	61172000	61172999	6
chr16	61173000	61173999	0
chr16	61174000	61174999	17
chr16	61175000	61175999	10
chr16	61176000	61176999	10
chr16	61177000	61177999	6
chr16	61178000	61178999	19
chr16	61179000	61179999	3
chr16	61180000	61180999	8
chr16	61181000	61181999	0
chr16	61182000	61182999	10
chr16	61183000	61183999	0
chr16	61184000	61184999	0
chr16	61185000	61185999	0
chr16	61186000	61186999	7
chr16	61187000	61187999	2
chr16	61188000	61188999	21
chr16	61189000	61189999	18
chr16	61190000	61190999	0
chr16	61191000	61191999	0
chr16	61192000	61192999	0
chr16	61193000	61193999	18
chr16	61194000	61194999	13
chr16	61195000	61195999	0
chr16	61196000	61196999	5
chr16	61197000	61197999	11
chr16	61198000	61198999	29
chr16	61199000	61199999	5
chr16	61200000	61200999	9
chr16	61201000	61201999	0
chr16	61202000	61202999	0
chr16	61203000	61203999	18
chr16	61204000	61204999	12
chr16	61205000	61205999	8
chr16	61206000	61206999	0
chr16	61207000	61207999	2
chr16	61208000	61208999	0
chr16	61209000	61209999	6
chr16	61210000	61210999	5
chr16	61211000	61211999	0
chr16	61212000	61212999	13
chr16	61213000	61213999	2
chr16	61214000	61214999	2
chr16	61215000	61215999	7
chr16	61216000	61216999	17
chr16	61217000	61217999	13
chr16	61218000	61218999	7
chr16	61219000	61219999	0
chr16	61220000	61220999	6
chr16	61221000	61221999	4
chr16	61222000	61222999	26
chr16	61223000	61223999	6
chr16	61224000	61224999	4
chr16	61225000	61225999	6
chr16	61226000	61226999	5
chr16	61227000	61227999	7
chr16	61228000	61228999	0
chr16	61229000	61229999	0
chr16	61230000	61230999	0
chr16	61231000	61231999	2
chr16	61232000	61232999	0
chr16	61233000	61233999	2
chr16	61234000	61234999	9
chr16	61235000	61235999	7
chr16	61236000	61236999	6
chr16	61237000	61237999	0
chr16	61238000	61238999	7
chr16	61239000	61239999	34
chr16	61240000	61240999	0
chr16	61241000	61241999	4
chr16	61242000	61242999	5
chr16	61243000	61243999	12
chr16	61244000	61244999	2
chr16	61245000	61245999	4
chr16	61246000	61246999	55
chr16	61247000	61247999	8
chr16	61248000	61248999	11
chr16	61249000	61249999	18
chr16	61250000	61250999	1
chr16	61251000	61251999	0
chr16	61252000	61252999	5
chr16	61253000	61253999	1
chr16	61254000	61254999	0
chr16	61255000	61255999	3
chr16	61256000	61256999	0
chr16	61257000	61257999	0
chr16	61258000	61258999	2
chr16	61259000	61259999	12
chr16	61260000	61260999	8
chr16	61261000	61261999	4
chr16	61262000	61262999	11
chr16	61263000	61263999	0
chr16	61264000	61264999	7
chr16	61265000	61265999	11
chr16	61266000	61266999	6
chr16	61267000	61267999	1
chr16	61268000	61268999	17
chr16	61269000	61269999	14
chr16	61270000	61270999	4
chr16	61271000	61271999	2
chr16	61272000	61272999	10
chr16	61273000	61273999	1
chr16	61274000	61274999	13
chr16	61275000	61275999	5
chr16	61276000	61276999	11
chr16	61277000	61277999	0
chr16	61278000	61278999	0
chr16	61279000	61279999	6
chr16	61280000	61280999	1
chr16	61281000	61281999	0
chr16	61282000	61282999	10
chr16	61283000	61283999	0
chr16	61284000	61284999	0
chr16	61285000	61285999	3
chr16	61286000	61286999	1
chr16	61287000	61287999	3
chr16	61288000	61288999	2
chr16	61289000	61289999	2
chr16	61290000	61290999	7
chr16	61291000	61291999	0
chr16	61292000	61292999	4
chr16	61293000	61293999	0
chr16	61294000	61294999	2
chr16	61295000	61295999	30
chr16	61296000	61296999	0
chr16	61297000	61297999	19
chr16	61298000	61298999	4
chr16	61299000	61299999	18
chr16	61300000	61300999	12
chr16	61301000	61301999	42
chr16	61302000	61302999	23
chr16	61303000	61303999	7
chr16	61304000	61304999	3
chr16	61305000	61305999	10
chr16	61306000	61306999	13
chr16	61307000	61307999	6
chr16	61308000	61308999	3
chr16	61309000	61309999	7
chr16	61310000	61310999	0
chr16	61311000	61311999	12
chr16	61312000	61312999	11
chr16	61313000	61313999	0
chr16	61314000	61314999	0
chr16	61315000	61315999	0
chr16	61316000	61316999	0
chr16	61317000	61317999	9
chr16	61318000	61318999	6
chr16	61319000	61319999	0
chr16	61320000	61320999	1
chr16	61321000	61321999	10
chr16	61322000	61322999	0
chr16	61323000	61323999	7
chr16	61324000	61324999	0
chr16	61325000	61325999	4
chr16	61326000	61326999	5
chr16	61327000	61327999	0
chr16	61328000	61328999	0
chr16	61329000	61329999	30
chr16	61330000	61330999	26
chr16	61331000	61331999	0
chr16	61332000	61332999	6
chr16	61333000	61333999	4
chr16	61334000	61334999	3
chr16	61335000	61335999	6
chr16	61336000	61336999	0
chr16	61337000	61337999	0
chr16	61338000	61338999	6
chr16	61339000	61339999	13
chr16	61340000	61340999	0
chr16	61341000	61341999	12
chr16	61342000	61342999	0
chr16	61343000	61343999	7
chr16	61344000	61344999	0
chr16	61345000	61345999	12
chr16	61346000	61346999	6
chr16	61347000	61347999	7
chr16	61348000	61348999	7
chr16	61349000	61349999	25
chr16	61350000	61350999	2
chr16	61351000	61351999	2
chr16	61352000	61352999	8
chr16	61353000	61353999	29
chr16	61354000	61354999	5
chr16	61355000	61355999	0
chr16	61356000	61356999	13
chr16	61357000	61357999	0
chr16	61358000	61358999	0
chr16	61359000	61359999	13
chr16	61360000	61360999	10
chr16	61361000	61361999	4
chr16	61362000	61362999	15
chr16	61363000	61363999	12
chr16	61364000	61364999	0
chr16	61365000	61365999	0
chr16	61366000	61366999	0
chr16	61367000	61367999	0
chr16	61368000	61368999	0
chr16	61369000	61369999	0
chr16	61370000	61370999	20
chr16	61371000	61371999	26
chr16	61372000	61372999	6
chr16	61373000	61373999	6
chr16	61374000	61374999	9
chr16	61375000	61375999	14
chr16	61376000	61376999	3
chr16	61377000	61377999	0
chr16	61378000	61378999	0
chr16	61379000	61379999	0
chr16	61380000	61380999	1
chr16	61381000	61381999	6
chr16	61382000	61382999	9
chr16	61383000	61383999	0
chr16	61384000	61384999	17
chr16	61385000	61385999	0
chr16	61386000	61386999	0
chr16	61387000	61387999	4
chr16	61388000	61388999	10
chr16	61389000	61389999	15
chr16	61390000	61390999	4
chr16	61391000	61391999	33
chr16	61392000	61392999	9
chr16	61393000	61393999	14
chr16	61394000	61394999	16
chr16	61395000	61395999	0
chr16	61396000	61396999	8
chr16	61397000	61397999	11
chr16	61398000	61398999	7
chr16	61399000	61399999	8
chr16	61400000	61400999	22
chr16	61401000	61401999	0
chr16	61402000	61402999	13
chr16	61403000	61403999	16
chr16	61404000	61404999	0
chr16	61405000	61405999	3
chr16	61406000	61406999	10
chr16	61407000	61407999	12
chr16	61408000	61408999	8
chr16	61409000	61409999	30
chr16	61410000	61410999	21
chr16	61411000	61411999	5
chr16	61412000	61412999	20
chr16	61413000	61413999	7
chr16	61414000	61414999	10
chr16	61415000	61415999	15
chr16	61416000	61416999	21
chr16	61417000	61417999	0
chr16	61418000	61418999	0
chr16	61419000	61419999	0
chr16	61420000	61420999	17
chr16	61421000	61421999	3
chr16	61422000	61422999	14
chr16	61423000	61423999	3
chr16	61424000	61424999	0
chr16	61425000	61425999	14
chr16	61426000	61426999	5
chr16	61427000	61427999	26
chr16	61428000	61428999	21
chr16	61429000	61429999	0
chr16	61430000	61430999	2
chr16	61431000	61431999	8
chr16	61432000	61432999	8
chr16	61433000	61433999	0
chr16	61434000	61434999	11
chr16	61435000	61435999	5
chr16	61436000	61436999	8
chr16	61437000	61437999	0
chr16	61438000	61438999	16
chr16	61439000	61439999	4
chr16	61440000	61440999	0
chr16	61441000	61441999	0
chr16	61442000	61442999	9
chr16	61443000	61443999	6
chr16	61444000	61444999	13
chr16	61445000	61445999	23
chr16	61446000	61446999	0
chr16	61447000	61447999	3
chr16	61448000	61448999	7
chr16	61449000	61449999	7
chr16	61450000	61450999	15
chr16	61451000	61451999	10
chr16	61452000	61452999	15
chr16	61453000	61453999	0
chr16	61454000	61454999	6
chr16	61455000	61455999	4
chr16	61456000	61456999	10
chr16	61457000	61457999	3
chr16	61458000	61458999	11
chr16	61459000	61459999	6
chr16	61460000	61460999	13
chr16	61461000	61461999	15
chr16	61462000	61462999	2
chr16	61463000	61463999	11
chr16	61464000	61464999	17
chr16	61465000	61465999	11
chr16	61466000	61466999	7
chr16	61467000	61467999	22
chr16	61468000	61468999	3
chr16	61469000	61469999	8
chr16	61470000	61470999	0
chr16	61471000	61471999	13
chr16	61472000	61472999	8
chr16	61473000	61473999	22
chr16	61474000	61474999	7
chr16	61475000	61475999	13
chr16	61476000	61476999	19
chr16	61477000	61477999	10
chr16	61478000	61478999	8
chr16	61479000	61479999	7
chr16	61480000	61480999	28
chr16	61481000	61481999	4
chr16	61482000	61482999	0
chr16	61483000	61483999	9
chr16	61484000	61484999	4
chr16	61485000	61485999	13
chr16	61486000	61486999	12
chr16	61487000	61487999	7
chr16	61488000	61488999	0
chr16	61489000	61489999	0
chr16	61490000	61490999	0
chr16	61491000	61491999	0
chr16	61492000	61492999	0
chr16	61493000	61493999	7
chr16	61494000	61494999	26
chr16	61495000	61495999	15
chr16	61496000	61496999	5
chr16	61497000	61497999	0
chr16	61498000	61498999	9
chr16	61499000	61499999	0
chr16	61500000	61500999	17
chr16	61501000	61501999	16
chr16	61502000	61502999	24
chr16	61503000	61503999	6
chr16	61504000	61504999	13
chr16	61505000	61505999	2
chr16	61506000	61506999	30
chr16	61507000	61507999	8
chr16	61508000	61508999	21
chr16	61509000	61509999	9
chr16	61510000	61510999	7
chr16	61511000	61511999	7
chr16	61512000	61512999	1
chr16	61513000	61513999	16
chr16	61514000	61514999	6
chr16	61515000	61515999	3
chr16	61516000	61516999	4
chr16	61517000	61517999	0
chr16	61518000	61518999	9
chr16	61519000	61519999	0
chr16	61520000	61520999	11
chr16	61521000	61521999	2
chr16	61522000	61522999	0
chr16	61523000	61523999	0
chr16	61524000	61524999	0
chr16	61525000	61525999	7
chr16	61526000	61526999	0
chr16	61527000	61527999	2
chr16	61528000	61528999	3
chr16	61529000	61529999	15
chr16	61530000	61530999	3
chr16	61531000	61531999	40
chr16	61532000	61532999	0
chr16	61533000	61533999	11
chr16	61534000	61534999	24
chr16	61535000	61535999	14
chr16	61536000	61536999	18
chr16	61537000	61537999	15
chr16	61538000	61538999	26
chr16	61539000	61539999	2
chr16	61540000	61540999	0
chr16	61541000	61541999	20
chr16	61542000	61542999	4
chr16	61543000	61543999	0
chr16	61544000	61544999	10
chr16	61545000	61545999	13
chr16	61546000	61546999	10
chr16	61547000	61547999	0
chr16	61548000	61548999	0
chr16	61549000	61549999	8
chr16	61550000	61550999	0
chr16	61551000	61551999	7
chr16	61552000	61552999	5
chr16	61553000	61553999	26
chr16	61554000	61554999	13
chr16	61555000	61555999	13
chr16	61556000	61556999	16
chr16	61557000	61557999	0
chr16	61558000	61558999	4
chr16	61559000	61559999	0
chr16	61560000	61560999	0
chr16	61561000	61561999	2
chr16	61562000	61562999	0
chr16	61563000	61563999	21
chr16	61564000	61564999	20
chr16	61565000	61565999	0
chr16	61566000	61566999	16
chr16	61567000	61567999	14
chr16	61568000	61568999	14
chr16	61569000	61569999	0
chr16	61570000	61570999	9
chr16	61571000	61571999	0
chr16	61572000	61572999	1
chr16	61573000	61573999	2
chr16	61574000	61574999	0
chr16	61575000	61575999	2
chr16	61576000	61576999	24
chr16	61577000	61577999	7
chr16	61578000	61578999	16
chr16	61579000	61579999	29
chr16	61580000	61580999	22
chr16	61581000	61581999	4
chr16	61582000	61582999	0
chr16	61583000	61583999	20
chr16	61584000	61584999	7
chr16	61585000	61585999	0
chr16	61586000	61586999	23
chr16	61587000	61587999	5
chr16	61588000	61588999	1
chr16	61589000	61589999	0
chr16	61590000	61590999	3
chr16	61591000	61591999	0
chr16	61592000	61592999	0
chr16	61593000	61593999	0
chr16	61594000	61594999	4
chr16	61595000	61595999	0
chr16	61596000	61596999	4
chr16	61597000	61597999	0
chr16	61598000	61598999	12
chr16	61599000	61599999	5
chr16	61600000	61600999	6
chr16	61601000	61601999	16
chr16	61602000	61602999	4
chr16	61603000	61603999	0
chr16	61604000	61604999	0
chr16	61605000	61605999	0
chr16	61606000	61606999	0
chr16	61607000	61607999	0
chr16	61608000	61608999	7
chr16	61609000	61609999	2
chr16	61610000	61610999	8
chr16	61611000	61611999	6
chr16	61612000	61612999	0
chr16	61613000	61613999	0
chr16	61614000	61614999	15
chr16	61615000	61615999	5
chr16	61616000	61616999	1
chr16	61617000	61617999	0
chr16	61618000	61618999	8
chr16	61619000	61619999	1
chr16	61620000	61620999	4
chr16	61621000	61621999	6
chr16	61622000	61622999	8
chr16	61623000	61623999	0
chr16	61624000	61624999	4
chr16	61625000	61625999	3
chr16	61626000	61626999	22
chr16	61627000	61627999	13
chr16	61628000	61628999	2
chr16	61629000	61629999	1
chr16	61630000	61630999	0
chr16	61631000	61631999	13
chr16	61632000	61632999	0
chr16	61633000	61633999	0
chr16	61634000	61634999	3
chr16	61635000	61635999	15
chr16	61636000	61636999	7
chr16	61637000	61637999	10
chr16	61638000	61638999	10
chr16	61639000	61639999	8
chr16	61640000	61640999	16
chr16	61641000	61641999	0
chr16	61642000	61642999	29
chr16	61643000	61643999	12
chr16	61644000	61644999	13
chr16	61645000	61645999	9
chr16	61646000	61646999	11
chr16	61647000	61647999	3
chr16	61648000	61648999	2
chr16	61649000	61649999	7
chr16	61650000	61650999	15
chr16	61651000	61651999	11
chr16	61652000	61652999	25
chr16	61653000	61653999	14
chr16	61654000	61654999	30
chr16	61655000	61655999	1
chr16	61656000	61656999	7
chr16	61657000	61657999	5
chr16	61658000	61658999	0
chr16	61659000	61659999	3
chr16	61660000	61660999	0
chr16	61661000	61661999	0
chr16	61662000	61662999	6
chr16	61663000	61663999	6
chr16	61664000	61664999	5
chr16	61665000	61665999	10
chr16	61666000	61666999	0
chr16	61667000	61667999	0
chr16	61668000	61668999	26
chr16	61669000	61669999	8
chr16	61670000	61670999	9
chr16	61671000	61671999	0
chr16	61672000	61672999	0
chr16	61673000	61673999	12
chr16	61674000	61674999	5
chr16	61675000	61675999	0
chr16	61676000	61676999	4
chr16	61677000	61677999	16
chr16	61678000	61678999	6
chr16	61679000	61679999	10
chr16	61680000	61680999	12
chr16	61681000	61681999	13
chr16	61682000	61682999	10
chr16	61683000	61683999	0
chr16	61684000	61684999	9
chr16	61685000	61685999	1
chr16	61686000	61686999	10
chr16	61687000	61687999	5
chr16	61688000	61688999	0
chr16	61689000	61689999	5
chr16	61690000	61690999	13
chr16	61691000	61691999	11
chr16	61692000	61692999	18
chr16	61693000	61693999	7
chr16	61694000	61694999	9
chr16	61695000	61695999	0
chr16	61696000	61696999	9
chr16	61697000	61697999	9
chr16	61698000	61698999	8
chr16	61699000	61699999	10
chr16	61700000	61700999	0
chr16	61701000	61701999	3
chr16	61702000	61702999	0
chr16	61703000	61703999	6
chr16	61704000	61704999	12
chr16	61705000	61705999	15
chr16	61706000	61706999	2
chr16	61707000	61707999	3
chr16	61708000	61708999	0
chr16	61709000	61709999	0
chr16	61710000	61710999	0
chr16	61711000	61711999	0
chr16	61712000	61712999	0
chr16	61713000	61713999	0
chr16	61714000	61714999	0
chr16	61715000	61715999	0
chr16	61716000	61716999	4
chr16	61717000	61717999	0
chr16	61718000	61718999	15
chr16	61719000	61719999	25
chr16	61720000	61720999	8
chr16	61721000	61721999	4
chr16	61722000	61722999	22
chr16	61723000	61723999	23
chr16	61724000	61724999	11
chr16	61725000	61725999	0
chr16	61726000	61726999	20
chr16	61727000	61727999	5
chr16	61728000	61728999	11
chr16	61729000	61729999	0
chr16	61730000	61730999	5
chr16	61731000	61731999	16
chr16	61732000	61732999	33
chr16	61733000	61733999	10
chr16	61734000	61734999	22
chr16	61735000	61735999	25
chr16	61736000	61736999	3
chr16	61737000	61737999	0
chr16	61738000	61738999	16
chr16	61739000	61739999	17
chr16	61740000	61740999	0
chr16	61741000	61741999	5
chr16	61742000	61742999	0
chr16	61743000	61743999	5
chr16	61744000	61744999	2
chr16	61745000	61745999	2
chr16	61746000	61746999	0
chr16	61747000	61747999	0
chr16	61748000	61748999	0
chr16	61749000	61749999	23
chr16	61750000	61750999	0
chr16	61751000	61751999	9
chr16	61752000	61752999	0
chr16	61753000	61753999	16
chr16	61754000	61754999	9
chr16	61755000	61755999	0
chr16	61756000	61756999	12
chr16	61757000	61757999	2
chr16	61758000	61758999	5
chr16	61759000	61759999	0
chr16	61760000	61760999	0
chr16	61761000	61761999	9
chr16	61762000	61762999	14
chr16	61763000	61763999	10
chr16	61764000	61764999	5
chr16	61765000	61765999	0
chr16	61766000	61766999	3
chr16	61767000	61767999	20
chr16	61768000	61768999	0
chr16	61769000	61769999	16
chr16	61770000	61770999	8
chr16	61771000	61771999	15
chr16	61772000	61772999	12
chr16	61773000	61773999	16
chr16	61774000	61774999	0
chr16	61775000	61775999	0
chr16	61776000	61776999	1
chr16	61777000	61777999	10
chr16	61778000	61778999	7
chr16	61779000	61779999	0
chr16	61780000	61780999	12
chr16	61781000	61781999	8
chr16	61782000	61782999	8
chr16	61783000	61783999	0
chr16	61784000	61784999	5
chr16	61785000	61785999	9
chr16	61786000	61786999	9
chr16	61787000	61787999	8
chr16	61788000	61788999	0
chr16	61789000	61789999	4
chr16	61790000	61790999	9
chr16	61791000	61791999	0
chr16	61792000	61792999	4
chr16	61793000	61793999	0
chr16	61794000	61794999	11
chr16	61795000	61795999	21
chr16	61796000	61796999	0
chr16	61797000	61797999	3
chr16	61798000	61798999	20
chr16	61799000	61799999	2
chr16	61800000	61800999	12
chr16	61801000	61801999	0
chr16	61802000	61802999	7
chr16	61803000	61803999	2
chr16	61804000	61804999	0
chr16	61805000	61805999	0
chr16	61806000	61806999	6
chr16	61807000	61807999	0
chr16	61808000	61808999	3
chr16	61809000	61809999	5
chr16	61810000	61810999	4
chr16	61811000	61811999	0
chr16	61812000	61812999	41
chr16	61813000	61813999	5
chr16	61814000	61814999	1
chr16	61815000	61815999	0
chr16	61816000	61816999	0
chr16	61817000	61817999	0
chr16	61818000	61818999	0
chr16	61819000	61819999	6
chr16	61820000	61820999	4
chr16	61821000	61821999	18
chr16	61822000	61822999	0
chr16	61823000	61823999	0
chr16	61824000	61824999	0
chr16	61825000	61825999	8
chr16	61826000	61826999	2
chr16	61827000	61827999	7
chr16	61828000	61828999	2
chr16	61829000	61829999	11
chr16	61830000	61830999	1
chr16	61831000	61831999	6
chr16	61832000	61832999	29
chr16	61833000	61833999	0
chr16	61834000	61834999	25
chr16	61835000	61835999	15
chr16	61836000	61836999	22
chr16	61837000	61837999	0
chr16	61838000	61838999	13
chr16	61839000	61839999	0
chr16	61840000	61840999	13
chr16	61841000	61841999	4
chr16	61842000	61842999	35
chr16	61843000	61843999	0
chr16	61844000	61844999	6
chr16	61845000	61845999	0
chr16	61846000	61846999	22
chr16	61847000	61847999	9
chr16	61848000	61848999	0
chr16	61849000	61849999	13
chr16	61850000	61850999	15
chr16	61851000	61851999	17
chr16	61852000	61852999	15
chr16	61853000	61853999	2
chr16	61854000	61854999	0
chr16	61855000	61855999	0
chr16	61856000	61856999	0
chr16	61857000	61857999	0
chr16	61858000	61858999	0
chr16	61859000	61859999	0
chr16	61860000	61860999	5
chr16	61861000	61861999	15
chr16	61862000	61862999	6
chr16	61863000	61863999	16
chr16	61864000	61864999	5
chr16	61865000	61865999	8
chr16	61866000	61866999	4
chr16	61867000	61867999	6
chr16	61868000	61868999	24
chr16	61869000	61869999	15
chr16	61870000	61870999	18
chr16	61871000	61871999	31
chr16	61872000	61872999	0
chr16	61873000	61873999	1
chr16	61874000	61874999	11
chr16	61875000	61875999	14
chr16	61876000	61876999	12
chr16	61877000	61877999	6
chr16	61878000	61878999	21
chr16	61879000	61879999	0
chr16	61880000	61880999	0
chr16	61881000	61881999	5
chr16	61882000	61882999	5
chr16	61883000	61883999	1
chr16	61884000	61884999	0
chr16	61885000	61885999	0
chr16	61886000	61886999	8
chr16	61887000	61887999	0
chr16	61888000	61888999	0
chr16	61889000	61889999	6
chr16	61890000	61890999	0
chr16	61891000	61891999	21
chr16	61892000	61892999	0
chr16	61893000	61893999	36
chr16	61894000	61894999	3
chr16	61895000	61895999	10
chr16	61896000	61896999	25
chr16	61897000	61897999	29
chr16	61898000	61898999	0
chr16	61899000	61899999	2
chr16	61900000	61900999	3
chr16	61901000	61901999	3
chr16	61902000	61902999	0
chr16	61903000	61903999	7
chr16	61904000	61904999	7
chr16	61905000	61905999	0
chr16	61906000	61906999	0
chr16	61907000	61907999	11
chr16	61908000	61908999	2
chr16	61909000	61909999	27
chr16	61910000	61910999	5
chr16	61911000	61911999	12
chr16	61912000	61912999	30
chr16	61913000	61913999	12
chr16	61914000	61914999	1
chr16	61915000	61915999	3
chr16	61916000	61916999	0
chr16	61917000	61917999	2
chr16	61918000	61918999	0
chr16	61919000	61919999	32
chr16	61920000	61920999	7
chr16	61921000	61921999	0
chr16	61922000	61922999	26
chr16	61923000	61923999	10
chr16	61924000	61924999	5
chr16	61925000	61925999	9
chr16	61926000	61926999	23
chr16	61927000	61927999	12
chr16	61928000	61928999	1
chr16	61929000	61929999	25
chr16	61930000	61930999	25
chr16	61931000	61931999	13
chr16	61932000	61932999	0
chr16	61933000	61933999	0
chr16	61934000	61934999	0
chr16	61935000	61935999	0
chr16	61936000	61936999	9
chr16	61937000	61937999	0
chr16	61938000	61938999	12
chr16	61939000	61939999	0
chr16	61940000	61940999	0
chr16	61941000	61941999	15
chr16	61942000	61942999	9
chr16	61943000	61943999	15
chr16	61944000	61944999	11
chr16	61945000	61945999	19
chr16	61946000	61946999	5
chr16	61947000	61947999	1
chr16	61948000	61948999	0
chr16	61949000	61949999	0
chr16	61950000	61950999	8
chr16	61951000	61951999	0
chr16	61952000	61952999	0
chr16	61953000	61953999	7
chr16	61954000	61954999	12
chr16	61955000	61955999	3
chr16	61956000	61956999	12
chr16	61957000	61957999	6
chr16	61958000	61958999	4
chr16	61959000	61959999	0
chr16	61960000	61960999	0
chr16	61961000	61961999	0
chr16	61962000	61962999	7
chr16	61963000	61963999	19
chr16	61964000	61964999	0
chr16	61965000	61965999	9
chr16	61966000	61966999	0
chr16	61967000	61967999	0
chr16	61968000	61968999	0
chr16	61969000	61969999	10
chr16	61970000	61970999	14
chr16	61971000	61971999	8
chr16	61972000	61972999	0
chr16	61973000	61973999	7
chr16	61974000	61974999	0
chr16	61975000	61975999	3
chr16	61976000	61976999	0
chr16	61977000	61977999	16
chr16	61978000	61978999	1
chr16	61979000	61979999	0
chr16	61980000	61980999	3
chr16	61981000	61981999	0
chr16	61982000	61982999	7
chr16	61983000	61983999	7
chr16	61984000	61984999	0
chr16	61985000	61985999	0
chr16	61986000	61986999	12
chr16	61987000	61987999	11
chr16	61988000	61988999	5
chr16	61989000	61989999	10
chr16	61990000	61990999	3
chr16	61991000	61991999	3
chr16	61992000	61992999	0
chr16	61993000	61993999	0
chr16	61994000	61994999	0
chr16	61995000	61995999	0
chr16	61996000	61996999	0
chr16	61997000	61997999	3
chr16	61998000	61998999	13
chr16	61999000	61999999	3
chr16	62000000	62000999	24
chr16	62001000	62001999	3
chr16	62002000	62002999	0
chr16	62003000	62003999	0
chr16	62004000	62004999	11
chr16	62005000	62005999	1
chr16	62006000	62006999	5
chr16	62007000	62007999	0
chr16	62008000	62008999	8
chr16	62009000	62009999	6
chr16	62010000	62010999	0
chr16	62011000	62011999	6
chr16	62012000	62012999	1
chr16	62013000	62013999	13
chr16	62014000	62014999	2
chr16	62015000	62015999	8
chr16	62016000	62016999	23
chr16	62017000	62017999	1
chr16	62018000	62018999	4
chr16	62019000	62019999	2
chr16	62020000	62020999	5
chr16	62021000	62021999	9
chr16	62022000	62022999	5
chr16	62023000	62023999	20
chr16	62024000	62024999	18
chr16	62025000	62025999	12
chr16	62026000	62026999	12
chr16	62027000	62027999	21
chr16	62028000	62028999	20
chr16	62029000	62029999	0
chr16	62030000	62030999	24
chr16	62031000	62031999	11
chr16	62032000	62032999	0
chr16	62033000	62033999	3
chr16	62034000	62034999	16
chr16	62035000	62035999	0
chr16	62036000	62036999	12
chr16	62037000	62037999	12
chr16	62038000	62038999	25
chr16	62039000	62039999	0
chr16	62040000	62040999	0
chr16	62041000	62041999	1
chr16	62042000	62042999	37
chr16	62043000	62043999	10
chr16	62044000	62044999	12
chr16	62045000	62045999	3
chr16	62046000	62046999	4
chr16	62047000	62047999	10
chr16	62048000	62048999	7
chr16	62049000	62049999	15
chr16	62050000	62050999	15
chr16	62051000	62051999	10
chr16	62052000	62052999	22
chr16	62053000	62053999	4
chr16	62054000	62054999	7
chr16	62055000	62055999	0
chr16	62056000	62056999	2
chr16	62057000	62057999	4
chr16	62058000	62058999	16
chr16	62059000	62059999	1
chr16	62060000	62060999	8
chr16	62061000	62061999	16
chr16	62062000	62062999	6
chr16	62063000	62063999	17
chr16	62064000	62064999	3
chr16	62065000	62065999	16
chr16	62066000	62066999	0
chr16	62067000	62067999	12
chr16	62068000	62068999	12
chr16	62069000	62069999	19
chr16	62070000	62070999	13
chr16	62071000	62071999	2
chr16	62072000	62072999	9
chr16	62073000	62073999	8
chr16	62074000	62074999	2
chr16	62075000	62075999	5
chr16	62076000	62076999	0
chr16	62077000	62077999	5
chr16	62078000	62078999	10
chr16	62079000	62079999	19
chr16	62080000	62080999	10
chr16	62081000	62081999	8
chr16	62082000	62082999	1
chr16	62083000	62083999	3
chr16	62084000	62084999	0
chr16	62085000	62085999	6
chr16	62086000	62086999	7
chr16	62087000	62087999	2
chr16	62088000	62088999	6
chr16	62089000	62089999	0
chr16	62090000	62090999	22
chr16	62091000	62091999	5
chr16	62092000	62092999	0
chr16	62093000	62093999	0
chr16	62094000	62094999	17
chr16	62095000	62095999	4
chr16	62096000	62096999	33
chr16	62097000	62097999	24
chr16	62098000	62098999	23
chr16	62099000	62099999	0
chr16	62100000	62100999	10
chr16	62101000	62101999	0
chr16	62102000	62102999	0
chr16	62103000	62103999	18
chr16	62104000	62104999	6
chr16	62105000	62105999	24
chr16	62106000	62106999	0
chr16	62107000	62107999	16
chr16	62108000	62108999	23
chr16	62109000	62109999	12
chr16	62110000	62110999	16
chr16	62111000	62111999	2
chr16	62112000	62112999	0
chr16	62113000	62113999	10
chr16	62114000	62114999	4
chr16	62115000	62115999	9
chr16	62116000	62116999	14
chr16	62117000	62117999	12
chr16	62118000	62118999	5
chr16	62119000	62119999	11
chr16	62120000	62120999	33
chr16	62121000	62121999	13
chr16	62122000	62122999	9
chr16	62123000	62123999	0
chr16	62124000	62124999	0
chr16	62125000	62125999	38
chr16	62126000	62126999	4
chr16	62127000	62127999	0
chr16	62128000	62128999	3
chr16	62129000	62129999	5
chr16	62130000	62130999	2
chr16	62131000	62131999	34
chr16	62132000	62132999	5
chr16	62133000	62133999	3
chr16	62134000	62134999	0
chr16	62135000	62135999	4
chr16	62136000	62136999	14
chr16	62137000	62137999	19
chr16	62138000	62138999	27
chr16	62139000	62139999	4
chr16	62140000	62140999	7
chr16	62141000	62141999	5
chr16	62142000	62142999	9
chr16	62143000	62143999	10
chr16	62144000	62144999	5
chr16	62145000	62145999	24
chr16	62146000	62146999	0
chr16	62147000	62147999	0
chr16	62148000	62148999	30
chr16	62149000	62149999	21
chr16	62150000	62150999	0
chr16	62151000	62151999	3
chr16	62152000	62152999	8
chr16	62153000	62153999	15
chr16	62154000	62154999	0
chr16	62155000	62155999	16
chr16	62156000	62156999	5
chr16	62157000	62157999	0
chr16	62158000	62158999	0
chr16	62159000	62159999	30
chr16	62160000	62160999	0
chr16	62161000	62161999	0
chr16	62162000	62162999	0
chr16	62163000	62163999	10
chr16	62164000	62164999	6
chr16	62165000	62165999	0
chr16	62166000	62166999	0
chr16	62167000	62167999	0
chr16	62168000	62168999	0
chr16	62169000	62169999	0
chr16	62170000	62170999	11
chr16	62171000	62171999	0
chr16	62172000	62172999	3
chr16	62173000	62173999	4
chr16	62174000	62174999	0
chr16	62175000	62175999	4
chr16	62176000	62176999	8
chr16	62177000	62177999	7
chr16	62178000	62178999	14
chr16	62179000	62179999	11
chr16	62180000	62180999	3
chr16	62181000	62181999	18
chr16	62182000	62182999	10
chr16	62183000	62183999	41
chr16	62184000	62184999	5
chr16	62185000	62185999	13
chr16	62186000	62186999	0
chr16	62187000	62187999	2
chr16	62188000	62188999	16
chr16	62189000	62189999	6
chr16	62190000	62190999	10
chr16	62191000	62191999	7
chr16	62192000	62192999	7
chr16	62193000	62193999	4
chr16	62194000	62194999	4
chr16	62195000	62195999	14
chr16	62196000	62196999	0
chr16	62197000	62197999	9
chr16	62198000	62198999	0
chr16	62199000	62199999	0
chr16	62200000	62200999	0
chr16	62201000	62201999	0
chr16	62202000	62202999	0
chr16	62203000	62203999	0
chr16	62204000	62204999	0
chr16	62205000	62205999	8
chr16	62206000	62206999	0
chr16	62207000	62207999	0
chr16	62208000	62208999	7
chr16	62209000	62209999	6
chr16	62210000	62210999	40
chr16	62211000	62211999	3
chr16	62212000	62212999	17
chr16	62213000	62213999	27
chr16	62214000	62214999	13
chr16	62215000	62215999	4
chr16	62216000	62216999	2
chr16	62217000	62217999	10
chr16	62218000	62218999	4
chr16	62219000	62219999	6
chr16	62220000	62220999	8
chr16	62221000	62221999	12
chr16	62222000	62222999	2
chr16	62223000	62223999	15
chr16	62224000	62224999	5
chr16	62225000	62225999	25
chr16	62226000	62226999	10
chr16	62227000	62227999	23
chr16	62228000	62228999	0
chr16	62229000	62229999	2
chr16	62230000	62230999	3
chr16	62231000	62231999	9
chr16	62232000	62232999	0
chr16	62233000	62233999	0
chr16	62234000	62234999	7
chr16	62235000	62235999	11
chr16	62236000	62236999	5
chr16	62237000	62237999	14
chr16	62238000	62238999	10
chr16	62239000	62239999	2
chr16	62240000	62240999	16
chr16	62241000	62241999	2
chr16	62242000	62242999	7
chr16	62243000	62243999	0
chr16	62244000	62244999	18
chr16	62245000	62245999	1
chr16	62246000	62246999	0
chr16	62247000	62247999	24
chr16	62248000	62248999	16
chr16	62249000	62249999	0
chr16	62250000	62250999	2
chr16	62251000	62251999	18
chr16	62252000	62252999	6
chr16	62253000	62253999	6
chr16	62254000	62254999	17
chr16	62255000	62255999	0
chr16	62256000	62256999	18
chr16	62257000	62257999	11
chr16	62258000	62258999	6
chr16	62259000	62259999	14
chr16	62260000	62260999	0
chr16	62261000	62261999	0
chr16	62262000	62262999	4
chr16	62263000	62263999	0
chr16	62264000	62264999	27
chr16	62265000	62265999	16
chr16	62266000	62266999	0
chr16	62267000	62267999	0
chr16	62268000	62268999	12
chr16	62269000	62269999	10
chr16	62270000	62270999	7
chr16	62271000	62271999	6
chr16	62272000	62272999	12
chr16	62273000	62273999	0
chr16	62274000	62274999	0
chr16	62275000	62275999	0
chr16	62276000	62276999	0
chr16	62277000	62277999	11
chr16	62278000	62278999	8
chr16	62279000	62279999	36
chr16	62280000	62280999	11
chr16	62281000	62281999	3
chr16	62282000	62282999	3
chr16	62283000	62283999	4
chr16	62284000	62284999	13
chr16	62285000	62285999	10
chr16	62286000	62286999	2
chr16	62287000	62287999	1
chr16	62288000	62288999	0
chr16	62289000	62289999	8
chr16	62290000	62290999	17
chr16	62291000	62291999	7
chr16	62292000	62292999	0
chr16	62293000	62293999	0
chr16	62294000	62294999	6
chr16	62295000	62295999	10
chr16	62296000	62296999	12
chr16	62297000	62297999	8
chr16	62298000	62298999	12
chr16	62299000	62299999	9
chr16	62300000	62300999	0
chr16	62301000	62301999	3
chr16	62302000	62302999	9
chr16	62303000	62303999	6
chr16	62304000	62304999	0
chr16	62305000	62305999	0
chr16	62306000	62306999	14
chr16	62307000	62307999	7
chr16	62308000	62308999	8
chr16	62309000	62309999	0
chr16	62310000	62310999	0
chr16	62311000	62311999	0
chr16	62312000	62312999	0
chr16	62313000	62313999	0
chr16	62314000	62314999	0
chr16	62315000	62315999	0
chr16	62316000	62316999	0
chr16	62317000	62317999	4
chr16	62318000	62318999	24
chr16	62319000	62319999	13
chr16	62320000	62320999	0
chr16	62321000	62321999	0
chr16	62322000	62322999	10
chr16	62323000	62323999	9
chr16	62324000	62324999	0
chr16	62325000	62325999	6
chr16	62326000	62326999	0
chr16	62327000	62327999	13
chr16	62328000	62328999	11
chr16	62329000	62329999	12
chr16	62330000	62330999	5
chr16	62331000	62331999	0
chr16	62332000	62332999	0
chr16	62333000	62333999	0
chr16	62334000	62334999	19
chr16	62335000	62335999	2
chr16	62336000	62336999	9
chr16	62337000	62337999	5
chr16	62338000	62338999	12
chr16	62339000	62339999	5
chr16	62340000	62340999	14
chr16	62341000	62341999	1
chr16	62342000	62342999	10
chr16	62343000	62343999	16
chr16	62344000	62344999	1
chr16	62345000	62345999	2
chr16	62346000	62346999	0
chr16	62347000	62347999	0
chr16	62348000	62348999	0
chr16	62349000	62349999	0
chr16	62350000	62350999	0
chr16	62351000	62351999	0
chr16	62352000	62352999	17
chr16	62353000	62353999	11
chr16	62354000	62354999	5
chr16	62355000	62355999	5
chr16	62356000	62356999	13
chr16	62357000	62357999	17
chr16	62358000	62358999	7
chr16	62359000	62359999	5
chr16	62360000	62360999	5
chr16	62361000	62361999	6
chr16	62362000	62362999	0
chr16	62363000	62363999	4
chr16	62364000	62364999	5
chr16	62365000	62365999	0
chr16	62366000	62366999	0
chr16	62367000	62367999	0
chr16	62368000	62368999	4
chr16	62369000	62369999	2
chr16	62370000	62370999	19
chr16	62371000	62371999	5
chr16	62372000	62372999	0
chr16	62373000	62373999	2
chr16	62374000	62374999	2
chr16	62375000	62375999	10
chr16	62376000	62376999	3
chr16	62377000	62377999	5
chr16	62378000	62378999	1
chr16	62379000	62379999	2
chr16	62380000	62380999	0
chr16	62381000	62381999	0
chr16	62382000	62382999	21
chr16	62383000	62383999	0
chr16	62384000	62384999	13
chr16	62385000	62385999	4
chr16	62386000	62386999	2
chr16	62387000	62387999	0
chr16	62388000	62388999	6
chr16	62389000	62389999	23
chr16	62390000	62390999	7
chr16	62391000	62391999	6
chr16	62392000	62392999	8
chr16	62393000	62393999	4
chr16	62394000	62394999	1
chr16	62395000	62395999	6
chr16	62396000	62396999	3
chr16	62397000	62397999	1
chr16	62398000	62398999	3
chr16	62399000	62399999	0
chr16	62400000	62400999	22
chr16	62401000	62401999	9
chr16	62402000	62402999	0
chr16	62403000	62403999	0
chr16	62404000	62404999	11
chr16	62405000	62405999	14
chr16	62406000	62406999	16
chr16	62407000	62407999	15
chr16	62408000	62408999	6
chr16	62409000	62409999	5
chr16	62410000	62410999	5
chr16	62411000	62411999	7
chr16	62412000	62412999	0
chr16	62413000	62413999	0
chr16	62414000	62414999	6
chr16	62415000	62415999	8
chr16	62416000	62416999	2
chr16	62417000	62417999	12
chr16	62418000	62418999	0
chr16	62419000	62419999	28
chr16	62420000	62420999	0
chr16	62421000	62421999	1
chr16	62422000	62422999	24
chr16	62423000	62423999	21
chr16	62424000	62424999	7
chr16	62425000	62425999	7
chr16	62426000	62426999	17
chr16	62427000	62427999	11
chr16	62428000	62428999	12
chr16	62429000	62429999	4
chr16	62430000	62430999	16
chr16	62431000	62431999	6
chr16	62432000	62432999	14
chr16	62433000	62433999	0
chr16	62434000	62434999	0
chr16	62435000	62435999	0
chr16	62436000	62436999	25
chr16	62437000	62437999	8
chr16	62438000	62438999	2
chr16	62439000	62439999	6
chr16	62440000	62440999	0
chr16	62441000	62441999	7
chr16	62442000	62442999	16
chr16	62443000	62443999	11
chr16	62444000	62444999	29
chr16	62445000	62445999	12
chr16	62446000	62446999	4
chr16	62447000	62447999	3
chr16	62448000	62448999	18
chr16	62449000	62449999	5
chr16	62450000	62450999	6
chr16	62451000	62451999	7
chr16	62452000	62452999	5
chr16	62453000	62453999	0
chr16	62454000	62454999	14
chr16	62455000	62455999	23
chr16	62456000	62456999	12
chr16	62457000	62457999	16
chr16	62458000	62458999	71
chr16	62459000	62459999	30
chr16	62460000	62460999	3
chr16	62461000	62461999	12
chr16	62462000	62462999	14
chr16	62463000	62463999	7
chr16	62464000	62464999	8
chr16	62465000	62465999	25
chr16	62466000	62466999	11
chr16	62467000	62467999	20
chr16	62468000	62468999	2
chr16	62469000	62469999	5
chr16	62470000	62470999	22
chr16	62471000	62471999	8
chr16	62472000	62472999	3
chr16	62473000	62473999	12
chr16	62474000	62474999	7
chr16	62475000	62475999	0
chr16	62476000	62476999	14
chr16	62477000	62477999	1
chr16	62478000	62478999	0
chr16	62479000	62479999	20
chr16	62480000	62480999	21
chr16	62481000	62481999	11
chr16	62482000	62482999	12
chr16	62483000	62483999	14
chr16	62484000	62484999	2
chr16	62485000	62485999	17
chr16	62486000	62486999	8
chr16	62487000	62487999	6
chr16	62488000	62488999	0
chr16	62489000	62489999	6
chr16	62490000	62490999	2
chr16	62491000	62491999	0
chr16	62492000	62492999	11
chr16	62493000	62493999	0
chr16	62494000	62494999	4
chr16	62495000	62495999	20
chr16	62496000	62496999	13
chr16	62497000	62497999	1
chr16	62498000	62498999	0
chr16	62499000	62499999	14
chr16	62500000	62500999	20
chr16	62501000	62501999	0
chr16	62502000	62502999	9
chr16	62503000	62503999	0
chr16	62504000	62504999	7
chr16	62505000	62505999	10
chr16	62506000	62506999	14
chr16	62507000	62507999	12
chr16	62508000	62508999	42
chr16	62509000	62509999	7
chr16	62510000	62510999	7
chr16	62511000	62511999	16
chr16	62512000	62512999	6
chr16	62513000	62513999	33
chr16	62514000	62514999	1
chr16	62515000	62515999	3
chr16	62516000	62516999	20
chr16	62517000	62517999	10
chr16	62518000	62518999	0
chr16	62519000	62519999	10
chr16	62520000	62520999	15
chr16	62521000	62521999	0
chr16	62522000	62522999	8
chr16	62523000	62523999	11
chr16	62524000	62524999	0
chr16	62525000	62525999	14
chr16	62526000	62526999	2
chr16	62527000	62527999	0
chr16	62528000	62528999	0
chr16	62529000	62529999	9
chr16	62530000	62530999	13
chr16	62531000	62531999	7
chr16	62532000	62532999	8
chr16	62533000	62533999	0
chr16	62534000	62534999	0
chr16	62535000	62535999	0
chr16	62536000	62536999	13
chr16	62537000	62537999	17
chr16	62538000	62538999	0
chr16	62539000	62539999	16
chr16	62540000	62540999	6
chr16	62541000	62541999	14
chr16	62542000	62542999	12
chr16	62543000	62543999	2
chr16	62544000	62544999	11
chr16	62545000	62545999	2
chr16	62546000	62546999	0
chr16	62547000	62547999	0
chr16	62548000	62548999	8
chr16	62549000	62549999	12
chr16	62550000	62550999	2
chr16	62551000	62551999	5
chr16	62552000	62552999	3
chr16	62553000	62553999	8
chr16	62554000	62554999	5
chr16	62555000	62555999	3
chr16	62556000	62556999	9
chr16	62557000	62557999	0
chr16	62558000	62558999	2
chr16	62559000	62559999	2
chr16	62560000	62560999	38
chr16	62561000	62561999	0
chr16	62562000	62562999	3
chr16	62563000	62563999	0
chr16	62564000	62564999	1
chr16	62565000	62565999	0
chr16	62566000	62566999	0
chr16	62567000	62567999	0
chr16	62568000	62568999	0
chr16	62569000	62569999	0
chr16	62570000	62570999	4
chr16	62571000	62571999	3
chr16	62572000	62572999	17
chr16	62573000	62573999	6
chr16	62574000	62574999	9
chr16	62575000	62575999	0
chr16	62576000	62576999	5
chr16	62577000	62577999	0
chr16	62578000	62578999	7
chr16	62579000	62579999	5
chr16	62580000	62580999	2
chr16	62581000	62581999	8
chr16	62582000	62582999	5
chr16	62583000	62583999	17
chr16	62584000	62584999	0
chr16	62585000	62585999	4
chr16	62586000	62586999	3
chr16	62587000	62587999	1
chr16	62588000	62588999	0
chr16	62589000	62589999	0
chr16	62590000	62590999	0
chr16	62591000	62591999	0
chr16	62592000	62592999	0
chr16	62593000	62593999	0
chr16	62594000	62594999	0
chr16	62595000	62595999	1
chr16	62596000	62596999	1
chr16	62597000	62597999	0
chr16	62598000	62598999	0
chr16	62599000	62599999	8
chr16	62600000	62600999	24
chr16	62601000	62601999	0
chr16	62602000	62602999	11
chr16	62603000	62603999	18
chr16	62604000	62604999	0
chr16	62605000	62605999	3
chr16	62606000	62606999	0
chr16	62607000	62607999	8
chr16	62608000	62608999	32
chr16	62609000	62609999	3
chr16	62610000	62610999	10
chr16	62611000	62611999	0
chr16	62612000	62612999	7
chr16	62613000	62613999	14
chr16	62614000	62614999	0
chr16	62615000	62615999	4
chr16	62616000	62616999	23
chr16	62617000	62617999	12
chr16	62618000	62618999	24
chr16	62619000	62619999	16
chr16	62620000	62620999	11
chr16	62621000	62621999	23
chr16	62622000	62622999	1
chr16	62623000	62623999	13
chr16	62624000	62624999	3
chr16	62625000	62625999	1
chr16	62626000	62626999	6
chr16	62627000	62627999	13
chr16	62628000	62628999	13
chr16	62629000	62629999	8
chr16	62630000	62630999	22
chr16	62631000	62631999	2
chr16	62632000	62632999	9
chr16	62633000	62633999	7
chr16	62634000	62634999	10
chr16	62635000	62635999	4
chr16	62636000	62636999	5
chr16	62637000	62637999	15
chr16	62638000	62638999	6
chr16	62639000	62639999	0
chr16	62640000	62640999	16
chr16	62641000	62641999	12
chr16	62642000	62642999	16
chr16	62643000	62643999	14
chr16	62644000	62644999	4
chr16	62645000	62645999	2
chr16	62646000	62646999	15
chr16	62647000	62647999	4
chr16	62648000	62648999	9
chr16	62649000	62649999	19
chr16	62650000	62650999	0
chr16	62651000	62651999	16
chr16	62652000	62652999	8
chr16	62653000	62653999	7
chr16	62654000	62654999	6
chr16	62655000	62655999	0
chr16	62656000	62656999	3
chr16	62657000	62657999	4
chr16	62658000	62658999	17
chr16	62659000	62659999	29
chr16	62660000	62660999	1
chr16	62661000	62661999	0
chr16	62662000	62662999	4
chr16	62663000	62663999	3
chr16	62664000	62664999	0
chr16	62665000	62665999	0
chr16	62666000	62666999	0
chr16	62667000	62667999	5
chr16	62668000	62668999	0
chr16	62669000	62669999	11
chr16	62670000	62670999	0
chr16	62671000	62671999	0
chr16	62672000	62672999	11
chr16	62673000	62673999	24
chr16	62674000	62674999	0
chr16	62675000	62675999	0
chr16	62676000	62676999	16
chr16	62677000	62677999	26
chr16	62678000	62678999	6
chr16	62679000	62679999	1
chr16	62680000	62680999	24
chr16	62681000	62681999	23
chr16	62682000	62682999	1
chr16	62683000	62683999	5
chr16	62684000	62684999	6
chr16	62685000	62685999	0
chr16	62686000	62686999	19
chr16	62687000	62687999	0
chr16	62688000	62688999	1
chr16	62689000	62689999	0
chr16	62690000	62690999	23
chr16	62691000	62691999	25
chr16	62692000	62692999	1
chr16	62693000	62693999	46
chr16	62694000	62694999	30
chr16	62695000	62695999	4
chr16	62696000	62696999	8
chr16	62697000	62697999	0
chr16	62698000	62698999	13
chr16	62699000	62699999	0
chr16	62700000	62700999	1
chr16	62701000	62701999	24
chr16	62702000	62702999	0
chr16	62703000	62703999	8
chr16	62704000	62704999	0
chr16	62705000	62705999	0
chr16	62706000	62706999	0
chr16	62707000	62707999	0
chr16	62708000	62708999	0
chr16	62709000	62709999	0
chr16	62710000	62710999	0
chr16	62711000	62711999	0
chr16	62712000	62712999	14
chr16	62713000	62713999	1
chr16	62714000	62714999	8
chr16	62715000	62715999	0
chr16	62716000	62716999	5
chr16	62717000	62717999	0
chr16	62718000	62718999	0
chr16	62719000	62719999	9
chr16	62720000	62720999	4
chr16	62721000	62721999	12
chr16	62722000	62722999	38
chr16	62723000	62723999	0
chr16	62724000	62724999	7
chr16	62725000	62725999	1
chr16	62726000	62726999	14
chr16	62727000	62727999	8
chr16	62728000	62728999	10
chr16	62729000	62729999	9
chr16	62730000	62730999	0
chr16	62731000	62731999	6
chr16	62732000	62732999	5
chr16	62733000	62733999	36
chr16	62734000	62734999	9
chr16	62735000	62735999	1
chr16	62736000	62736999	14
chr16	62737000	62737999	0
chr16	62738000	62738999	0
chr16	62739000	62739999	9
chr16	62740000	62740999	16
chr16	62741000	62741999	19
chr16	62742000	62742999	12
chr16	62743000	62743999	1
chr16	62744000	62744999	0
chr16	62745000	62745999	11
chr16	62746000	62746999	7
chr16	62747000	62747999	12
chr16	62748000	62748999	14
chr16	62749000	62749999	0
chr16	62750000	62750999	0
chr16	62751000	62751999	10
chr16	62752000	62752999	3
chr16	62753000	62753999	34
chr16	62754000	62754999	7
chr16	62755000	62755999	42
chr16	62756000	62756999	13
chr16	62757000	62757999	0
chr16	62758000	62758999	11
chr16	62759000	62759999	18
chr16	62760000	62760999	13
chr16	62761000	62761999	46
chr16	62762000	62762999	19
chr16	62763000	62763999	33
chr16	62764000	62764999	9
chr16	62765000	62765999	13
chr16	62766000	62766999	0
chr16	62767000	62767999	0
chr16	62768000	62768999	7
chr16	62769000	62769999	2
chr16	62770000	62770999	2
chr16	62771000	62771999	22
chr16	62772000	62772999	7
chr16	62773000	62773999	11
chr16	62774000	62774999	0
chr16	62775000	62775999	0
chr16	62776000	62776999	32
chr16	62777000	62777999	11
chr16	62778000	62778999	33
chr16	62779000	62779999	13
chr16	62780000	62780999	0
chr16	62781000	62781999	2
chr16	62782000	62782999	8
chr16	62783000	62783999	13
chr16	62784000	62784999	8
chr16	62785000	62785999	24
chr16	62786000	62786999	104
chr16	62787000	62787999	5
chr16	62788000	62788999	12
chr16	62789000	62789999	12
chr16	62790000	62790999	7
chr16	62791000	62791999	6
chr16	62792000	62792999	0
chr16	62793000	62793999	7
chr16	62794000	62794999	0
chr16	62795000	62795999	8
chr16	62796000	62796999	9
chr16	62797000	62797999	31
chr16	62798000	62798999	16
chr16	62799000	62799999	4
chr16	62800000	62800999	20
chr16	62801000	62801999	0
chr16	62802000	62802999	24
chr16	62803000	62803999	0
chr16	62804000	62804999	17
chr16	62805000	62805999	3
chr16	62806000	62806999	11
chr16	62807000	62807999	39
chr16	62808000	62808999	5
chr16	62809000	62809999	0
chr16	62810000	62810999	0
chr16	62811000	62811999	22
chr16	62812000	62812999	7
chr16	62813000	62813999	44
chr16	62814000	62814999	88
chr16	62815000	62815999	31
chr16	62816000	62816999	38
chr16	62817000	62817999	11
chr16	62818000	62818999	10
chr16	62819000	62819999	17
chr16	62820000	62820999	15
chr16	62821000	62821999	9
chr16	62822000	62822999	0
chr16	62823000	62823999	0
chr16	62824000	62824999	24
chr16	62825000	62825999	19
chr16	62826000	62826999	24
chr16	62827000	62827999	13
chr16	62828000	62828999	0
chr16	62829000	62829999	0
chr16	62830000	62830999	29
chr16	62831000	62831999	13
chr16	62832000	62832999	17
chr16	62833000	62833999	0
chr16	62834000	62834999	2
chr16	62835000	62835999	31
chr16	62836000	62836999	5
chr16	62837000	62837999	15
chr16	62838000	62838999	8
chr16	62839000	62839999	16
chr16	62840000	62840999	10
chr16	62841000	62841999	6
chr16	62842000	62842999	15
chr16	62843000	62843999	0
chr16	62844000	62844999	0
chr16	62845000	62845999	0
chr16	62846000	62846999	48
chr16	62847000	62847999	41
chr16	62848000	62848999	0
chr16	62849000	62849999	15
chr16	62850000	62850999	0
chr16	62851000	62851999	2
chr16	62852000	62852999	41
chr16	62853000	62853999	19
chr16	62854000	62854999	25
chr16	62855000	62855999	7
chr16	62856000	62856999	11
chr16	62857000	62857999	10
chr16	62858000	62858999	12
chr16	62859000	62859999	8
chr16	62860000	62860999	20
chr16	62861000	62861999	24
chr16	62862000	62862999	7
chr16	62863000	62863999	0
chr16	62864000	62864999	0
chr16	62865000	62865999	4
chr16	62866000	62866999	13
chr16	62867000	62867999	7
chr16	62868000	62868999	6
chr16	62869000	62869999	0
chr16	62870000	62870999	8
chr16	62871000	62871999	14
chr16	62872000	62872999	0
chr16	62873000	62873999	7
chr16	62874000	62874999	0
chr16	62875000	62875999	9
chr16	62876000	62876999	0
chr16	62877000	62877999	0
chr16	62878000	62878999	0
chr16	62879000	62879999	0
chr16	62880000	62880999	11
chr16	62881000	62881999	4
chr16	62882000	62882999	0
chr16	62883000	62883999	0
chr16	62884000	62884999	31
chr16	62885000	62885999	1
chr16	62886000	62886999	0
chr16	62887000	62887999	8
chr16	62888000	62888999	5
chr16	62889000	62889999	13
chr16	62890000	62890999	16
chr16	62891000	62891999	6
chr16	62892000	62892999	0
chr16	62893000	62893999	21
chr16	62894000	62894999	9
chr16	62895000	62895999	15
chr16	62896000	62896999	13
chr16	62897000	62897999	6
chr16	62898000	62898999	2
chr16	62899000	62899999	0
chr16	62900000	62900999	9
chr16	62901000	62901999	3
chr16	62902000	62902999	0
chr16	62903000	62903999	10
chr16	62904000	62904999	2
chr16	62905000	62905999	28
chr16	62906000	62906999	2
chr16	62907000	62907999	2
chr16	62908000	62908999	10
chr16	62909000	62909999	12
chr16	62910000	62910999	27
chr16	62911000	62911999	4
chr16	62912000	62912999	16
chr16	62913000	62913999	19
chr16	62914000	62914999	0
chr16	62915000	62915999	26
chr16	62916000	62916999	0
chr16	62917000	62917999	5
chr16	62918000	62918999	0
chr16	62919000	62919999	0
chr16	62920000	62920999	15
chr16	62921000	62921999	4
chr16	62922000	62922999	19
chr16	62923000	62923999	16
chr16	62924000	62924999	12
chr16	62925000	62925999	25
chr16	62926000	62926999	0
chr16	62927000	62927999	0
chr16	62928000	62928999	11
chr16	62929000	62929999	0
chr16	62930000	62930999	3
chr16	62931000	62931999	0
chr16	62932000	62932999	3
chr16	62933000	62933999	0
chr16	62934000	62934999	23
chr16	62935000	62935999	0
chr16	62936000	62936999	14
chr16	62937000	62937999	8
chr16	62938000	62938999	1
chr16	62939000	62939999	8
chr16	62940000	62940999	34
chr16	62941000	62941999	6
chr16	62942000	62942999	13
chr16	62943000	62943999	14
chr16	62944000	62944999	1
chr16	62945000	62945999	9
chr16	62946000	62946999	0
chr16	62947000	62947999	16
chr16	62948000	62948999	3
chr16	62949000	62949999	5
chr16	62950000	62950999	0
chr16	62951000	62951999	7
chr16	62952000	62952999	0
chr16	62953000	62953999	12
chr16	62954000	62954999	7
chr16	62955000	62955999	0
chr16	62956000	62956999	0
chr16	62957000	62957999	19
chr16	62958000	62958999	20
chr16	62959000	62959999	7
chr16	62960000	62960999	0
chr16	62961000	62961999	7
chr16	62962000	62962999	0
chr16	62963000	62963999	11
chr16	62964000	62964999	22
chr16	62965000	62965999	0
chr16	62966000	62966999	8
chr16	62967000	62967999	6
chr16	62968000	62968999	11
chr16	62969000	62969999	0
chr16	62970000	62970999	2
chr16	62971000	62971999	20
chr16	62972000	62972999	0
chr16	62973000	62973999	19
chr16	62974000	62974999	11
chr16	62975000	62975999	2
chr16	62976000	62976999	5
chr16	62977000	62977999	0
chr16	62978000	62978999	2
chr16	62979000	62979999	0
chr16	62980000	62980999	19
chr16	62981000	62981999	24
chr16	62982000	62982999	9
chr16	62983000	62983999	21
chr16	62984000	62984999	0
chr16	62985000	62985999	3
chr16	62986000	62986999	18
chr16	62987000	62987999	0
chr16	62988000	62988999	9
chr16	62989000	62989999	6
chr16	62990000	62990999	3
chr16	62991000	62991999	4
chr16	62992000	62992999	5
chr16	62993000	62993999	0
chr16	62994000	62994999	13
chr16	62995000	62995999	11
chr16	62996000	62996999	10
chr16	62997000	62997999	1
chr16	62998000	62998999	0
chr16	62999000	62999999	2
chr16	63000000	63000999	15
chr16	63001000	63001999	1
chr16	63002000	63002999	6
chr16	63003000	63003999	6
chr16	63004000	63004999	0
chr16	63005000	63005999	16
chr16	63006000	63006999	5
chr16	63007000	63007999	0
chr16	63008000	63008999	0
chr16	63009000	63009999	10
chr16	63010000	63010999	0
chr16	63011000	63011999	47
chr16	63012000	63012999	18
chr16	63013000	63013999	13
chr16	63014000	63014999	0
chr16	63015000	63015999	12
chr16	63016000	63016999	0
chr16	63017000	63017999	4
chr16	63018000	63018999	10
chr16	63019000	63019999	0
chr16	63020000	63020999	32
chr16	63021000	63021999	8
chr16	63022000	63022999	12
chr16	63023000	63023999	15
chr16	63024000	63024999	0
chr16	63025000	63025999	4
chr16	63026000	63026999	7
chr16	63027000	63027999	0
chr16	63028000	63028999	0
chr16	63029000	63029999	15
chr16	63030000	63030999	17
chr16	63031000	63031999	16
chr16	63032000	63032999	5
chr16	63033000	63033999	7
chr16	63034000	63034999	24
chr16	63035000	63035999	21
chr16	63036000	63036999	15
chr16	63037000	63037999	0
chr16	63038000	63038999	12
chr16	63039000	63039999	16
chr16	63040000	63040999	8
chr16	63041000	63041999	0
chr16	63042000	63042999	22
chr16	63043000	63043999	6
chr16	63044000	63044999	13
chr16	63045000	63045999	0
chr16	63046000	63046999	11
chr16	63047000	63047999	0
chr16	63048000	63048999	1
chr16	63049000	63049999	15
chr16	63050000	63050999	33
chr16	63051000	63051999	25
chr16	63052000	63052999	4
chr16	63053000	63053999	0
chr16	63054000	63054999	7
chr16	63055000	63055999	16
chr16	63056000	63056999	3
chr16	63057000	63057999	0
chr16	63058000	63058999	6
chr16	63059000	63059999	0
chr16	63060000	63060999	0
chr16	63061000	63061999	29
chr16	63062000	63062999	29
chr16	63063000	63063999	14
chr16	63064000	63064999	1
chr16	63065000	63065999	0
chr16	63066000	63066999	0
chr16	63067000	63067999	10
chr16	63068000	63068999	3
chr16	63069000	63069999	7
chr16	63070000	63070999	5
chr16	63071000	63071999	22
chr16	63072000	63072999	0
chr16	63073000	63073999	7
chr16	63074000	63074999	24
chr16	63075000	63075999	2
chr16	63076000	63076999	8
chr16	63077000	63077999	0
chr16	63078000	63078999	6
chr16	63079000	63079999	5
chr16	63080000	63080999	0
chr16	63081000	63081999	23
chr16	63082000	63082999	2
chr16	63083000	63083999	14
chr16	63084000	63084999	9
chr16	63085000	63085999	38
chr16	63086000	63086999	0
chr16	63087000	63087999	4
chr16	63088000	63088999	5
chr16	63089000	63089999	5
chr16	63090000	63090999	2
chr16	63091000	63091999	3
chr16	63092000	63092999	7
chr16	63093000	63093999	10
chr16	63094000	63094999	12
chr16	63095000	63095999	2
chr16	63096000	63096999	8
chr16	63097000	63097999	34
chr16	63098000	63098999	7
chr16	63099000	63099999	9
chr16	63100000	63100999	6
chr16	63101000	63101999	18
chr16	63102000	63102999	1
chr16	63103000	63103999	10
chr16	63104000	63104999	10
chr16	63105000	63105999	10
chr16	63106000	63106999	8
chr16	63107000	63107999	0
chr16	63108000	63108999	2
chr16	63109000	63109999	3
chr16	63110000	63110999	7
chr16	63111000	63111999	15
chr16	63112000	63112999	23
chr16	63113000	63113999	0
chr16	63114000	63114999	9
chr16	63115000	63115999	0
chr16	63116000	63116999	0
chr16	63117000	63117999	0
chr16	63118000	63118999	11
chr16	63119000	63119999	13
chr16	63120000	63120999	4
chr16	63121000	63121999	0
chr16	63122000	63122999	0
chr16	63123000	63123999	24
chr16	63124000	63124999	20
chr16	63125000	63125999	2
chr16	63126000	63126999	5
chr16	63127000	63127999	0
chr16	63128000	63128999	0
chr16	63129000	63129999	0
chr16	63130000	63130999	0
chr16	63131000	63131999	0
chr16	63132000	63132999	0
chr16	63133000	63133999	0
chr16	63134000	63134999	9
chr16	63135000	63135999	41
chr16	63136000	63136999	16
chr16	63137000	63137999	13
chr16	63138000	63138999	0
chr16	63139000	63139999	6
chr16	63140000	63140999	0
chr16	63141000	63141999	6
chr16	63142000	63142999	13
chr16	63143000	63143999	0
chr16	63144000	63144999	4
chr16	63145000	63145999	7
chr16	63146000	63146999	1
chr16	63147000	63147999	4
chr16	63148000	63148999	0
chr16	63149000	63149999	0
chr16	63150000	63150999	13
chr16	63151000	63151999	9
chr16	63152000	63152999	4
chr16	63153000	63153999	0
chr16	63154000	63154999	3
chr16	63155000	63155999	9
chr16	63156000	63156999	6
chr16	63157000	63157999	25
chr16	63158000	63158999	11
chr16	63159000	63159999	10
chr16	63160000	63160999	18
chr16	63161000	63161999	11
chr16	63162000	63162999	3
chr16	63163000	63163999	4
chr16	63164000	63164999	3
chr16	63165000	63165999	19
chr16	63166000	63166999	13
chr16	63167000	63167999	0
chr16	63168000	63168999	19
chr16	63169000	63169999	2
chr16	63170000	63170999	18
chr16	63171000	63171999	1
chr16	63172000	63172999	6
chr16	63173000	63173999	0
chr16	63174000	63174999	5
chr16	63175000	63175999	10
chr16	63176000	63176999	16
chr16	63177000	63177999	22
chr16	63178000	63178999	18
chr16	63179000	63179999	0
chr16	63180000	63180999	3
chr16	63181000	63181999	33
chr16	63182000	63182999	14
chr16	63183000	63183999	4
chr16	63184000	63184999	5
chr16	63185000	63185999	9
chr16	63186000	63186999	20
chr16	63187000	63187999	0
chr16	63188000	63188999	8
chr16	63189000	63189999	10
chr16	63190000	63190999	8
chr16	63191000	63191999	7
chr16	63192000	63192999	14
chr16	63193000	63193999	3
chr16	63194000	63194999	21
chr16	63195000	63195999	0
chr16	63196000	63196999	10
chr16	63197000	63197999	0
chr16	63198000	63198999	0
chr16	63199000	63199999	0
chr16	63200000	63200999	0
chr16	63201000	63201999	0
chr16	63202000	63202999	0
chr16	63203000	63203999	1
chr16	63204000	63204999	14
chr16	63205000	63205999	7
chr16	63206000	63206999	4
chr16	63207000	63207999	17
chr16	63208000	63208999	11
chr16	63209000	63209999	7
chr16	63210000	63210999	12
chr16	63211000	63211999	3
chr16	63212000	63212999	7
chr16	63213000	63213999	4
chr16	63214000	63214999	3
chr16	63215000	63215999	11
chr16	63216000	63216999	0
chr16	63217000	63217999	0
chr16	63218000	63218999	0
chr16	63219000	63219999	0
chr16	63220000	63220999	20
chr16	63221000	63221999	3
chr16	63222000	63222999	5
chr16	63223000	63223999	5
chr16	63224000	63224999	6
chr16	63225000	63225999	0
chr16	63226000	63226999	15
chr16	63227000	63227999	5
chr16	63228000	63228999	18
chr16	63229000	63229999	16
chr16	63230000	63230999	0
chr16	63231000	63231999	0
chr16	63232000	63232999	10
chr16	63233000	63233999	0
chr16	63234000	63234999	2
chr16	63235000	63235999	1
chr16	63236000	63236999	14
chr16	63237000	63237999	9
chr16	63238000	63238999	5
chr16	63239000	63239999	19
chr16	63240000	63240999	6
chr16	63241000	63241999	3
chr16	63242000	63242999	6
chr16	63243000	63243999	13
chr16	63244000	63244999	0
chr16	63245000	63245999	10
chr16	63246000	63246999	4
chr16	63247000	63247999	10
chr16	63248000	63248999	0
chr16	63249000	63249999	9
chr16	63250000	63250999	17
chr16	63251000	63251999	0
chr16	63252000	63252999	2
chr16	63253000	63253999	4
chr16	63254000	63254999	17
chr16	63255000	63255999	9
chr16	63256000	63256999	14
chr16	63257000	63257999	10
chr16	63258000	63258999	0
chr16	63259000	63259999	0
chr16	63260000	63260999	0
chr16	63261000	63261999	0
chr16	63262000	63262999	0
chr16	63263000	63263999	20
chr16	63264000	63264999	4
chr16	63265000	63265999	25
chr16	63266000	63266999	16
chr16	63267000	63267999	7
chr16	63268000	63268999	8
chr16	63269000	63269999	4
chr16	63270000	63270999	20
chr16	63271000	63271999	16
chr16	63272000	63272999	15
chr16	63273000	63273999	31
chr16	63274000	63274999	0
chr16	63275000	63275999	9
chr16	63276000	63276999	7
chr16	63277000	63277999	5
chr16	63278000	63278999	4
chr16	63279000	63279999	10
chr16	63280000	63280999	4
chr16	63281000	63281999	9
chr16	63282000	63282999	0
chr16	63283000	63283999	6
chr16	63284000	63284999	10
chr16	63285000	63285999	0
chr16	63286000	63286999	14
chr16	63287000	63287999	0
chr16	63288000	63288999	3
chr16	63289000	63289999	7
chr16	63290000	63290999	8
chr16	63291000	63291999	13
chr16	63292000	63292999	8
chr16	63293000	63293999	2
chr16	63294000	63294999	5
chr16	63295000	63295999	14
chr16	63296000	63296999	9
chr16	63297000	63297999	4
chr16	63298000	63298999	0
chr16	63299000	63299999	0
chr16	63300000	63300999	2
chr16	63301000	63301999	0
chr16	63302000	63302999	15
chr16	63303000	63303999	18
chr16	63304000	63304999	17
chr16	63305000	63305999	17
chr16	63306000	63306999	0
chr16	63307000	63307999	8
chr16	63308000	63308999	3
chr16	63309000	63309999	0
chr16	63310000	63310999	10
chr16	63311000	63311999	21
chr16	63312000	63312999	7
chr16	63313000	63313999	17
chr16	63314000	63314999	21
chr16	63315000	63315999	5
chr16	63316000	63316999	4
chr16	63317000	63317999	5
chr16	63318000	63318999	5
chr16	63319000	63319999	3
chr16	63320000	63320999	0
chr16	63321000	63321999	10
chr16	63322000	63322999	2
chr16	63323000	63323999	9
chr16	63324000	63324999	2
chr16	63325000	63325999	14
chr16	63326000	63326999	4
chr16	63327000	63327999	15
chr16	63328000	63328999	3
chr16	63329000	63329999	0
chr16	63330000	63330999	8
chr16	63331000	63331999	0
chr16	63332000	63332999	3
chr16	63333000	63333999	11
chr16	63334000	63334999	0
chr16	63335000	63335999	0
chr16	63336000	63336999	11
chr16	63337000	63337999	5
chr16	63338000	63338999	0
chr16	63339000	63339999	6
chr16	63340000	63340999	7
chr16	63341000	63341999	6
chr16	63342000	63342999	0
chr16	63343000	63343999	8
chr16	63344000	63344999	47
chr16	63345000	63345999	21
chr16	63346000	63346999	13
chr16	63347000	63347999	0
chr16	63348000	63348999	8
chr16	63349000	63349999	14
chr16	63350000	63350999	6
chr16	63351000	63351999	3
chr16	63352000	63352999	12
chr16	63353000	63353999	0
chr16	63354000	63354999	0
chr16	63355000	63355999	0
chr16	63356000	63356999	8
chr16	63357000	63357999	0
chr16	63358000	63358999	6
chr16	63359000	63359999	12
chr16	63360000	63360999	0
chr16	63361000	63361999	15
chr16	63362000	63362999	21
chr16	63363000	63363999	0
chr16	63364000	63364999	14
chr16	63365000	63365999	33
chr16	63366000	63366999	0
chr16	63367000	63367999	14
chr16	63368000	63368999	2
chr16	63369000	63369999	0
chr16	63370000	63370999	3
chr16	63371000	63371999	0
chr16	63372000	63372999	0
chr16	63373000	63373999	8
chr16	63374000	63374999	19
chr16	63375000	63375999	5
chr16	63376000	63376999	1
chr16	63377000	63377999	4
chr16	63378000	63378999	4
chr16	63379000	63379999	13
chr16	63380000	63380999	0
chr16	63381000	63381999	0
chr16	63382000	63382999	11
chr16	63383000	63383999	28
chr16	63384000	63384999	16
chr16	63385000	63385999	22
chr16	63386000	63386999	8
chr16	63387000	63387999	14
chr16	63388000	63388999	19
chr16	63389000	63389999	7
chr16	63390000	63390999	28
chr16	63391000	63391999	9
chr16	63392000	63392999	5
chr16	63393000	63393999	11
chr16	63394000	63394999	28
chr16	63395000	63395999	0
chr16	63396000	63396999	3
chr16	63397000	63397999	0
chr16	63398000	63398999	16
chr16	63399000	63399999	7
chr16	63400000	63400999	8
chr16	63401000	63401999	0
chr16	63402000	63402999	4
chr16	63403000	63403999	22
chr16	63404000	63404999	9
chr16	63405000	63405999	18
chr16	63406000	63406999	0
chr16	63407000	63407999	15
chr16	63408000	63408999	28
chr16	63409000	63409999	14
chr16	63410000	63410999	5
chr16	63411000	63411999	33
chr16	63412000	63412999	0
chr16	63413000	63413999	13
chr16	63414000	63414999	0
chr16	63415000	63415999	15
chr16	63416000	63416999	0
chr16	63417000	63417999	0
chr16	63418000	63418999	8
chr16	63419000	63419999	40
chr16	63420000	63420999	0
chr16	63421000	63421999	18
chr16	63422000	63422999	0
chr16	63423000	63423999	4
chr16	63424000	63424999	9
chr16	63425000	63425999	12
chr16	63426000	63426999	17
chr16	63427000	63427999	3
chr16	63428000	63428999	9
chr16	63429000	63429999	22
chr16	63430000	63430999	8
chr16	63431000	63431999	30
chr16	63432000	63432999	0
chr16	63433000	63433999	0
chr16	63434000	63434999	6
chr16	63435000	63435999	11
chr16	63436000	63436999	4
chr16	63437000	63437999	0
chr16	63438000	63438999	3
chr16	63439000	63439999	3
chr16	63440000	63440999	0
chr16	63441000	63441999	0
chr16	63442000	63442999	0
chr16	63443000	63443999	0
chr16	63444000	63444999	0
chr16	63445000	63445999	2
chr16	63446000	63446999	4
chr16	63447000	63447999	46
chr16	63448000	63448999	22
chr16	63449000	63449999	9
chr16	63450000	63450999	20
chr16	63451000	63451999	11
chr16	63452000	63452999	2
chr16	63453000	63453999	0
chr16	63454000	63454999	0
chr16	63455000	63455999	0
chr16	63456000	63456999	1
chr16	63457000	63457999	27
chr16	63458000	63458999	1
chr16	63459000	63459999	9
chr16	63460000	63460999	0
chr16	63461000	63461999	0
chr16	63462000	63462999	0
chr16	63463000	63463999	13
chr16	63464000	63464999	17
chr16	63465000	63465999	37
chr16	63466000	63466999	12
chr16	63467000	63467999	17
chr16	63468000	63468999	11
chr16	63469000	63469999	38
chr16	63470000	63470999	14
chr16	63471000	63471999	13
chr16	63472000	63472999	4
chr16	63473000	63473999	14
chr16	63474000	63474999	14
chr16	63475000	63475999	4
chr16	63476000	63476999	1
chr16	63477000	63477999	17
chr16	63478000	63478999	30
chr16	63479000	63479999	0
chr16	63480000	63480999	6
chr16	63481000	63481999	13
chr16	63482000	63482999	0
chr16	63483000	63483999	5
chr16	63484000	63484999	0
chr16	63485000	63485999	34
chr16	63486000	63486999	0
chr16	63487000	63487999	11
chr16	63488000	63488999	9
chr16	63489000	63489999	4
chr16	63490000	63490999	11
chr16	63491000	63491999	3
chr16	63492000	63492999	0
chr16	63493000	63493999	10
chr16	63494000	63494999	16
chr16	63495000	63495999	29
chr16	63496000	63496999	4
chr16	63497000	63497999	13
chr16	63498000	63498999	0
chr16	63499000	63499999	0
chr16	63500000	63500999	9
chr16	63501000	63501999	2
chr16	63502000	63502999	6
chr16	63503000	63503999	2
chr16	63504000	63504999	14
chr16	63505000	63505999	2
chr16	63506000	63506999	0
chr16	63507000	63507999	21
chr16	63508000	63508999	8
chr16	63509000	63509999	0
chr16	63510000	63510999	27
chr16	63511000	63511999	9
chr16	63512000	63512999	6
chr16	63513000	63513999	6
chr16	63514000	63514999	13
chr16	63515000	63515999	12
chr16	63516000	63516999	0
chr16	63517000	63517999	18
chr16	63518000	63518999	8
chr16	63519000	63519999	3
chr16	63520000	63520999	10
chr16	63521000	63521999	6
chr16	63522000	63522999	0
chr16	63523000	63523999	2
chr16	63524000	63524999	0
chr16	63525000	63525999	1
chr16	63526000	63526999	2
chr16	63527000	63527999	9
chr16	63528000	63528999	12
chr16	63529000	63529999	8
chr16	63530000	63530999	12
chr16	63531000	63531999	13
chr16	63532000	63532999	1
chr16	63533000	63533999	9
chr16	63534000	63534999	3
chr16	63535000	63535999	26
chr16	63536000	63536999	0
chr16	63537000	63537999	15
chr16	63538000	63538999	7
chr16	63539000	63539999	0
chr16	63540000	63540999	1
chr16	63541000	63541999	0
chr16	63542000	63542999	7
chr16	63543000	63543999	9
chr16	63544000	63544999	5
chr16	63545000	63545999	0
chr16	63546000	63546999	7
chr16	63547000	63547999	15
chr16	63548000	63548999	1
chr16	63549000	63549999	9
chr16	63550000	63550999	0
chr16	63551000	63551999	5
chr16	63552000	63552999	0
chr16	63553000	63553999	0
chr16	63554000	63554999	6
chr16	63555000	63555999	6
chr16	63556000	63556999	14
chr16	63557000	63557999	3
chr16	63558000	63558999	28
chr16	63559000	63559999	23
chr16	63560000	63560999	17
chr16	63561000	63561999	27
chr16	63562000	63562999	14
chr16	63563000	63563999	5
chr16	63564000	63564999	0
chr16	63565000	63565999	5
chr16	63566000	63566999	16
chr16	63567000	63567999	14
chr16	63568000	63568999	0
chr16	63569000	63569999	20
chr16	63570000	63570999	0
chr16	63571000	63571999	0
chr16	63572000	63572999	12
chr16	63573000	63573999	24
chr16	63574000	63574999	0
chr16	63575000	63575999	0
chr16	63576000	63576999	10
chr16	63577000	63577999	2
chr16	63578000	63578999	13
chr16	63579000	63579999	0
chr16	63580000	63580999	6
chr16	63581000	63581999	0
chr16	63582000	63582999	0
chr16	63583000	63583999	0
chr16	63584000	63584999	1
chr16	63585000	63585999	9
chr16	63586000	63586999	14
chr16	63587000	63587999	16
chr16	63588000	63588999	0
chr16	63589000	63589999	12
chr16	63590000	63590999	0
chr16	63591000	63591999	9
chr16	63592000	63592999	1
chr16	63593000	63593999	6
chr16	63594000	63594999	17
chr16	63595000	63595999	17
chr16	63596000	63596999	8
chr16	63597000	63597999	8
chr16	63598000	63598999	27
chr16	63599000	63599999	4
chr16	63600000	63600999	4
chr16	63601000	63601999	15
chr16	63602000	63602999	37
chr16	63603000	63603999	28
chr16	63604000	63604999	6
chr16	63605000	63605999	0
chr16	63606000	63606999	5
chr16	63607000	63607999	0
chr16	63608000	63608999	0
chr16	63609000	63609999	21
chr16	63610000	63610999	6
chr16	63611000	63611999	0
chr16	63612000	63612999	0
chr16	63613000	63613999	12
chr16	63614000	63614999	17
chr16	63615000	63615999	3
chr16	63616000	63616999	0
chr16	63617000	63617999	4
chr16	63618000	63618999	0
chr16	63619000	63619999	13
chr16	63620000	63620999	8
chr16	63621000	63621999	10
chr16	63622000	63622999	10
chr16	63623000	63623999	0
chr16	63624000	63624999	20
chr16	63625000	63625999	16
chr16	63626000	63626999	7
chr16	63627000	63627999	0
chr16	63628000	63628999	15
chr16	63629000	63629999	13
chr16	63630000	63630999	0
chr16	63631000	63631999	0
chr16	63632000	63632999	0
chr16	63633000	63633999	7
chr16	63634000	63634999	7
chr16	63635000	63635999	1
chr16	63636000	63636999	7
chr16	63637000	63637999	24
chr16	63638000	63638999	16
chr16	63639000	63639999	0
chr16	63640000	63640999	7
chr16	63641000	63641999	0
chr16	63642000	63642999	0
chr16	63643000	63643999	12
chr16	63644000	63644999	4
chr16	63645000	63645999	0
chr16	63646000	63646999	3
chr16	63647000	63647999	30
chr16	63648000	63648999	0
chr16	63649000	63649999	6
chr16	63650000	63650999	12
chr16	63651000	63651999	1
chr16	63652000	63652999	6
chr16	63653000	63653999	24
chr16	63654000	63654999	23
chr16	63655000	63655999	6
chr16	63656000	63656999	15
chr16	63657000	63657999	3
chr16	63658000	63658999	12
chr16	63659000	63659999	0
chr16	63660000	63660999	3
chr16	63661000	63661999	30
chr16	63662000	63662999	13
chr16	63663000	63663999	25
chr16	63664000	63664999	6
chr16	63665000	63665999	12
chr16	63666000	63666999	17
chr16	63667000	63667999	5
chr16	63668000	63668999	13
chr16	63669000	63669999	2
chr16	63670000	63670999	0
chr16	63671000	63671999	0
chr16	63672000	63672999	3
chr16	63673000	63673999	10
chr16	63674000	63674999	0
chr16	63675000	63675999	0
chr16	63676000	63676999	5
chr16	63677000	63677999	3
chr16	63678000	63678999	10
chr16	63679000	63679999	7
chr16	63680000	63680999	11
chr16	63681000	63681999	2
chr16	63682000	63682999	0
chr16	63683000	63683999	18
chr16	63684000	63684999	0
chr16	63685000	63685999	20
chr16	63686000	63686999	16
chr16	63687000	63687999	22
chr16	63688000	63688999	0
chr16	63689000	63689999	0
chr16	63690000	63690999	28
chr16	63691000	63691999	24
chr16	63692000	63692999	15
chr16	63693000	63693999	6
chr16	63694000	63694999	7
chr16	63695000	63695999	0
chr16	63696000	63696999	16
chr16	63697000	63697999	3
chr16	63698000	63698999	18
chr16	63699000	63699999	0
chr16	63700000	63700999	3
chr16	63701000	63701999	21
chr16	63702000	63702999	0
chr16	63703000	63703999	8
chr16	63704000	63704999	7
chr16	63705000	63705999	13
chr16	63706000	63706999	2
chr16	63707000	63707999	3
chr16	63708000	63708999	11
chr16	63709000	63709999	7
chr16	63710000	63710999	0
chr16	63711000	63711999	27
chr16	63712000	63712999	5
chr16	63713000	63713999	5
chr16	63714000	63714999	12
chr16	63715000	63715999	0
chr16	63716000	63716999	7
chr16	63717000	63717999	15
chr16	63718000	63718999	14
chr16	63719000	63719999	0
chr16	63720000	63720999	10
chr16	63721000	63721999	6
chr16	63722000	63722999	0
chr16	63723000	63723999	0
chr16	63724000	63724999	0
chr16	63725000	63725999	0
chr16	63726000	63726999	0
chr16	63727000	63727999	0
chr16	63728000	63728999	7
chr16	63729000	63729999	9
chr16	63730000	63730999	5
chr16	63731000	63731999	4
chr16	63732000	63732999	3
chr16	63733000	63733999	11
chr16	63734000	63734999	3
chr16	63735000	63735999	12
chr16	63736000	63736999	5
chr16	63737000	63737999	5
chr16	63738000	63738999	0
chr16	63739000	63739999	0
chr16	63740000	63740999	13
chr16	63741000	63741999	21
chr16	63742000	63742999	4
chr16	63743000	63743999	46
chr16	63744000	63744999	0
chr16	63745000	63745999	6
chr16	63746000	63746999	30
chr16	63747000	63747999	25
chr16	63748000	63748999	0
chr16	63749000	63749999	12
chr16	63750000	63750999	0
chr16	63751000	63751999	0
chr16	63752000	63752999	5
chr16	63753000	63753999	8
chr16	63754000	63754999	2
chr16	63755000	63755999	0
chr16	63756000	63756999	6
chr16	63757000	63757999	0
chr16	63758000	63758999	8
chr16	63759000	63759999	0
chr16	63760000	63760999	22
chr16	63761000	63761999	0
chr16	63762000	63762999	0
chr16	63763000	63763999	14
chr16	63764000	63764999	11
chr16	63765000	63765999	6
chr16	63766000	63766999	1
chr16	63767000	63767999	0
chr16	63768000	63768999	12
chr16	63769000	63769999	5
chr16	63770000	63770999	17
chr16	63771000	63771999	2
chr16	63772000	63772999	0
chr16	63773000	63773999	3
chr16	63774000	63774999	7
chr16	63775000	63775999	26
chr16	63776000	63776999	0
chr16	63777000	63777999	0
chr16	63778000	63778999	0
chr16	63779000	63779999	2
chr16	63780000	63780999	0
chr16	63781000	63781999	38
chr16	63782000	63782999	0
chr16	63783000	63783999	4
chr16	63784000	63784999	0
chr16	63785000	63785999	20
chr16	63786000	63786999	11
chr16	63787000	63787999	1
chr16	63788000	63788999	4
chr16	63789000	63789999	16
chr16	63790000	63790999	2
chr16	63791000	63791999	10
chr16	63792000	63792999	19
chr16	63793000	63793999	10
chr16	63794000	63794999	5
chr16	63795000	63795999	21
chr16	63796000	63796999	18
chr16	63797000	63797999	0
chr16	63798000	63798999	0
chr16	63799000	63799999	0
chr16	63800000	63800999	0
chr16	63801000	63801999	14
chr16	63802000	63802999	7
chr16	63803000	63803999	12
chr16	63804000	63804999	0
chr16	63805000	63805999	11
chr16	63806000	63806999	2
chr16	63807000	63807999	8
chr16	63808000	63808999	0
chr16	63809000	63809999	7
chr16	63810000	63810999	29
chr16	63811000	63811999	12
chr16	63812000	63812999	0
chr16	63813000	63813999	4
chr16	63814000	63814999	27
chr16	63815000	63815999	0
chr16	63816000	63816999	0
chr16	63817000	63817999	13
chr16	63818000	63818999	16
chr16	63819000	63819999	5
chr16	63820000	63820999	16
chr16	63821000	63821999	12
chr16	63822000	63822999	8
chr16	63823000	63823999	2
chr16	63824000	63824999	13
chr16	63825000	63825999	27
chr16	63826000	63826999	4
chr16	63827000	63827999	0
chr16	63828000	63828999	43
chr16	63829000	63829999	0
chr16	63830000	63830999	10
chr16	63831000	63831999	5
chr16	63832000	63832999	14
chr16	63833000	63833999	0
chr16	63834000	63834999	5
chr16	63835000	63835999	1
chr16	63836000	63836999	41
chr16	63837000	63837999	2
chr16	63838000	63838999	10
chr16	63839000	63839999	15
chr16	63840000	63840999	5
chr16	63841000	63841999	17
chr16	63842000	63842999	9
chr16	63843000	63843999	17
chr16	63844000	63844999	18
chr16	63845000	63845999	4
chr16	63846000	63846999	9
chr16	63847000	63847999	0
chr16	63848000	63848999	15
chr16	63849000	63849999	15
chr16	63850000	63850999	0
chr16	63851000	63851999	0
chr16	63852000	63852999	39
chr16	63853000	63853999	8
chr16	63854000	63854999	22
chr16	63855000	63855999	6
chr16	63856000	63856999	11
chr16	63857000	63857999	20
chr16	63858000	63858999	0
chr16	63859000	63859999	23
chr16	63860000	63860999	4
chr16	63861000	63861999	20
chr16	63862000	63862999	0
chr16	63863000	63863999	16
chr16	63864000	63864999	8
chr16	63865000	63865999	2
chr16	63866000	63866999	14
chr16	63867000	63867999	9
chr16	63868000	63868999	38
chr16	63869000	63869999	1
chr16	63870000	63870999	9
chr16	63871000	63871999	11
chr16	63872000	63872999	0
chr16	63873000	63873999	11
chr16	63874000	63874999	6
chr16	63875000	63875999	0
chr16	63876000	63876999	4
chr16	63877000	63877999	0
chr16	63878000	63878999	0
chr16	63879000	63879999	0
chr16	63880000	63880999	0
chr16	63881000	63881999	9
chr16	63882000	63882999	12
chr16	63883000	63883999	3
chr16	63884000	63884999	18
chr16	63885000	63885999	17
chr16	63886000	63886999	19
chr16	63887000	63887999	2
chr16	63888000	63888999	4
chr16	63889000	63889999	0
chr16	63890000	63890999	23
chr16	63891000	63891999	0
chr16	63892000	63892999	2
chr16	63893000	63893999	8
chr16	63894000	63894999	16
chr16	63895000	63895999	1
chr16	63896000	63896999	0
chr16	63897000	63897999	0
chr16	63898000	63898999	5
chr16	63899000	63899999	3
chr16	63900000	63900999	8
chr16	63901000	63901999	7
chr16	63902000	63902999	7
chr16	63903000	63903999	10
chr16	63904000	63904999	13
chr16	63905000	63905999	3
chr16	63906000	63906999	4
chr16	63907000	63907999	6
chr16	63908000	63908999	0
chr16	63909000	63909999	0
chr16	63910000	63910999	0
chr16	63911000	63911999	0
chr16	63912000	63912999	0
chr16	63913000	63913999	5
chr16	63914000	63914999	1
chr16	63915000	63915999	22
chr16	63916000	63916999	0
chr16	63917000	63917999	17
chr16	63918000	63918999	4
chr16	63919000	63919999	13
chr16	63920000	63920999	0
chr16	63921000	63921999	12
chr16	63922000	63922999	16
chr16	63923000	63923999	36
chr16	63924000	63924999	17
chr16	63925000	63925999	0
chr16	63926000	63926999	0
chr16	63927000	63927999	8
chr16	63928000	63928999	0
chr16	63929000	63929999	8
chr16	63930000	63930999	6
chr16	63931000	63931999	11
chr16	63932000	63932999	4
chr16	63933000	63933999	15
chr16	63934000	63934999	0
chr16	63935000	63935999	19
chr16	63936000	63936999	0
chr16	63937000	63937999	5
chr16	63938000	63938999	20
chr16	63939000	63939999	0
chr16	63940000	63940999	0
chr16	63941000	63941999	24
chr16	63942000	63942999	7
chr16	63943000	63943999	2
chr16	63944000	63944999	5
chr16	63945000	63945999	0
chr16	63946000	63946999	8
chr16	63947000	63947999	11
chr16	63948000	63948999	0
chr16	63949000	63949999	46
chr16	63950000	63950999	11
chr16	63951000	63951999	0
chr16	63952000	63952999	12
chr16	63953000	63953999	15
chr16	63954000	63954999	0
chr16	63955000	63955999	9
chr16	63956000	63956999	0
chr16	63957000	63957999	0
chr16	63958000	63958999	11
chr16	63959000	63959999	9
chr16	63960000	63960999	3
chr16	63961000	63961999	9
chr16	63962000	63962999	1
chr16	63963000	63963999	0
chr16	63964000	63964999	21
chr16	63965000	63965999	5
chr16	63966000	63966999	3
chr16	63967000	63967999	5
chr16	63968000	63968999	7
chr16	63969000	63969999	0
chr16	63970000	63970999	0
chr16	63971000	63971999	0
chr16	63972000	63972999	0
chr16	63973000	63973999	0
chr16	63974000	63974999	6
chr16	63975000	63975999	10
chr16	63976000	63976999	0
chr16	63977000	63977999	9
chr16	63978000	63978999	0
chr16	63979000	63979999	8
chr16	63980000	63980999	39
chr16	63981000	63981999	0
chr16	63982000	63982999	0
chr16	63983000	63983999	5
chr16	63984000	63984999	0
chr16	63985000	63985999	0
chr16	63986000	63986999	12
chr16	63987000	63987999	0
chr16	63988000	63988999	5
chr16	63989000	63989999	6
chr16	63990000	63990999	6
chr16	63991000	63991999	4
chr16	63992000	63992999	0
chr16	63993000	63993999	13
chr16	63994000	63994999	10
chr16	63995000	63995999	8
chr16	63996000	63996999	9
chr16	63997000	63997999	0
chr16	63998000	63998999	0
chr16	63999000	63999999	12
chr16	64000000	64000999	0
chr16	64001000	64001999	0
chr16	64002000	64002999	27
chr16	64003000	64003999	12
chr16	64004000	64004999	0
chr16	64005000	64005999	0
chr16	64006000	64006999	0
chr16	64007000	64007999	0
chr16	64008000	64008999	0
chr16	64009000	64009999	6
chr16	64010000	64010999	18
chr16	64011000	64011999	13
chr16	64012000	64012999	1
chr16	64013000	64013999	7
chr16	64014000	64014999	12
chr16	64015000	64015999	1
chr16	64016000	64016999	3
chr16	64017000	64017999	6
chr16	64018000	64018999	6
chr16	64019000	64019999	21
chr16	64020000	64020999	0
chr16	64021000	64021999	25
chr16	64022000	64022999	1
chr16	64023000	64023999	19
chr16	64024000	64024999	16
chr16	64025000	64025999	8
chr16	64026000	64026999	0
chr16	64027000	64027999	8
chr16	64028000	64028999	7
chr16	64029000	64029999	0
chr16	64030000	64030999	6
chr16	64031000	64031999	9
chr16	64032000	64032999	4
chr16	64033000	64033999	0
chr16	64034000	64034999	0
chr16	64035000	64035999	12
chr16	64036000	64036999	8
chr16	64037000	64037999	0
chr16	64038000	64038999	0
chr16	64039000	64039999	18
chr16	64040000	64040999	0
chr16	64041000	64041999	5
chr16	64042000	64042999	5
chr16	64043000	64043999	31
chr16	64044000	64044999	7
chr16	64045000	64045999	0
chr16	64046000	64046999	12
chr16	64047000	64047999	18
chr16	64048000	64048999	12
chr16	64049000	64049999	0
chr16	64050000	64050999	43
chr16	64051000	64051999	3
chr16	64052000	64052999	23
chr16	64053000	64053999	0
chr16	64054000	64054999	2
chr16	64055000	64055999	5
chr16	64056000	64056999	0
chr16	64057000	64057999	0
chr16	64058000	64058999	2
chr16	64059000	64059999	0
chr16	64060000	64060999	0
chr16	64061000	64061999	11
chr16	64062000	64062999	7
chr16	64063000	64063999	0
chr16	64064000	64064999	0
chr16	64065000	64065999	10
chr16	64066000	64066999	0
chr16	64067000	64067999	6
chr16	64068000	64068999	5
chr16	64069000	64069999	16
chr16	64070000	64070999	0
chr16	64071000	64071999	0
chr16	64072000	64072999	10
chr16	64073000	64073999	2
chr16	64074000	64074999	17
chr16	64075000	64075999	3
chr16	64076000	64076999	5
chr16	64077000	64077999	10
chr16	64078000	64078999	0
chr16	64079000	64079999	0
chr16	64080000	64080999	27
chr16	64081000	64081999	7
chr16	64082000	64082999	13
chr16	64083000	64083999	29
chr16	64084000	64084999	0
chr16	64085000	64085999	18
chr16	64086000	64086999	2
chr16	64087000	64087999	0
chr16	64088000	64088999	9
chr16	64089000	64089999	0
chr16	64090000	64090999	10
chr16	64091000	64091999	7
chr16	64092000	64092999	17
chr16	64093000	64093999	4
chr16	64094000	64094999	0
chr16	64095000	64095999	11
chr16	64096000	64096999	0
chr16	64097000	64097999	8
chr16	64098000	64098999	0
chr16	64099000	64099999	2
chr16	64100000	64100999	7
chr16	64101000	64101999	19
chr16	64102000	64102999	23
chr16	64103000	64103999	10
chr16	64104000	64104999	1
chr16	64105000	64105999	16
chr16	64106000	64106999	0
chr16	64107000	64107999	0
chr16	64108000	64108999	8
chr16	64109000	64109999	8
chr16	64110000	64110999	9
chr16	64111000	64111999	0
chr16	64112000	64112999	1
chr16	64113000	64113999	0
chr16	64114000	64114999	0
chr16	64115000	64115999	10
chr16	64116000	64116999	10
chr16	64117000	64117999	16
chr16	64118000	64118999	0
chr16	64119000	64119999	0
chr16	64120000	64120999	1
chr16	64121000	64121999	21
chr16	64122000	64122999	0
chr16	64123000	64123999	0
chr16	64124000	64124999	4
chr16	64125000	64125999	1
chr16	64126000	64126999	11
chr16	64127000	64127999	4
chr16	64128000	64128999	12
chr16	64129000	64129999	16
chr16	64130000	64130999	12
chr16	64131000	64131999	0
chr16	64132000	64132999	0
chr16	64133000	64133999	0
chr16	64134000	64134999	9
chr16	64135000	64135999	23
chr16	64136000	64136999	10
chr16	64137000	64137999	29
chr16	64138000	64138999	11
chr16	64139000	64139999	0
chr16	64140000	64140999	9
chr16	64141000	64141999	14
chr16	64142000	64142999	3
chr16	64143000	64143999	21
chr16	64144000	64144999	0
chr16	64145000	64145999	12
chr16	64146000	64146999	3
chr16	64147000	64147999	12
chr16	64148000	64148999	8
chr16	64149000	64149999	21
chr16	64150000	64150999	16
chr16	64151000	64151999	3
chr16	64152000	64152999	0
chr16	64153000	64153999	0
chr16	64154000	64154999	1
chr16	64155000	64155999	31
chr16	64156000	64156999	17
chr16	64157000	64157999	3
chr16	64158000	64158999	3
chr16	64159000	64159999	19
chr16	64160000	64160999	0
chr16	64161000	64161999	22
chr16	64162000	64162999	6
chr16	64163000	64163999	13
chr16	64164000	64164999	12
chr16	64165000	64165999	3
chr16	64166000	64166999	18
chr16	64167000	64167999	5
chr16	64168000	64168999	0
chr16	64169000	64169999	9
chr16	64170000	64170999	0
chr16	64171000	64171999	5
chr16	64172000	64172999	0
chr16	64173000	64173999	0
chr16	64174000	64174999	0
chr16	64175000	64175999	13
chr16	64176000	64176999	26
chr16	64177000	64177999	2
chr16	64178000	64178999	4
chr16	64179000	64179999	16
chr16	64180000	64180999	3
chr16	64181000	64181999	6
chr16	64182000	64182999	12
chr16	64183000	64183999	20
chr16	64184000	64184999	15
chr16	64185000	64185999	5
chr16	64186000	64186999	2
chr16	64187000	64187999	5
chr16	64188000	64188999	14
chr16	64189000	64189999	4
chr16	64190000	64190999	0
chr16	64191000	64191999	0
chr16	64192000	64192999	0
chr16	64193000	64193999	5
chr16	64194000	64194999	0
chr16	64195000	64195999	14
chr16	64196000	64196999	0
chr16	64197000	64197999	0
chr16	64198000	64198999	2
chr16	64199000	64199999	2
chr16	64200000	64200999	34
chr16	64201000	64201999	9
chr16	64202000	64202999	6
chr16	64203000	64203999	9
chr16	64204000	64204999	28
chr16	64205000	64205999	5
chr16	64206000	64206999	17
chr16	64207000	64207999	0
chr16	64208000	64208999	4
chr16	64209000	64209999	12
chr16	64210000	64210999	0
chr16	64211000	64211999	12
chr16	64212000	64212999	0
chr16	64213000	64213999	13
chr16	64214000	64214999	32
chr16	64215000	64215999	7
chr16	64216000	64216999	10
chr16	64217000	64217999	10
chr16	64218000	64218999	20
chr16	64219000	64219999	5
chr16	64220000	64220999	15
chr16	64221000	64221999	2
chr16	64222000	64222999	19
chr16	64223000	64223999	3
chr16	64224000	64224999	21
chr16	64225000	64225999	5
chr16	64226000	64226999	5
chr16	64227000	64227999	0
chr16	64228000	64228999	16
chr16	64229000	64229999	0
chr16	64230000	64230999	0
chr16	64231000	64231999	4
chr16	64232000	64232999	0
chr16	64233000	64233999	0
chr16	64234000	64234999	0
chr16	64235000	64235999	3
chr16	64236000	64236999	7
chr16	64237000	64237999	4
chr16	64238000	64238999	11
chr16	64239000	64239999	7
chr16	64240000	64240999	0
chr16	64241000	64241999	0
chr16	64242000	64242999	0
chr16	64243000	64243999	13
chr16	64244000	64244999	2
chr16	64245000	64245999	21
chr16	64246000	64246999	14
chr16	64247000	64247999	4
chr16	64248000	64248999	8
chr16	64249000	64249999	22
chr16	64250000	64250999	16
chr16	64251000	64251999	0
chr16	64252000	64252999	24
chr16	64253000	64253999	0
chr16	64254000	64254999	8
chr16	64255000	64255999	9
chr16	64256000	64256999	25
chr16	64257000	64257999	0
chr16	64258000	64258999	5
chr16	64259000	64259999	1
chr16	64260000	64260999	21
chr16	64261000	64261999	21
chr16	64262000	64262999	10
chr16	64263000	64263999	2
chr16	64264000	64264999	0
chr16	64265000	64265999	26
chr16	64266000	64266999	11
chr16	64267000	64267999	0
chr16	64268000	64268999	11
chr16	64269000	64269999	5
chr16	64270000	64270999	6
chr16	64271000	64271999	3
chr16	64272000	64272999	4
chr16	64273000	64273999	2
chr16	64274000	64274999	22
chr16	64275000	64275999	8
chr16	64276000	64276999	0
chr16	64277000	64277999	7
chr16	64278000	64278999	0
chr16	64279000	64279999	3
chr16	64280000	64280999	7
chr16	64281000	64281999	13
chr16	64282000	64282999	10
chr16	64283000	64283999	27
chr16	64284000	64284999	2
chr16	64285000	64285999	0
chr16	64286000	64286999	0
chr16	64287000	64287999	12
chr16	64288000	64288999	3
chr16	64289000	64289999	10
chr16	64290000	64290999	8
chr16	64291000	64291999	0
chr16	64292000	64292999	10
chr16	64293000	64293999	15
chr16	64294000	64294999	17
chr16	64295000	64295999	3
chr16	64296000	64296999	12
chr16	64297000	64297999	7
chr16	64298000	64298999	0
chr16	64299000	64299999	6
chr16	64300000	64300999	0
chr16	64301000	64301999	2
chr16	64302000	64302999	0
chr16	64303000	64303999	0
chr16	64304000	64304999	2
chr16	64305000	64305999	0
chr16	64306000	64306999	0
chr16	64307000	64307999	0
chr16	64308000	64308999	0
chr16	64309000	64309999	0
chr16	64310000	64310999	7
chr16	64311000	64311999	10
chr16	64312000	64312999	0
chr16	64313000	64313999	28
chr16	64314000	64314999	0
chr16	64315000	64315999	4
chr16	64316000	64316999	0
chr16	64317000	64317999	19
chr16	64318000	64318999	0
chr16	64319000	64319999	0
chr16	64320000	64320999	12
chr16	64321000	64321999	4
chr16	64322000	64322999	15
chr16	64323000	64323999	0
chr16	64324000	64324999	12
chr16	64325000	64325999	0
chr16	64326000	64326999	11
chr16	64327000	64327999	13
chr16	64328000	64328999	39
chr16	64329000	64329999	9
chr16	64330000	64330999	11
chr16	64331000	64331999	5
chr16	64332000	64332999	2
chr16	64333000	64333999	0
chr16	64334000	64334999	23
chr16	64335000	64335999	9
chr16	64336000	64336999	5
chr16	64337000	64337999	10
chr16	64338000	64338999	7
chr16	64339000	64339999	6
chr16	64340000	64340999	23
chr16	64341000	64341999	0
chr16	64342000	64342999	3
chr16	64343000	64343999	18
chr16	64344000	64344999	9
chr16	64345000	64345999	3
chr16	64346000	64346999	0
chr16	64347000	64347999	9
chr16	64348000	64348999	18
chr16	64349000	64349999	13
chr16	64350000	64350999	23
chr16	64351000	64351999	1
chr16	64352000	64352999	13
chr16	64353000	64353999	19
chr16	64354000	64354999	10
chr16	64355000	64355999	4
chr16	64356000	64356999	38
chr16	64357000	64357999	0
chr16	64358000	64358999	17
chr16	64359000	64359999	0
chr16	64360000	64360999	12
chr16	64361000	64361999	0
chr16	64362000	64362999	0
chr16	64363000	64363999	9
chr16	64364000	64364999	3
chr16	64365000	64365999	5
chr16	64366000	64366999	15
chr16	64367000	64367999	29
chr16	64368000	64368999	4
chr16	64369000	64369999	27
chr16	64370000	64370999	14
chr16	64371000	64371999	15
chr16	64372000	64372999	8
chr16	64373000	64373999	10
chr16	64374000	64374999	0
chr16	64375000	64375999	0
chr16	64376000	64376999	0
chr16	64377000	64377999	10
chr16	64378000	64378999	9
chr16	64379000	64379999	0
chr16	64380000	64380999	0
chr16	64381000	64381999	0
chr16	64382000	64382999	21
chr16	64383000	64383999	9
chr16	64384000	64384999	4
chr16	64385000	64385999	0
chr16	64386000	64386999	7
chr16	64387000	64387999	7
chr16	64388000	64388999	13
chr16	64389000	64389999	20
chr16	64390000	64390999	26
chr16	64391000	64391999	9
chr16	64392000	64392999	0
chr16	64393000	64393999	30
chr16	64394000	64394999	7
chr16	64395000	64395999	13
chr16	64396000	64396999	12
chr16	64397000	64397999	0
chr16	64398000	64398999	2
chr16	64399000	64399999	0
chr16	64400000	64400999	0
chr16	64401000	64401999	1
chr16	64402000	64402999	0
chr16	64403000	64403999	8
chr16	64404000	64404999	8
chr16	64405000	64405999	15
chr16	64406000	64406999	5
chr16	64407000	64407999	5
chr16	64408000	64408999	15
chr16	64409000	64409999	21
chr16	64410000	64410999	2
chr16	64411000	64411999	12
chr16	64412000	64412999	0
chr16	64413000	64413999	0
chr16	64414000	64414999	0
chr16	64415000	64415999	0
chr16	64416000	64416999	0
chr16	64417000	64417999	14
chr16	64418000	64418999	3
chr16	64419000	64419999	0
chr16	64420000	64420999	4
chr16	64421000	64421999	0
chr16	64422000	64422999	0
chr16	64423000	64423999	0
chr16	64424000	64424999	0
chr16	64425000	64425999	0
chr16	64426000	64426999	20
chr16	64427000	64427999	17
chr16	64428000	64428999	0
chr16	64429000	64429999	0
chr16	64430000	64430999	2
chr16	64431000	64431999	9
chr16	64432000	64432999	14
chr16	64433000	64433999	4
chr16	64434000	64434999	17
chr16	64435000	64435999	13
chr16	64436000	64436999	14
chr16	64437000	64437999	11
chr16	64438000	64438999	5
chr16	64439000	64439999	5
chr16	64440000	64440999	2
chr16	64441000	64441999	1
chr16	64442000	64442999	4
chr16	64443000	64443999	9
chr16	64444000	64444999	9
chr16	64445000	64445999	1
chr16	64446000	64446999	0
chr16	64447000	64447999	2
chr16	64448000	64448999	23
chr16	64449000	64449999	14
chr16	64450000	64450999	0
chr16	64451000	64451999	0
chr16	64452000	64452999	0
chr16	64453000	64453999	0
chr16	64454000	64454999	0
chr16	64455000	64455999	0
chr16	64456000	64456999	0
chr16	64457000	64457999	5
chr16	64458000	64458999	6
chr16	64459000	64459999	7
chr16	64460000	64460999	7
chr16	64461000	64461999	3
chr16	64462000	64462999	0
chr16	64463000	64463999	20
chr16	64464000	64464999	9
chr16	64465000	64465999	9
chr16	64466000	64466999	42
chr16	64467000	64467999	0
chr16	64468000	64468999	0
chr16	64469000	64469999	0
chr16	64470000	64470999	6
chr16	64471000	64471999	9
chr16	64472000	64472999	13
chr16	64473000	64473999	21
chr16	64474000	64474999	10
chr16	64475000	64475999	8
chr16	64476000	64476999	4
chr16	64477000	64477999	0
chr16	64478000	64478999	22
chr16	64479000	64479999	15
chr16	64480000	64480999	3
chr16	64481000	64481999	0
chr16	64482000	64482999	9
chr16	64483000	64483999	11
chr16	64484000	64484999	0
chr16	64485000	64485999	18
chr16	64486000	64486999	13
chr16	64487000	64487999	1
chr16	64488000	64488999	6
chr16	64489000	64489999	13
chr16	64490000	64490999	8
chr16	64491000	64491999	24
chr16	64492000	64492999	3
chr16	64493000	64493999	0
chr16	64494000	64494999	10
chr16	64495000	64495999	5
chr16	64496000	64496999	4
chr16	64497000	64497999	0
chr16	64498000	64498999	2
chr16	64499000	64499999	0
chr16	64500000	64500999	8
chr16	64501000	64501999	5
chr16	64502000	64502999	14
chr16	64503000	64503999	8
chr16	64504000	64504999	3
chr16	64505000	64505999	1
chr16	64506000	64506999	0
chr16	64507000	64507999	27
chr16	64508000	64508999	2
chr16	64509000	64509999	0
chr16	64510000	64510999	4
chr16	64511000	64511999	2
chr16	64512000	64512999	9
chr16	64513000	64513999	12
chr16	64514000	64514999	0
chr16	64515000	64515999	7
chr16	64516000	64516999	13
chr16	64517000	64517999	2
chr16	64518000	64518999	20
chr16	64519000	64519999	6
chr16	64520000	64520999	2
chr16	64521000	64521999	0
chr16	64522000	64522999	0
chr16	64523000	64523999	22
chr16	64524000	64524999	25
chr16	64525000	64525999	12
chr16	64526000	64526999	12
chr16	64527000	64527999	5
chr16	64528000	64528999	0
chr16	64529000	64529999	15
chr16	64530000	64530999	0
chr16	64531000	64531999	6
chr16	64532000	64532999	0
chr16	64533000	64533999	0
chr16	64534000	64534999	0
chr16	64535000	64535999	7
chr16	64536000	64536999	0
chr16	64537000	64537999	12
chr16	64538000	64538999	6
chr16	64539000	64539999	13
chr16	64540000	64540999	2
chr16	64541000	64541999	0
chr16	64542000	64542999	1
chr16	64543000	64543999	7
chr16	64544000	64544999	0
chr16	64545000	64545999	0
chr16	64546000	64546999	4
chr16	64547000	64547999	10
chr16	64548000	64548999	0
chr16	64549000	64549999	0
chr16	64550000	64550999	24
chr16	64551000	64551999	9
chr16	64552000	64552999	15
chr16	64553000	64553999	10
chr16	64554000	64554999	2
chr16	64555000	64555999	3
chr16	64556000	64556999	8
chr16	64557000	64557999	5
chr16	64558000	64558999	8
chr16	64559000	64559999	12
chr16	64560000	64560999	16
chr16	64561000	64561999	9
chr16	64562000	64562999	18
chr16	64563000	64563999	17
chr16	64564000	64564999	2
chr16	64565000	64565999	9
chr16	64566000	64566999	18
chr16	64567000	64567999	4
chr16	64568000	64568999	9
chr16	64569000	64569999	20
chr16	64570000	64570999	16
chr16	64571000	64571999	0
chr16	64572000	64572999	0
chr16	64573000	64573999	0
chr16	64574000	64574999	0
chr16	64575000	64575999	0
chr16	64576000	64576999	0
chr16	64577000	64577999	0
chr16	64578000	64578999	0
chr16	64579000	64579999	5
chr16	64580000	64580999	21
chr16	64581000	64581999	6
chr16	64582000	64582999	4
chr16	64583000	64583999	2
chr16	64584000	64584999	0
chr16	64585000	64585999	7
chr16	64586000	64586999	10
chr16	64587000	64587999	0
chr16	64588000	64588999	4
chr16	64589000	64589999	2
chr16	64590000	64590999	4
chr16	64591000	64591999	9
chr16	64592000	64592999	0
chr16	64593000	64593999	16
chr16	64594000	64594999	6
chr16	64595000	64595999	23
chr16	64596000	64596999	10
chr16	64597000	64597999	18
chr16	64598000	64598999	15
chr16	64599000	64599999	15
chr16	64600000	64600999	0
chr16	64601000	64601999	4
chr16	64602000	64602999	0
chr16	64603000	64603999	17
chr16	64604000	64604999	5
chr16	64605000	64605999	8
chr16	64606000	64606999	20
chr16	64607000	64607999	16
chr16	64608000	64608999	0
chr16	64609000	64609999	15
chr16	64610000	64610999	13
chr16	64611000	64611999	9
chr16	64612000	64612999	9
chr16	64613000	64613999	5
chr16	64614000	64614999	0
chr16	64615000	64615999	13
chr16	64616000	64616999	6
chr16	64617000	64617999	24
chr16	64618000	64618999	0
chr16	64619000	64619999	24
chr16	64620000	64620999	3
chr16	64621000	64621999	18
chr16	64622000	64622999	0
chr16	64623000	64623999	15
chr16	64624000	64624999	0
chr16	64625000	64625999	3
chr16	64626000	64626999	4
chr16	64627000	64627999	0
chr16	64628000	64628999	29
chr16	64629000	64629999	4
chr16	64630000	64630999	6
chr16	64631000	64631999	24
chr16	64632000	64632999	0
chr16	64633000	64633999	10
chr16	64634000	64634999	0
chr16	64635000	64635999	26
chr16	64636000	64636999	25
chr16	64637000	64637999	14
chr16	64638000	64638999	26
chr16	64639000	64639999	27
chr16	64640000	64640999	11
chr16	64641000	64641999	13
chr16	64642000	64642999	12
chr16	64643000	64643999	6
chr16	64644000	64644999	0
chr16	64645000	64645999	4
chr16	64646000	64646999	18
chr16	64647000	64647999	7
chr16	64648000	64648999	2
chr16	64649000	64649999	3
chr16	64650000	64650999	13
chr16	64651000	64651999	0
chr16	64652000	64652999	0
chr16	64653000	64653999	0
chr16	64654000	64654999	0
chr16	64655000	64655999	2
chr16	64656000	64656999	15
chr16	64657000	64657999	10
chr16	64658000	64658999	31
chr16	64659000	64659999	0
chr16	64660000	64660999	0
chr16	64661000	64661999	8
chr16	64662000	64662999	0
chr16	64663000	64663999	2
chr16	64664000	64664999	9
chr16	64665000	64665999	15
chr16	64666000	64666999	7
chr16	64667000	64667999	10
chr16	64668000	64668999	8
chr16	64669000	64669999	0
chr16	64670000	64670999	11
chr16	64671000	64671999	4
chr16	64672000	64672999	3
chr16	64673000	64673999	22
chr16	64674000	64674999	4
chr16	64675000	64675999	3
chr16	64676000	64676999	2
chr16	64677000	64677999	9
chr16	64678000	64678999	29
chr16	64679000	64679999	5
chr16	64680000	64680999	6
chr16	64681000	64681999	0
chr16	64682000	64682999	0
chr16	64683000	64683999	13
chr16	64684000	64684999	6
chr16	64685000	64685999	0
chr16	64686000	64686999	0
chr16	64687000	64687999	1
chr16	64688000	64688999	5
chr16	64689000	64689999	15
chr16	64690000	64690999	0
chr16	64691000	64691999	4
chr16	64692000	64692999	7
chr16	64693000	64693999	17
chr16	64694000	64694999	20
chr16	64695000	64695999	1
chr16	64696000	64696999	10
chr16	64697000	64697999	15
chr16	64698000	64698999	19
chr16	64699000	64699999	8
chr16	64700000	64700999	0
chr16	64701000	64701999	1
chr16	64702000	64702999	11
chr16	64703000	64703999	4
chr16	64704000	64704999	30
chr16	64705000	64705999	13
chr16	64706000	64706999	0
chr16	64707000	64707999	10
chr16	64708000	64708999	12
chr16	64709000	64709999	0
chr16	64710000	64710999	13
chr16	64711000	64711999	8
chr16	64712000	64712999	11
chr16	64713000	64713999	16
chr16	64714000	64714999	27
chr16	64715000	64715999	0
chr16	64716000	64716999	25
chr16	64717000	64717999	8
chr16	64718000	64718999	15
chr16	64719000	64719999	8
chr16	64720000	64720999	32
chr16	64721000	64721999	15
chr16	64722000	64722999	8
chr16	64723000	64723999	33
chr16	64724000	64724999	21
chr16	64725000	64725999	50
chr16	64726000	64726999	8
chr16	64727000	64727999	14
chr16	64728000	64728999	8
chr16	64729000	64729999	8
chr16	64730000	64730999	13
chr16	64731000	64731999	11
chr16	64732000	64732999	11
chr16	64733000	64733999	17
chr16	64734000	64734999	4
chr16	64735000	64735999	3
chr16	64736000	64736999	16
chr16	64737000	64737999	5
chr16	64738000	64738999	13
chr16	64739000	64739999	1
chr16	64740000	64740999	21
chr16	64741000	64741999	17
chr16	64742000	64742999	5
chr16	64743000	64743999	7
chr16	64744000	64744999	4
chr16	64745000	64745999	21
chr16	64746000	64746999	16
chr16	64747000	64747999	10
chr16	64748000	64748999	0
chr16	64749000	64749999	0
chr16	64750000	64750999	21
chr16	64751000	64751999	4
chr16	64752000	64752999	9
chr16	64753000	64753999	6
chr16	64754000	64754999	4
chr16	64755000	64755999	17
chr16	64756000	64756999	15
chr16	64757000	64757999	9
chr16	64758000	64758999	15
chr16	64759000	64759999	3
chr16	64760000	64760999	3
chr16	64761000	64761999	19
chr16	64762000	64762999	12
chr16	64763000	64763999	0
chr16	64764000	64764999	4
chr16	64765000	64765999	0
chr16	64766000	64766999	1
chr16	64767000	64767999	0
chr16	64768000	64768999	8
chr16	64769000	64769999	10
chr16	64770000	64770999	91
chr16	64771000	64771999	34
chr16	64772000	64772999	12
chr16	64773000	64773999	14
chr16	64774000	64774999	0
chr16	64775000	64775999	0
chr16	64776000	64776999	10
chr16	64777000	64777999	9
chr16	64778000	64778999	0
chr16	64779000	64779999	9
chr16	64780000	64780999	7
chr16	64781000	64781999	7
chr16	64782000	64782999	0
chr16	64783000	64783999	4
chr16	64784000	64784999	5
chr16	64785000	64785999	7
chr16	64786000	64786999	10
chr16	64787000	64787999	7
chr16	64788000	64788999	0
chr16	64789000	64789999	4
chr16	64790000	64790999	5
chr16	64791000	64791999	19
chr16	64792000	64792999	8
chr16	64793000	64793999	6
chr16	64794000	64794999	3
chr16	64795000	64795999	20
chr16	64796000	64796999	6
chr16	64797000	64797999	17
chr16	64798000	64798999	6
chr16	64799000	64799999	17
chr16	64800000	64800999	0
chr16	64801000	64801999	28
chr16	64802000	64802999	26
chr16	64803000	64803999	7
chr16	64804000	64804999	0
chr16	64805000	64805999	8
chr16	64806000	64806999	4
chr16	64807000	64807999	0
chr16	64808000	64808999	0
chr16	64809000	64809999	0
chr16	64810000	64810999	0
chr16	64811000	64811999	0
chr16	64812000	64812999	0
chr16	64813000	64813999	31
chr16	64814000	64814999	0
chr16	64815000	64815999	0
chr16	64816000	64816999	8
chr16	64817000	64817999	3
chr16	64818000	64818999	34
chr16	64819000	64819999	5
chr16	64820000	64820999	15
chr16	64821000	64821999	18
chr16	64822000	64822999	39
chr16	64823000	64823999	3
chr16	64824000	64824999	10
chr16	64825000	64825999	14
chr16	64826000	64826999	0
chr16	64827000	64827999	14
chr16	64828000	64828999	11
chr16	64829000	64829999	4
chr16	64830000	64830999	7
chr16	64831000	64831999	4
chr16	64832000	64832999	7
chr16	64833000	64833999	20
chr16	64834000	64834999	19
chr16	64835000	64835999	26
chr16	64836000	64836999	14
chr16	64837000	64837999	8
chr16	64838000	64838999	8
chr16	64839000	64839999	0
chr16	64840000	64840999	2
chr16	64841000	64841999	25
chr16	64842000	64842999	25
chr16	64843000	64843999	0
chr16	64844000	64844999	8
chr16	64845000	64845999	12
chr16	64846000	64846999	30
chr16	64847000	64847999	13
chr16	64848000	64848999	0
chr16	64849000	64849999	9
chr16	64850000	64850999	26
chr16	64851000	64851999	166
chr16	64852000	64852999	116
chr16	64853000	64853999	22
chr16	64854000	64854999	10
chr16	64855000	64855999	1
chr16	64856000	64856999	20
chr16	64857000	64857999	2
chr16	64858000	64858999	0
chr16	64859000	64859999	0
chr16	64860000	64860999	10
chr16	64861000	64861999	12
chr16	64862000	64862999	8
chr16	64863000	64863999	35
chr16	64864000	64864999	11
chr16	64865000	64865999	0
chr16	64866000	64866999	7
chr16	64867000	64867999	6
chr16	64868000	64868999	39
chr16	64869000	64869999	12
chr16	64870000	64870999	0
chr16	64871000	64871999	10
chr16	64872000	64872999	15
chr16	64873000	64873999	91
chr16	64874000	64874999	14
chr16	64875000	64875999	13
chr16	64876000	64876999	18
chr16	64877000	64877999	14
chr16	64878000	64878999	3
chr16	64879000	64879999	12
chr16	64880000	64880999	12
chr16	64881000	64881999	18
chr16	64882000	64882999	3
chr16	64883000	64883999	0
chr16	64884000	64884999	7
chr16	64885000	64885999	5
chr16	64886000	64886999	0
chr16	64887000	64887999	10
chr16	64888000	64888999	0
chr16	64889000	64889999	0
chr16	64890000	64890999	4
chr16	64891000	64891999	0
chr16	64892000	64892999	0
chr16	64893000	64893999	17
chr16	64894000	64894999	0
chr16	64895000	64895999	3
chr16	64896000	64896999	26
chr16	64897000	64897999	11
chr16	64898000	64898999	23
chr16	64899000	64899999	20
chr16	64900000	64900999	0
chr16	64901000	64901999	1
chr16	64902000	64902999	1
chr16	64903000	64903999	7
chr16	64904000	64904999	5
chr16	64905000	64905999	13
chr16	64906000	64906999	0
chr16	64907000	64907999	21
chr16	64908000	64908999	5
chr16	64909000	64909999	7
chr16	64910000	64910999	13
chr16	64911000	64911999	2
chr16	64912000	64912999	0
chr16	64913000	64913999	16
chr16	64914000	64914999	1
chr16	64915000	64915999	0
chr16	64916000	64916999	13
chr16	64917000	64917999	12
chr16	64918000	64918999	4
chr16	64919000	64919999	19
chr16	64920000	64920999	6
chr16	64921000	64921999	10
chr16	64922000	64922999	13
chr16	64923000	64923999	95
chr16	64924000	64924999	38
chr16	64925000	64925999	2
chr16	64926000	64926999	2
chr16	64927000	64927999	7
chr16	64928000	64928999	6
chr16	64929000	64929999	3
chr16	64930000	64930999	3
chr16	64931000	64931999	0
chr16	64932000	64932999	0
chr16	64933000	64933999	6
chr16	64934000	64934999	0
chr16	64935000	64935999	2
chr16	64936000	64936999	3
chr16	64937000	64937999	11
chr16	64938000	64938999	20
chr16	64939000	64939999	18
chr16	64940000	64940999	12
chr16	64941000	64941999	16
chr16	64942000	64942999	18
chr16	64943000	64943999	9
chr16	64944000	64944999	0
chr16	64945000	64945999	20
chr16	64946000	64946999	7
chr16	64947000	64947999	0
chr16	64948000	64948999	4
chr16	64949000	64949999	21
chr16	64950000	64950999	0
chr16	64951000	64951999	0
chr16	64952000	64952999	0
chr16	64953000	64953999	20
chr16	64954000	64954999	5
chr16	64955000	64955999	29
chr16	64956000	64956999	3
chr16	64957000	64957999	7
chr16	64958000	64958999	14
chr16	64959000	64959999	21
chr16	64960000	64960999	31
chr16	64961000	64961999	11
chr16	64962000	64962999	13
chr16	64963000	64963999	1
chr16	64964000	64964999	17
chr16	64965000	64965999	20
chr16	64966000	64966999	0
chr16	64967000	64967999	16
chr16	64968000	64968999	0
chr16	64969000	64969999	0
chr16	64970000	64970999	5
chr16	64971000	64971999	1
chr16	64972000	64972999	3
chr16	64973000	64973999	1
chr16	64974000	64974999	17
chr16	64975000	64975999	12
chr16	64976000	64976999	14
chr16	64977000	64977999	4
chr16	64978000	64978999	0
chr16	64979000	64979999	18
chr16	64980000	64980999	0
chr16	64981000	64981999	7
chr16	64982000	64982999	0
chr16	64983000	64983999	16
chr16	64984000	64984999	0
chr16	64985000	64985999	0
chr16	64986000	64986999	14
chr16	64987000	64987999	12
chr16	64988000	64988999	0
chr16	64989000	64989999	1
chr16	64990000	64990999	26
chr16	64991000	64991999	27
chr16	64992000	64992999	4
chr16	64993000	64993999	0
chr16	64994000	64994999	0
chr16	64995000	64995999	0
chr16	64996000	64996999	0
chr16	64997000	64997999	0
chr16	64998000	64998999	0
chr16	64999000	64999999	0
chr16	65000000	65000999	6
chr16	65001000	65001999	7
chr16	65002000	65002999	1
chr16	65003000	65003999	2
chr16	65004000	65004999	15
chr16	65005000	65005999	16
chr16	65006000	65006999	24
chr16	65007000	65007999	8
chr16	65008000	65008999	0
chr16	65009000	65009999	6
chr16	65010000	65010999	28
chr16	65011000	65011999	16
chr16	65012000	65012999	0
chr16	65013000	65013999	0
chr16	65014000	65014999	0
chr16	65015000	65015999	28
chr16	65016000	65016999	0
chr16	65017000	65017999	17
chr16	65018000	65018999	3
chr16	65019000	65019999	5
chr16	65020000	65020999	23
chr16	65021000	65021999	3
chr16	65022000	65022999	0
chr16	65023000	65023999	5
chr16	65024000	65024999	5
chr16	65025000	65025999	0
chr16	65026000	65026999	0
chr16	65027000	65027999	13
chr16	65028000	65028999	7
chr16	65029000	65029999	16
chr16	65030000	65030999	5
chr16	65031000	65031999	4
chr16	65032000	65032999	0
chr16	65033000	65033999	3
chr16	65034000	65034999	3
chr16	65035000	65035999	11
chr16	65036000	65036999	8
chr16	65037000	65037999	42
chr16	65038000	65038999	0
chr16	65039000	65039999	0
chr16	65040000	65040999	2
chr16	65041000	65041999	0
chr16	65042000	65042999	0
chr16	65043000	65043999	0
chr16	65044000	65044999	0
chr16	65045000	65045999	0
chr16	65046000	65046999	0
chr16	65047000	65047999	0
chr16	65048000	65048999	4
chr16	65049000	65049999	15
chr16	65050000	65050999	3
chr16	65051000	65051999	12
chr16	65052000	65052999	0
chr16	65053000	65053999	11
chr16	65054000	65054999	18
chr16	65055000	65055999	0
chr16	65056000	65056999	0
chr16	65057000	65057999	0
chr16	65058000	65058999	0
chr16	65059000	65059999	0
chr16	65060000	65060999	0
chr16	65061000	65061999	0
chr16	65062000	65062999	0
chr16	65063000	65063999	0
chr16	65064000	65064999	4
chr16	65065000	65065999	0
chr16	65066000	65066999	14
chr16	65067000	65067999	3
chr16	65068000	65068999	5
chr16	65069000	65069999	0
chr16	65070000	65070999	18
chr16	65071000	65071999	8
chr16	65072000	65072999	18
chr16	65073000	65073999	2
chr16	65074000	65074999	11
chr16	65075000	65075999	14
chr16	65076000	65076999	23
chr16	65077000	65077999	0
chr16	65078000	65078999	4
chr16	65079000	65079999	8
chr16	65080000	65080999	8
chr16	65081000	65081999	0
chr16	65082000	65082999	19
chr16	65083000	65083999	9
chr16	65084000	65084999	13
chr16	65085000	65085999	0
chr16	65086000	65086999	33
chr16	65087000	65087999	14
chr16	65088000	65088999	10
chr16	65089000	65089999	8
chr16	65090000	65090999	0
chr16	65091000	65091999	16
chr16	65092000	65092999	4
chr16	65093000	65093999	4
chr16	65094000	65094999	17
chr16	65095000	65095999	40
chr16	65096000	65096999	29
chr16	65097000	65097999	7
chr16	65098000	65098999	7
chr16	65099000	65099999	0
chr16	65100000	65100999	7
chr16	65101000	65101999	15
chr16	65102000	65102999	41
chr16	65103000	65103999	15
chr16	65104000	65104999	7
chr16	65105000	65105999	11
chr16	65106000	65106999	19
chr16	65107000	65107999	6
chr16	65108000	65108999	0
chr16	65109000	65109999	12
chr16	65110000	65110999	3
chr16	65111000	65111999	7
chr16	65112000	65112999	18
chr16	65113000	65113999	0
chr16	65114000	65114999	3
chr16	65115000	65115999	13
chr16	65116000	65116999	12
chr16	65117000	65117999	8
chr16	65118000	65118999	18
chr16	65119000	65119999	6
chr16	65120000	65120999	0
chr16	65121000	65121999	9
chr16	65122000	65122999	0
chr16	65123000	65123999	9
chr16	65124000	65124999	10
chr16	65125000	65125999	8
chr16	65126000	65126999	4
chr16	65127000	65127999	16
chr16	65128000	65128999	0
chr16	65129000	65129999	5
chr16	65130000	65130999	20
chr16	65131000	65131999	17
chr16	65132000	65132999	0
chr16	65133000	65133999	12
chr16	65134000	65134999	0
chr16	65135000	65135999	7
chr16	65136000	65136999	12
chr16	65137000	65137999	14
chr16	65138000	65138999	0
chr16	65139000	65139999	0
chr16	65140000	65140999	15
chr16	65141000	65141999	1
chr16	65142000	65142999	6
chr16	65143000	65143999	0
chr16	65144000	65144999	25
chr16	65145000	65145999	9
chr16	65146000	65146999	5
chr16	65147000	65147999	4
chr16	65148000	65148999	2
chr16	65149000	65149999	6
chr16	65150000	65150999	13
chr16	65151000	65151999	8
chr16	65152000	65152999	3
chr16	65153000	65153999	2
chr16	65154000	65154999	27
chr16	65155000	65155999	8
chr16	65156000	65156999	0
chr16	65157000	65157999	25
chr16	65158000	65158999	24
chr16	65159000	65159999	10
chr16	65160000	65160999	16
chr16	65161000	65161999	23
chr16	65162000	65162999	3
chr16	65163000	65163999	0
chr16	65164000	65164999	0
chr16	65165000	65165999	16
chr16	65166000	65166999	2
chr16	65167000	65167999	16
chr16	65168000	65168999	7
chr16	65169000	65169999	14
chr16	65170000	65170999	12
chr16	65171000	65171999	11
chr16	65172000	65172999	12
chr16	65173000	65173999	22
chr16	65174000	65174999	9
chr16	65175000	65175999	9
chr16	65176000	65176999	4
chr16	65177000	65177999	0
chr16	65178000	65178999	0
chr16	65179000	65179999	0
chr16	65180000	65180999	0
chr16	65181000	65181999	0
chr16	65182000	65182999	0
chr16	65183000	65183999	0
chr16	65184000	65184999	24
chr16	65185000	65185999	6
chr16	65186000	65186999	7
chr16	65187000	65187999	7
chr16	65188000	65188999	3
chr16	65189000	65189999	17
chr16	65190000	65190999	1
chr16	65191000	65191999	2
chr16	65192000	65192999	20
chr16	65193000	65193999	0
chr16	65194000	65194999	7
chr16	65195000	65195999	18
chr16	65196000	65196999	7
chr16	65197000	65197999	4
chr16	65198000	65198999	22
chr16	65199000	65199999	6
chr16	65200000	65200999	5
chr16	65201000	65201999	18
chr16	65202000	65202999	4
chr16	65203000	65203999	30
chr16	65204000	65204999	0
chr16	65205000	65205999	33
chr16	65206000	65206999	4
chr16	65207000	65207999	5
chr16	65208000	65208999	2
chr16	65209000	65209999	12
chr16	65210000	65210999	12
chr16	65211000	65211999	0
chr16	65212000	65212999	1
chr16	65213000	65213999	12
chr16	65214000	65214999	0
chr16	65215000	65215999	8
chr16	65216000	65216999	0
chr16	65217000	65217999	3
chr16	65218000	65218999	3
chr16	65219000	65219999	14
chr16	65220000	65220999	0
chr16	65221000	65221999	0
chr16	65222000	65222999	0
chr16	65223000	65223999	19
chr16	65224000	65224999	11
chr16	65225000	65225999	7
chr16	65226000	65226999	0
chr16	65227000	65227999	0
chr16	65228000	65228999	0
chr16	65229000	65229999	0
chr16	65230000	65230999	8
chr16	65231000	65231999	0
chr16	65232000	65232999	18
chr16	65233000	65233999	7
chr16	65234000	65234999	22
chr16	65235000	65235999	6
chr16	65236000	65236999	3
chr16	65237000	65237999	0
chr16	65238000	65238999	4
chr16	65239000	65239999	3
chr16	65240000	65240999	1
chr16	65241000	65241999	4
chr16	65242000	65242999	0
chr16	65243000	65243999	3
chr16	65244000	65244999	21
chr16	65245000	65245999	0
chr16	65246000	65246999	7
chr16	65247000	65247999	6
chr16	65248000	65248999	3
chr16	65249000	65249999	10
chr16	65250000	65250999	8
chr16	65251000	65251999	0
chr16	65252000	65252999	7
chr16	65253000	65253999	10
chr16	65254000	65254999	0
chr16	65255000	65255999	0
chr16	65256000	65256999	0
chr16	65257000	65257999	0
chr16	65258000	65258999	0
chr16	65259000	65259999	0
chr16	65260000	65260999	0
chr16	65261000	65261999	0
chr16	65262000	65262999	0
chr16	65263000	65263999	0
chr16	65264000	65264999	0
chr16	65265000	65265999	0
chr16	65266000	65266999	0
chr16	65267000	65267999	0
chr16	65268000	65268999	0
chr16	65269000	65269999	0
chr16	65270000	65270999	0
chr16	65271000	65271999	0
chr16	65272000	65272999	0
chr16	65273000	65273999	0
chr16	65274000	65274999	0
chr16	65275000	65275999	0
chr16	65276000	65276999	0
chr16	65277000	65277999	0
chr16	65278000	65278999	0
chr16	65279000	65279999	0
chr16	65280000	65280999	0
chr16	65281000	65281999	0
chr16	65282000	65282999	0
chr16	65283000	65283999	0
chr16	65284000	65284999	0
chr16	65285000	65285999	0
chr16	65286000	65286999	0
chr16	65287000	65287999	0
chr16	65288000	65288999	0
chr16	65289000	65289999	0
chr16	65290000	65290999	0
chr16	65291000	65291999	0
chr16	65292000	65292999	0
chr16	65293000	65293999	0
chr16	65294000	65294999	2
chr16	65295000	65295999	6
chr16	65296000	65296999	8
chr16	65297000	65297999	13
chr16	65298000	65298999	0
chr16	65299000	65299999	20
chr16	65300000	65300999	24
chr16	65301000	65301999	5
chr16	65302000	65302999	16
chr16	65303000	65303999	16
chr16	65304000	65304999	9
chr16	65305000	65305999	0
chr16	65306000	65306999	26
chr16	65307000	65307999	0
chr16	65308000	65308999	11
chr16	65309000	65309999	44
chr16	65310000	65310999	0
chr16	65311000	65311999	4
chr16	65312000	65312999	23
chr16	65313000	65313999	4
chr16	65314000	65314999	0
chr16	65315000	65315999	11
chr16	65316000	65316999	0
chr16	65317000	65317999	0
chr16	65318000	65318999	0
chr16	65319000	65319999	0
chr16	65320000	65320999	0
chr16	65321000	65321999	0
chr16	65322000	65322999	12
chr16	65323000	65323999	19
chr16	65324000	65324999	0
chr16	65325000	65325999	18
chr16	65326000	65326999	7
chr16	65327000	65327999	11
chr16	65328000	65328999	27
chr16	65329000	65329999	14
chr16	65330000	65330999	3
chr16	65331000	65331999	4
chr16	65332000	65332999	5
chr16	65333000	65333999	7
chr16	65334000	65334999	35
chr16	65335000	65335999	2
chr16	65336000	65336999	0
chr16	65337000	65337999	3
chr16	65338000	65338999	10
chr16	65339000	65339999	9
chr16	65340000	65340999	4
chr16	65341000	65341999	0
chr16	65342000	65342999	11
chr16	65343000	65343999	28
chr16	65344000	65344999	48
chr16	65345000	65345999	0
chr16	65346000	65346999	0
chr16	65347000	65347999	9
chr16	65348000	65348999	15
chr16	65349000	65349999	21
chr16	65350000	65350999	0
chr16	65351000	65351999	20
chr16	65352000	65352999	14
chr16	65353000	65353999	19
chr16	65354000	65354999	15
chr16	65355000	65355999	14
chr16	65356000	65356999	0
chr16	65357000	65357999	3
chr16	65358000	65358999	3
chr16	65359000	65359999	14
chr16	65360000	65360999	10
chr16	65361000	65361999	3
chr16	65362000	65362999	15
chr16	65363000	65363999	6
chr16	65364000	65364999	10
chr16	65365000	65365999	3
chr16	65366000	65366999	10
chr16	65367000	65367999	27
chr16	65368000	65368999	6
chr16	65369000	65369999	4
chr16	65370000	65370999	1
chr16	65371000	65371999	0
chr16	65372000	65372999	6
chr16	65373000	65373999	5
chr16	65374000	65374999	0
chr16	65375000	65375999	12
chr16	65376000	65376999	12
chr16	65377000	65377999	30
chr16	65378000	65378999	22
chr16	65379000	65379999	24
chr16	65380000	65380999	11
chr16	65381000	65381999	17
chr16	65382000	65382999	5
chr16	65383000	65383999	18
chr16	65384000	65384999	3
chr16	65385000	65385999	1
chr16	65386000	65386999	4
chr16	65387000	65387999	0
chr16	65388000	65388999	5
chr16	65389000	65389999	7
chr16	65390000	65390999	3
chr16	65391000	65391999	9
chr16	65392000	65392999	13
chr16	65393000	65393999	11
chr16	65394000	65394999	3
chr16	65395000	65395999	4
chr16	65396000	65396999	28
chr16	65397000	65397999	5
chr16	65398000	65398999	0
chr16	65399000	65399999	7
chr16	65400000	65400999	24
chr16	65401000	65401999	6
chr16	65402000	65402999	32
chr16	65403000	65403999	5
chr16	65404000	65404999	36
chr16	65405000	65405999	0
chr16	65406000	65406999	0
chr16	65407000	65407999	2
chr16	65408000	65408999	11
chr16	65409000	65409999	10
chr16	65410000	65410999	0
chr16	65411000	65411999	7
chr16	65412000	65412999	8
chr16	65413000	65413999	6
chr16	65414000	65414999	5
chr16	65415000	65415999	15
chr16	65416000	65416999	4
chr16	65417000	65417999	1
chr16	65418000	65418999	18
chr16	65419000	65419999	25
chr16	65420000	65420999	10
chr16	65421000	65421999	0
chr16	65422000	65422999	10
chr16	65423000	65423999	4
chr16	65424000	65424999	5
chr16	65425000	65425999	3
chr16	65426000	65426999	23
chr16	65427000	65427999	5
chr16	65428000	65428999	0
chr16	65429000	65429999	0
chr16	65430000	65430999	9
chr16	65431000	65431999	7
chr16	65432000	65432999	0
chr16	65433000	65433999	2
chr16	65434000	65434999	0
chr16	65435000	65435999	13
chr16	65436000	65436999	1
chr16	65437000	65437999	0
chr16	65438000	65438999	0
chr16	65439000	65439999	0
chr16	65440000	65440999	2
chr16	65441000	65441999	6
chr16	65442000	65442999	0
chr16	65443000	65443999	5
chr16	65444000	65444999	3
chr16	65445000	65445999	8
chr16	65446000	65446999	19
chr16	65447000	65447999	12
chr16	65448000	65448999	13
chr16	65449000	65449999	12
chr16	65450000	65450999	0
chr16	65451000	65451999	4
chr16	65452000	65452999	10
chr16	65453000	65453999	14
chr16	65454000	65454999	14
chr16	65455000	65455999	25
chr16	65456000	65456999	16
chr16	65457000	65457999	0
chr16	65458000	65458999	12
chr16	65459000	65459999	0
chr16	65460000	65460999	5
chr16	65461000	65461999	5
chr16	65462000	65462999	0
chr16	65463000	65463999	36
chr16	65464000	65464999	4
chr16	65465000	65465999	15
chr16	65466000	65466999	13
chr16	65467000	65467999	11
chr16	65468000	65468999	19
chr16	65469000	65469999	2
chr16	65470000	65470999	21
chr16	65471000	65471999	9
chr16	65472000	65472999	26
chr16	65473000	65473999	0
chr16	65474000	65474999	13
chr16	65475000	65475999	11
chr16	65476000	65476999	20
chr16	65477000	65477999	0
chr16	65478000	65478999	6
chr16	65479000	65479999	1
chr16	65480000	65480999	6
chr16	65481000	65481999	27
chr16	65482000	65482999	0
chr16	65483000	65483999	0
chr16	65484000	65484999	13
chr16	65485000	65485999	0
chr16	65486000	65486999	12
chr16	65487000	65487999	6
chr16	65488000	65488999	38
chr16	65489000	65489999	0
chr16	65490000	65490999	0
chr16	65491000	65491999	16
chr16	65492000	65492999	30
chr16	65493000	65493999	10
chr16	65494000	65494999	19
chr16	65495000	65495999	6
chr16	65496000	65496999	13
chr16	65497000	65497999	14
chr16	65498000	65498999	16
chr16	65499000	65499999	6
chr16	65500000	65500999	14
chr16	65501000	65501999	6
chr16	65502000	65502999	0
chr16	65503000	65503999	0
chr16	65504000	65504999	19
chr16	65505000	65505999	11
chr16	65506000	65506999	16
chr16	65507000	65507999	10
chr16	65508000	65508999	17
chr16	65509000	65509999	7
chr16	65510000	65510999	33
chr16	65511000	65511999	7
chr16	65512000	65512999	12
chr16	65513000	65513999	11
chr16	65514000	65514999	0
chr16	65515000	65515999	10
chr16	65516000	65516999	0
chr16	65517000	65517999	10
chr16	65518000	65518999	0
chr16	65519000	65519999	16
chr16	65520000	65520999	10
chr16	65521000	65521999	0
chr16	65522000	65522999	0
chr16	65523000	65523999	20
chr16	65524000	65524999	0
chr16	65525000	65525999	14
chr16	65526000	65526999	40
chr16	65527000	65527999	0
chr16	65528000	65528999	1
chr16	65529000	65529999	36
chr16	65530000	65530999	11
chr16	65531000	65531999	19
chr16	65532000	65532999	0
chr16	65533000	65533999	43
chr16	65534000	65534999	0
chr16	65535000	65535999	27
chr16	65536000	65536999	0
chr16	65537000	65537999	2
chr16	65538000	65538999	14
chr16	65539000	65539999	0
chr16	65540000	65540999	5
chr16	65541000	65541999	25
chr16	65542000	65542999	0
chr16	65543000	65543999	7
chr16	65544000	65544999	7
chr16	65545000	65545999	7
chr16	65546000	65546999	8
chr16	65547000	65547999	14
chr16	65548000	65548999	2
chr16	65549000	65549999	12
chr16	65550000	65550999	18
chr16	65551000	65551999	6
chr16	65552000	65552999	9
chr16	65553000	65553999	28
chr16	65554000	65554999	13
chr16	65555000	65555999	16
chr16	65556000	65556999	2
chr16	65557000	65557999	17
chr16	65558000	65558999	14
chr16	65559000	65559999	30
chr16	65560000	65560999	21
chr16	65561000	65561999	15
chr16	65562000	65562999	51
chr16	65563000	65563999	8
chr16	65564000	65564999	0
chr16	65565000	65565999	0
chr16	65566000	65566999	9
chr16	65567000	65567999	19
chr16	65568000	65568999	10
chr16	65569000	65569999	0
chr16	65570000	65570999	17
chr16	65571000	65571999	12
chr16	65572000	65572999	3
chr16	65573000	65573999	8
chr16	65574000	65574999	12
chr16	65575000	65575999	13
chr16	65576000	65576999	0
chr16	65577000	65577999	5
chr16	65578000	65578999	15
chr16	65579000	65579999	0
chr16	65580000	65580999	33
chr16	65581000	65581999	0
chr16	65582000	65582999	10
chr16	65583000	65583999	6
chr16	65584000	65584999	0
chr16	65585000	65585999	18
chr16	65586000	65586999	20
chr16	65587000	65587999	5
chr16	65588000	65588999	4
chr16	65589000	65589999	20
chr16	65590000	65590999	14
chr16	65591000	65591999	8
chr16	65592000	65592999	8
chr16	65593000	65593999	0
chr16	65594000	65594999	0
chr16	65595000	65595999	30
chr16	65596000	65596999	9
chr16	65597000	65597999	3
chr16	65598000	65598999	0
chr16	65599000	65599999	8
chr16	65600000	65600999	7
chr16	65601000	65601999	3
chr16	65602000	65602999	5
chr16	65603000	65603999	0
chr16	65604000	65604999	0
chr16	65605000	65605999	0
chr16	65606000	65606999	6
chr16	65607000	65607999	5
chr16	65608000	65608999	16
chr16	65609000	65609999	0
chr16	65610000	65610999	0
chr16	65611000	65611999	0
chr16	65612000	65612999	14
chr16	65613000	65613999	13
chr16	65614000	65614999	6
chr16	65615000	65615999	27
chr16	65616000	65616999	8
chr16	65617000	65617999	0
chr16	65618000	65618999	0
chr16	65619000	65619999	16
chr16	65620000	65620999	38
chr16	65621000	65621999	22
chr16	65622000	65622999	11
chr16	65623000	65623999	8
chr16	65624000	65624999	13
chr16	65625000	65625999	15
chr16	65626000	65626999	2
chr16	65627000	65627999	59
chr16	65628000	65628999	3
chr16	65629000	65629999	6
chr16	65630000	65630999	5
chr16	65631000	65631999	3
chr16	65632000	65632999	46
chr16	65633000	65633999	4
chr16	65634000	65634999	6
chr16	65635000	65635999	27
chr16	65636000	65636999	6
chr16	65637000	65637999	12
chr16	65638000	65638999	0
chr16	65639000	65639999	15
chr16	65640000	65640999	33
chr16	65641000	65641999	7
chr16	65642000	65642999	0
chr16	65643000	65643999	8
chr16	65644000	65644999	0
chr16	65645000	65645999	2
chr16	65646000	65646999	15
chr16	65647000	65647999	14
chr16	65648000	65648999	8
chr16	65649000	65649999	12
chr16	65650000	65650999	13
chr16	65651000	65651999	5
chr16	65652000	65652999	11
chr16	65653000	65653999	14
chr16	65654000	65654999	15
chr16	65655000	65655999	15
chr16	65656000	65656999	2
chr16	65657000	65657999	6
chr16	65658000	65658999	9
chr16	65659000	65659999	1
chr16	65660000	65660999	1
chr16	65661000	65661999	0
chr16	65662000	65662999	7
chr16	65663000	65663999	8
chr16	65664000	65664999	2
chr16	65665000	65665999	0
chr16	65666000	65666999	4
chr16	65667000	65667999	11
chr16	65668000	65668999	11
chr16	65669000	65669999	0
chr16	65670000	65670999	2
chr16	65671000	65671999	7
chr16	65672000	65672999	20
chr16	65673000	65673999	16
chr16	65674000	65674999	23
chr16	65675000	65675999	8
chr16	65676000	65676999	8
chr16	65677000	65677999	1
chr16	65678000	65678999	8
chr16	65679000	65679999	8
chr16	65680000	65680999	11
chr16	65681000	65681999	19
chr16	65682000	65682999	5
chr16	65683000	65683999	11
chr16	65684000	65684999	1
chr16	65685000	65685999	20
chr16	65686000	65686999	5
chr16	65687000	65687999	0
chr16	65688000	65688999	6
chr16	65689000	65689999	0
chr16	65690000	65690999	0
chr16	65691000	65691999	11
chr16	65692000	65692999	0
chr16	65693000	65693999	2
chr16	65694000	65694999	0
chr16	65695000	65695999	18
chr16	65696000	65696999	5
chr16	65697000	65697999	8
chr16	65698000	65698999	18
chr16	65699000	65699999	13
chr16	65700000	65700999	13
chr16	65701000	65701999	20
chr16	65702000	65702999	1
chr16	65703000	65703999	37
chr16	65704000	65704999	0
chr16	65705000	65705999	0
chr16	65706000	65706999	11
chr16	65707000	65707999	14
chr16	65708000	65708999	6
chr16	65709000	65709999	4
chr16	65710000	65710999	2
chr16	65711000	65711999	4
chr16	65712000	65712999	1
chr16	65713000	65713999	20
chr16	65714000	65714999	6
chr16	65715000	65715999	8
chr16	65716000	65716999	0
chr16	65717000	65717999	1
chr16	65718000	65718999	5
chr16	65719000	65719999	8
chr16	65720000	65720999	7
chr16	65721000	65721999	5
chr16	65722000	65722999	5
chr16	65723000	65723999	0
chr16	65724000	65724999	13
chr16	65725000	65725999	0
chr16	65726000	65726999	9
chr16	65727000	65727999	3
chr16	65728000	65728999	1
chr16	65729000	65729999	0
chr16	65730000	65730999	0
chr16	65731000	65731999	2
chr16	65732000	65732999	8
chr16	65733000	65733999	4
chr16	65734000	65734999	7
chr16	65735000	65735999	7
chr16	65736000	65736999	11
chr16	65737000	65737999	14
chr16	65738000	65738999	0
chr16	65739000	65739999	5
chr16	65740000	65740999	4
chr16	65741000	65741999	11
chr16	65742000	65742999	20
chr16	65743000	65743999	12
chr16	65744000	65744999	10
chr16	65745000	65745999	0
chr16	65746000	65746999	0
chr16	65747000	65747999	0
chr16	65748000	65748999	0
chr16	65749000	65749999	0
chr16	65750000	65750999	0
chr16	65751000	65751999	23
chr16	65752000	65752999	24
chr16	65753000	65753999	0
chr16	65754000	65754999	7
chr16	65755000	65755999	14
chr16	65756000	65756999	6
chr16	65757000	65757999	0
chr16	65758000	65758999	0
chr16	65759000	65759999	4
chr16	65760000	65760999	0
chr16	65761000	65761999	0
chr16	65762000	65762999	25
chr16	65763000	65763999	16
chr16	65764000	65764999	7
chr16	65765000	65765999	1
chr16	65766000	65766999	25
chr16	65767000	65767999	0
chr16	65768000	65768999	0
chr16	65769000	65769999	14
chr16	65770000	65770999	1
chr16	65771000	65771999	15
chr16	65772000	65772999	12
chr16	65773000	65773999	18
chr16	65774000	65774999	0
chr16	65775000	65775999	18
chr16	65776000	65776999	14
chr16	65777000	65777999	10
chr16	65778000	65778999	5
chr16	65779000	65779999	11
chr16	65780000	65780999	0
chr16	65781000	65781999	0
chr16	65782000	65782999	7
chr16	65783000	65783999	0
chr16	65784000	65784999	6
chr16	65785000	65785999	0
chr16	65786000	65786999	4
chr16	65787000	65787999	0
chr16	65788000	65788999	0
chr16	65789000	65789999	0
chr16	65790000	65790999	0
chr16	65791000	65791999	0
chr16	65792000	65792999	0
chr16	65793000	65793999	23
chr16	65794000	65794999	10
chr16	65795000	65795999	20
chr16	65796000	65796999	1
chr16	65797000	65797999	0
chr16	65798000	65798999	10
chr16	65799000	65799999	2
chr16	65800000	65800999	3
chr16	65801000	65801999	0
chr16	65802000	65802999	7
chr16	65803000	65803999	0
chr16	65804000	65804999	13
chr16	65805000	65805999	0
chr16	65806000	65806999	0
chr16	65807000	65807999	10
chr16	65808000	65808999	35
chr16	65809000	65809999	31
chr16	65810000	65810999	3
chr16	65811000	65811999	16
chr16	65812000	65812999	8
chr16	65813000	65813999	21
chr16	65814000	65814999	1
chr16	65815000	65815999	47
chr16	65816000	65816999	22
chr16	65817000	65817999	21
chr16	65818000	65818999	45
chr16	65819000	65819999	6
chr16	65820000	65820999	12
chr16	65821000	65821999	28
chr16	65822000	65822999	6
chr16	65823000	65823999	0
chr16	65824000	65824999	11
chr16	65825000	65825999	1
chr16	65826000	65826999	0
chr16	65827000	65827999	0
chr16	65828000	65828999	9
chr16	65829000	65829999	7
chr16	65830000	65830999	10
chr16	65831000	65831999	0
chr16	65832000	65832999	14
chr16	65833000	65833999	9
chr16	65834000	65834999	17
chr16	65835000	65835999	29
chr16	65836000	65836999	10
chr16	65837000	65837999	4
chr16	65838000	65838999	1
chr16	65839000	65839999	30
chr16	65840000	65840999	12
chr16	65841000	65841999	5
chr16	65842000	65842999	7
chr16	65843000	65843999	2
chr16	65844000	65844999	14
chr16	65845000	65845999	6
chr16	65846000	65846999	26
chr16	65847000	65847999	14
chr16	65848000	65848999	1
chr16	65849000	65849999	0
chr16	65850000	65850999	0
chr16	65851000	65851999	17
chr16	65852000	65852999	21
chr16	65853000	65853999	15
chr16	65854000	65854999	0
chr16	65855000	65855999	11
chr16	65856000	65856999	24
chr16	65857000	65857999	12
chr16	65858000	65858999	1
chr16	65859000	65859999	13
chr16	65860000	65860999	3
chr16	65861000	65861999	17
chr16	65862000	65862999	15
chr16	65863000	65863999	18
chr16	65864000	65864999	31
chr16	65865000	65865999	0
chr16	65866000	65866999	5
chr16	65867000	65867999	0
chr16	65868000	65868999	22
chr16	65869000	65869999	11
chr16	65870000	65870999	13
chr16	65871000	65871999	4
chr16	65872000	65872999	4
chr16	65873000	65873999	1
chr16	65874000	65874999	0
chr16	65875000	65875999	5
chr16	65876000	65876999	6
chr16	65877000	65877999	9
chr16	65878000	65878999	0
chr16	65879000	65879999	0
chr16	65880000	65880999	2
chr16	65881000	65881999	2
chr16	65882000	65882999	0
chr16	65883000	65883999	0
chr16	65884000	65884999	15
chr16	65885000	65885999	9
chr16	65886000	65886999	13
chr16	65887000	65887999	0
chr16	65888000	65888999	13
chr16	65889000	65889999	2
chr16	65890000	65890999	0
chr16	65891000	65891999	0
chr16	65892000	65892999	0
chr16	65893000	65893999	17
chr16	65894000	65894999	2
chr16	65895000	65895999	6
chr16	65896000	65896999	5
chr16	65897000	65897999	16
chr16	65898000	65898999	22
chr16	65899000	65899999	4
chr16	65900000	65900999	16
chr16	65901000	65901999	10
chr16	65902000	65902999	9
chr16	65903000	65903999	8
chr16	65904000	65904999	15
chr16	65905000	65905999	27
chr16	65906000	65906999	2
chr16	65907000	65907999	27
chr16	65908000	65908999	22
chr16	65909000	65909999	0
chr16	65910000	65910999	0
chr16	65911000	65911999	11
chr16	65912000	65912999	7
chr16	65913000	65913999	7
chr16	65914000	65914999	0
chr16	65915000	65915999	2
chr16	65916000	65916999	30
chr16	65917000	65917999	11
chr16	65918000	65918999	6
chr16	65919000	65919999	10
chr16	65920000	65920999	3
chr16	65921000	65921999	12
chr16	65922000	65922999	12
chr16	65923000	65923999	5
chr16	65924000	65924999	17
chr16	65925000	65925999	3
chr16	65926000	65926999	23
chr16	65927000	65927999	27
chr16	65928000	65928999	4
chr16	65929000	65929999	1
chr16	65930000	65930999	0
chr16	65931000	65931999	0
chr16	65932000	65932999	0
chr16	65933000	65933999	0
chr16	65934000	65934999	0
chr16	65935000	65935999	0
chr16	65936000	65936999	23
chr16	65937000	65937999	0
chr16	65938000	65938999	13
chr16	65939000	65939999	17
chr16	65940000	65940999	0
chr16	65941000	65941999	17
chr16	65942000	65942999	1
chr16	65943000	65943999	11
chr16	65944000	65944999	2
chr16	65945000	65945999	12
chr16	65946000	65946999	16
chr16	65947000	65947999	5
chr16	65948000	65948999	5
chr16	65949000	65949999	5
chr16	65950000	65950999	9
chr16	65951000	65951999	7
chr16	65952000	65952999	8
chr16	65953000	65953999	15
chr16	65954000	65954999	6
chr16	65955000	65955999	8
chr16	65956000	65956999	6
chr16	65957000	65957999	6
chr16	65958000	65958999	24
chr16	65959000	65959999	0
chr16	65960000	65960999	2
chr16	65961000	65961999	22
chr16	65962000	65962999	9
chr16	65963000	65963999	1
chr16	65964000	65964999	12
chr16	65965000	65965999	4
chr16	65966000	65966999	9
chr16	65967000	65967999	4
chr16	65968000	65968999	6
chr16	65969000	65969999	6
chr16	65970000	65970999	11
chr16	65971000	65971999	10
chr16	65972000	65972999	0
chr16	65973000	65973999	0
chr16	65974000	65974999	3
chr16	65975000	65975999	23
chr16	65976000	65976999	0
chr16	65977000	65977999	5
chr16	65978000	65978999	22
chr16	65979000	65979999	10
chr16	65980000	65980999	0
chr16	65981000	65981999	4
chr16	65982000	65982999	18
chr16	65983000	65983999	28
chr16	65984000	65984999	1
chr16	65985000	65985999	0
chr16	65986000	65986999	5
chr16	65987000	65987999	7
chr16	65988000	65988999	29
chr16	65989000	65989999	0
chr16	65990000	65990999	2
chr16	65991000	65991999	22
chr16	65992000	65992999	0
chr16	65993000	65993999	0
chr16	65994000	65994999	0
chr16	65995000	65995999	4
chr16	65996000	65996999	8
chr16	65997000	65997999	0
chr16	65998000	65998999	0
chr16	65999000	65999999	1
chr16	66000000	66000999	7
chr16	66001000	66001999	22
chr16	66002000	66002999	10
chr16	66003000	66003999	32
chr16	66004000	66004999	11
chr16	66005000	66005999	25
chr16	66006000	66006999	23
chr16	66007000	66007999	10
chr16	66008000	66008999	12
chr16	66009000	66009999	2
chr16	66010000	66010999	8
chr16	66011000	66011999	0
chr16	66012000	66012999	27
chr16	66013000	66013999	17
chr16	66014000	66014999	4
chr16	66015000	66015999	34
chr16	66016000	66016999	31
chr16	66017000	66017999	10
chr16	66018000	66018999	0
chr16	66019000	66019999	9
chr16	66020000	66020999	16
chr16	66021000	66021999	21
chr16	66022000	66022999	16
chr16	66023000	66023999	4
chr16	66024000	66024999	0
chr16	66025000	66025999	0
chr16	66026000	66026999	11
chr16	66027000	66027999	0
chr16	66028000	66028999	9
chr16	66029000	66029999	0
chr16	66030000	66030999	8
chr16	66031000	66031999	0
chr16	66032000	66032999	20
chr16	66033000	66033999	3
chr16	66034000	66034999	9
chr16	66035000	66035999	1
chr16	66036000	66036999	7
chr16	66037000	66037999	5
chr16	66038000	66038999	0
chr16	66039000	66039999	5
chr16	66040000	66040999	5
chr16	66041000	66041999	39
chr16	66042000	66042999	0
chr16	66043000	66043999	7
chr16	66044000	66044999	7
chr16	66045000	66045999	0
chr16	66046000	66046999	8
chr16	66047000	66047999	13
chr16	66048000	66048999	12
chr16	66049000	66049999	14
chr16	66050000	66050999	4
chr16	66051000	66051999	3
chr16	66052000	66052999	13
chr16	66053000	66053999	0
chr16	66054000	66054999	25
chr16	66055000	66055999	0
chr16	66056000	66056999	6
chr16	66057000	66057999	10
chr16	66058000	66058999	0
chr16	66059000	66059999	0
chr16	66060000	66060999	1
chr16	66061000	66061999	11
chr16	66062000	66062999	1
chr16	66063000	66063999	0
chr16	66064000	66064999	22
chr16	66065000	66065999	8
chr16	66066000	66066999	3
chr16	66067000	66067999	11
chr16	66068000	66068999	0
chr16	66069000	66069999	2
chr16	66070000	66070999	9
chr16	66071000	66071999	0
chr16	66072000	66072999	3
chr16	66073000	66073999	0
chr16	66074000	66074999	3
chr16	66075000	66075999	28
chr16	66076000	66076999	33
chr16	66077000	66077999	0
chr16	66078000	66078999	0
chr16	66079000	66079999	16
chr16	66080000	66080999	0
chr16	66081000	66081999	8
chr16	66082000	66082999	9
chr16	66083000	66083999	0
chr16	66084000	66084999	36
chr16	66085000	66085999	8
chr16	66086000	66086999	3
chr16	66087000	66087999	16
chr16	66088000	66088999	23
chr16	66089000	66089999	10
chr16	66090000	66090999	2
chr16	66091000	66091999	29
chr16	66092000	66092999	7
chr16	66093000	66093999	41
chr16	66094000	66094999	8
chr16	66095000	66095999	8
chr16	66096000	66096999	1
chr16	66097000	66097999	0
chr16	66098000	66098999	0
chr16	66099000	66099999	6
chr16	66100000	66100999	7
chr16	66101000	66101999	5
chr16	66102000	66102999	18
chr16	66103000	66103999	17
chr16	66104000	66104999	10
chr16	66105000	66105999	0
chr16	66106000	66106999	1
chr16	66107000	66107999	10
chr16	66108000	66108999	21
chr16	66109000	66109999	13
chr16	66110000	66110999	6
chr16	66111000	66111999	21
chr16	66112000	66112999	11
chr16	66113000	66113999	2
chr16	66114000	66114999	0
chr16	66115000	66115999	13
chr16	66116000	66116999	4
chr16	66117000	66117999	21
chr16	66118000	66118999	12
chr16	66119000	66119999	4
chr16	66120000	66120999	11
chr16	66121000	66121999	14
chr16	66122000	66122999	0
chr16	66123000	66123999	8
chr16	66124000	66124999	7
chr16	66125000	66125999	12
chr16	66126000	66126999	0
chr16	66127000	66127999	1
chr16	66128000	66128999	0
chr16	66129000	66129999	1
chr16	66130000	66130999	22
chr16	66131000	66131999	1
chr16	66132000	66132999	6
chr16	66133000	66133999	3
chr16	66134000	66134999	13
chr16	66135000	66135999	15
chr16	66136000	66136999	0
chr16	66137000	66137999	8
chr16	66138000	66138999	1
chr16	66139000	66139999	0
chr16	66140000	66140999	0
chr16	66141000	66141999	0
chr16	66142000	66142999	12
chr16	66143000	66143999	0
chr16	66144000	66144999	0
chr16	66145000	66145999	0
chr16	66146000	66146999	2
chr16	66147000	66147999	0
chr16	66148000	66148999	8
chr16	66149000	66149999	11
chr16	66150000	66150999	9
chr16	66151000	66151999	28
chr16	66152000	66152999	6
chr16	66153000	66153999	21
chr16	66154000	66154999	13
chr16	66155000	66155999	9
chr16	66156000	66156999	0
chr16	66157000	66157999	0
chr16	66158000	66158999	0
chr16	66159000	66159999	2
chr16	66160000	66160999	8
chr16	66161000	66161999	14
chr16	66162000	66162999	15
chr16	66163000	66163999	6
chr16	66164000	66164999	5
chr16	66165000	66165999	3
chr16	66166000	66166999	16
chr16	66167000	66167999	21
chr16	66168000	66168999	13
chr16	66169000	66169999	3
chr16	66170000	66170999	4
chr16	66171000	66171999	9
chr16	66172000	66172999	13
chr16	66173000	66173999	11
chr16	66174000	66174999	11
chr16	66175000	66175999	0
chr16	66176000	66176999	8
chr16	66177000	66177999	13
chr16	66178000	66178999	1
chr16	66179000	66179999	8
chr16	66180000	66180999	1
chr16	66181000	66181999	5
chr16	66182000	66182999	26
chr16	66183000	66183999	0
chr16	66184000	66184999	10
chr16	66185000	66185999	1
chr16	66186000	66186999	3
chr16	66187000	66187999	0
chr16	66188000	66188999	0
chr16	66189000	66189999	1
chr16	66190000	66190999	8
chr16	66191000	66191999	4
chr16	66192000	66192999	0
chr16	66193000	66193999	14
chr16	66194000	66194999	2
chr16	66195000	66195999	0
chr16	66196000	66196999	5
chr16	66197000	66197999	22
chr16	66198000	66198999	11
chr16	66199000	66199999	2
chr16	66200000	66200999	4
chr16	66201000	66201999	3
chr16	66202000	66202999	5
chr16	66203000	66203999	0
chr16	66204000	66204999	6
chr16	66205000	66205999	11
chr16	66206000	66206999	7
chr16	66207000	66207999	13
chr16	66208000	66208999	11
chr16	66209000	66209999	15
chr16	66210000	66210999	0
chr16	66211000	66211999	0
chr16	66212000	66212999	0
chr16	66213000	66213999	29
chr16	66214000	66214999	12
chr16	66215000	66215999	1
chr16	66216000	66216999	9
chr16	66217000	66217999	0
chr16	66218000	66218999	0
chr16	66219000	66219999	5
chr16	66220000	66220999	3
chr16	66221000	66221999	5
chr16	66222000	66222999	3
chr16	66223000	66223999	7
chr16	66224000	66224999	22
chr16	66225000	66225999	19
chr16	66226000	66226999	7
chr16	66227000	66227999	14
chr16	66228000	66228999	9
chr16	66229000	66229999	0
chr16	66230000	66230999	0
chr16	66231000	66231999	0
chr16	66232000	66232999	0
chr16	66233000	66233999	0
chr16	66234000	66234999	0
chr16	66235000	66235999	1
chr16	66236000	66236999	6
chr16	66237000	66237999	0
chr16	66238000	66238999	8
chr16	66239000	66239999	17
chr16	66240000	66240999	0
chr16	66241000	66241999	0
chr16	66242000	66242999	0
chr16	66243000	66243999	0
chr16	66244000	66244999	0
chr16	66245000	66245999	0
chr16	66246000	66246999	7
chr16	66247000	66247999	37
chr16	66248000	66248999	9
chr16	66249000	66249999	15
chr16	66250000	66250999	16
chr16	66251000	66251999	0
chr16	66252000	66252999	4
chr16	66253000	66253999	0
chr16	66254000	66254999	7
chr16	66255000	66255999	0
chr16	66256000	66256999	0
chr16	66257000	66257999	0
chr16	66258000	66258999	3
chr16	66259000	66259999	2
chr16	66260000	66260999	13
chr16	66261000	66261999	15
chr16	66262000	66262999	4
chr16	66263000	66263999	5
chr16	66264000	66264999	20
chr16	66265000	66265999	7
chr16	66266000	66266999	6
chr16	66267000	66267999	4
chr16	66268000	66268999	11
chr16	66269000	66269999	0
chr16	66270000	66270999	2
chr16	66271000	66271999	0
chr16	66272000	66272999	9
chr16	66273000	66273999	28
chr16	66274000	66274999	10
chr16	66275000	66275999	1
chr16	66276000	66276999	18
chr16	66277000	66277999	6
chr16	66278000	66278999	0
chr16	66279000	66279999	17
chr16	66280000	66280999	1
chr16	66281000	66281999	12
chr16	66282000	66282999	4
chr16	66283000	66283999	26
chr16	66284000	66284999	13
chr16	66285000	66285999	0
chr16	66286000	66286999	3
chr16	66287000	66287999	12
chr16	66288000	66288999	17
chr16	66289000	66289999	0
chr16	66290000	66290999	3
chr16	66291000	66291999	22
chr16	66292000	66292999	22
chr16	66293000	66293999	7
chr16	66294000	66294999	16
chr16	66295000	66295999	17
chr16	66296000	66296999	6
chr16	66297000	66297999	13
chr16	66298000	66298999	2
chr16	66299000	66299999	0
chr16	66300000	66300999	0
chr16	66301000	66301999	12
chr16	66302000	66302999	0
chr16	66303000	66303999	0
chr16	66304000	66304999	22
chr16	66305000	66305999	1
chr16	66306000	66306999	7
chr16	66307000	66307999	5
chr16	66308000	66308999	7
chr16	66309000	66309999	31
chr16	66310000	66310999	5
chr16	66311000	66311999	3
chr16	66312000	66312999	0
chr16	66313000	66313999	0
chr16	66314000	66314999	18
chr16	66315000	66315999	0
chr16	66316000	66316999	0
chr16	66317000	66317999	0
chr16	66318000	66318999	3
chr16	66319000	66319999	14
chr16	66320000	66320999	3
chr16	66321000	66321999	6
chr16	66322000	66322999	11
chr16	66323000	66323999	27
chr16	66324000	66324999	23
chr16	66325000	66325999	4
chr16	66326000	66326999	3
chr16	66327000	66327999	19
chr16	66328000	66328999	8
chr16	66329000	66329999	3
chr16	66330000	66330999	13
chr16	66331000	66331999	9
chr16	66332000	66332999	9
chr16	66333000	66333999	33
chr16	66334000	66334999	0
chr16	66335000	66335999	14
chr16	66336000	66336999	15
chr16	66337000	66337999	0
chr16	66338000	66338999	13
chr16	66339000	66339999	1
chr16	66340000	66340999	11
chr16	66341000	66341999	25
chr16	66342000	66342999	3
chr16	66343000	66343999	3
chr16	66344000	66344999	14
chr16	66345000	66345999	12
chr16	66346000	66346999	2
chr16	66347000	66347999	6
chr16	66348000	66348999	18
chr16	66349000	66349999	8
chr16	66350000	66350999	2
chr16	66351000	66351999	0
chr16	66352000	66352999	15
chr16	66353000	66353999	10
chr16	66354000	66354999	0
chr16	66355000	66355999	12
chr16	66356000	66356999	2
chr16	66357000	66357999	1
chr16	66358000	66358999	10
chr16	66359000	66359999	0
chr16	66360000	66360999	9
chr16	66361000	66361999	7
chr16	66362000	66362999	7
chr16	66363000	66363999	1
chr16	66364000	66364999	15
chr16	66365000	66365999	0
chr16	66366000	66366999	5
chr16	66367000	66367999	0
chr16	66368000	66368999	0
chr16	66369000	66369999	0
chr16	66370000	66370999	7
chr16	66371000	66371999	0
chr16	66372000	66372999	3
chr16	66373000	66373999	15
chr16	66374000	66374999	14
chr16	66375000	66375999	0
chr16	66376000	66376999	22
chr16	66377000	66377999	10
chr16	66378000	66378999	38
chr16	66379000	66379999	0
chr16	66380000	66380999	8
chr16	66381000	66381999	0
chr16	66382000	66382999	1
chr16	66383000	66383999	1
chr16	66384000	66384999	17
chr16	66385000	66385999	17
chr16	66386000	66386999	9
chr16	66387000	66387999	11
chr16	66388000	66388999	2
chr16	66389000	66389999	21
chr16	66390000	66390999	0
chr16	66391000	66391999	6
chr16	66392000	66392999	0
chr16	66393000	66393999	17
chr16	66394000	66394999	17
chr16	66395000	66395999	1
chr16	66396000	66396999	19
chr16	66397000	66397999	3
chr16	66398000	66398999	0
chr16	66399000	66399999	0
chr16	66400000	66400999	21
chr16	66401000	66401999	19
chr16	66402000	66402999	28
chr16	66403000	66403999	22
chr16	66404000	66404999	12
chr16	66405000	66405999	0
chr16	66406000	66406999	4
chr16	66407000	66407999	8
chr16	66408000	66408999	8
chr16	66409000	66409999	17
chr16	66410000	66410999	2
chr16	66411000	66411999	7
chr16	66412000	66412999	10
chr16	66413000	66413999	0
chr16	66414000	66414999	5
chr16	66415000	66415999	24
chr16	66416000	66416999	20
chr16	66417000	66417999	2
chr16	66418000	66418999	0
chr16	66419000	66419999	13
chr16	66420000	66420999	0
chr16	66421000	66421999	0
chr16	66422000	66422999	6
chr16	66423000	66423999	13
chr16	66424000	66424999	27
chr16	66425000	66425999	0
chr16	66426000	66426999	0
chr16	66427000	66427999	8
chr16	66428000	66428999	0
chr16	66429000	66429999	6
chr16	66430000	66430999	2
chr16	66431000	66431999	0
chr16	66432000	66432999	20
chr16	66433000	66433999	12
chr16	66434000	66434999	0
chr16	66435000	66435999	0
chr16	66436000	66436999	9
chr16	66437000	66437999	10
chr16	66438000	66438999	0
chr16	66439000	66439999	0
chr16	66440000	66440999	24
chr16	66441000	66441999	0
chr16	66442000	66442999	19
chr16	66443000	66443999	3
chr16	66444000	66444999	18
chr16	66445000	66445999	19
chr16	66446000	66446999	3
chr16	66447000	66447999	14
chr16	66448000	66448999	2
chr16	66449000	66449999	10
chr16	66450000	66450999	12
chr16	66451000	66451999	2
chr16	66452000	66452999	0
chr16	66453000	66453999	4
chr16	66454000	66454999	13
chr16	66455000	66455999	17
chr16	66456000	66456999	8
chr16	66457000	66457999	11
chr16	66458000	66458999	14
chr16	66459000	66459999	28
chr16	66460000	66460999	0
chr16	66461000	66461999	3
chr16	66462000	66462999	6
chr16	66463000	66463999	0
chr16	66464000	66464999	7
chr16	66465000	66465999	21
chr16	66466000	66466999	0
chr16	66467000	66467999	0
chr16	66468000	66468999	0
chr16	66469000	66469999	0
chr16	66470000	66470999	0
chr16	66471000	66471999	8
chr16	66472000	66472999	8
chr16	66473000	66473999	0
chr16	66474000	66474999	32
chr16	66475000	66475999	2
chr16	66476000	66476999	5
chr16	66477000	66477999	21
chr16	66478000	66478999	11
chr16	66479000	66479999	10
chr16	66480000	66480999	3
chr16	66481000	66481999	8
chr16	66482000	66482999	47
chr16	66483000	66483999	0
chr16	66484000	66484999	8
chr16	66485000	66485999	0
chr16	66486000	66486999	0
chr16	66487000	66487999	10
chr16	66488000	66488999	0
chr16	66489000	66489999	2
chr16	66490000	66490999	11
chr16	66491000	66491999	9
chr16	66492000	66492999	29
chr16	66493000	66493999	10
chr16	66494000	66494999	11
chr16	66495000	66495999	11
chr16	66496000	66496999	10
chr16	66497000	66497999	22
chr16	66498000	66498999	0
chr16	66499000	66499999	38
chr16	66500000	66500999	4
chr16	66501000	66501999	0
chr16	66502000	66502999	0
chr16	66503000	66503999	2
chr16	66504000	66504999	0
chr16	66505000	66505999	0
chr16	66506000	66506999	0
chr16	66507000	66507999	8
chr16	66508000	66508999	0
chr16	66509000	66509999	9
chr16	66510000	66510999	11
chr16	66511000	66511999	9
chr16	66512000	66512999	0
chr16	66513000	66513999	18
chr16	66514000	66514999	5
chr16	66515000	66515999	20
chr16	66516000	66516999	1
chr16	66517000	66517999	0
chr16	66518000	66518999	0
chr16	66519000	66519999	0
chr16	66520000	66520999	0
chr16	66521000	66521999	0
chr16	66522000	66522999	0
chr16	66523000	66523999	0
chr16	66524000	66524999	0
chr16	66525000	66525999	1
chr16	66526000	66526999	7
chr16	66527000	66527999	8
chr16	66528000	66528999	0
chr16	66529000	66529999	7
chr16	66530000	66530999	16
chr16	66531000	66531999	2
chr16	66532000	66532999	10
chr16	66533000	66533999	4
chr16	66534000	66534999	0
chr16	66535000	66535999	1
chr16	66536000	66536999	7
chr16	66537000	66537999	30
chr16	66538000	66538999	5
chr16	66539000	66539999	13
chr16	66540000	66540999	1
chr16	66541000	66541999	12
chr16	66542000	66542999	7
chr16	66543000	66543999	21
chr16	66544000	66544999	7
chr16	66545000	66545999	9
chr16	66546000	66546999	12
chr16	66547000	66547999	5
chr16	66548000	66548999	0
chr16	66549000	66549999	2
chr16	66550000	66550999	22
chr16	66551000	66551999	12
chr16	66552000	66552999	0
chr16	66553000	66553999	12
chr16	66554000	66554999	17
chr16	66555000	66555999	23
chr16	66556000	66556999	21
chr16	66557000	66557999	0
chr16	66558000	66558999	3
chr16	66559000	66559999	0
chr16	66560000	66560999	7
chr16	66561000	66561999	15
chr16	66562000	66562999	16
chr16	66563000	66563999	0
chr16	66564000	66564999	0
chr16	66565000	66565999	12
chr16	66566000	66566999	9
chr16	66567000	66567999	21
chr16	66568000	66568999	0
chr16	66569000	66569999	0
chr16	66570000	66570999	5
chr16	66571000	66571999	29
chr16	66572000	66572999	0
chr16	66573000	66573999	22
chr16	66574000	66574999	0
chr16	66575000	66575999	23
chr16	66576000	66576999	21
chr16	66577000	66577999	9
chr16	66578000	66578999	13
chr16	66579000	66579999	6
chr16	66580000	66580999	0
chr16	66581000	66581999	0
chr16	66582000	66582999	4
chr16	66583000	66583999	16
chr16	66584000	66584999	0
chr16	66585000	66585999	19
chr16	66586000	66586999	7
chr16	66587000	66587999	3
chr16	66588000	66588999	0
chr16	66589000	66589999	8
chr16	66590000	66590999	27
chr16	66591000	66591999	14
chr16	66592000	66592999	6
chr16	66593000	66593999	0
chr16	66594000	66594999	0
chr16	66595000	66595999	0
chr16	66596000	66596999	0
chr16	66597000	66597999	12
chr16	66598000	66598999	2
chr16	66599000	66599999	0
chr16	66600000	66600999	15
chr16	66601000	66601999	27
chr16	66602000	66602999	17
chr16	66603000	66603999	18
chr16	66604000	66604999	18
chr16	66605000	66605999	19
chr16	66606000	66606999	5
chr16	66607000	66607999	11
chr16	66608000	66608999	20
chr16	66609000	66609999	23
chr16	66610000	66610999	10
chr16	66611000	66611999	0
chr16	66612000	66612999	0
chr16	66613000	66613999	9
chr16	66614000	66614999	4
chr16	66615000	66615999	3
chr16	66616000	66616999	9
chr16	66617000	66617999	8
chr16	66618000	66618999	11
chr16	66619000	66619999	20
chr16	66620000	66620999	3
chr16	66621000	66621999	10
chr16	66622000	66622999	7
chr16	66623000	66623999	21
chr16	66624000	66624999	13
chr16	66625000	66625999	34
chr16	66626000	66626999	12
chr16	66627000	66627999	5
chr16	66628000	66628999	4
chr16	66629000	66629999	25
chr16	66630000	66630999	19
chr16	66631000	66631999	7
chr16	66632000	66632999	0
chr16	66633000	66633999	10
chr16	66634000	66634999	37
chr16	66635000	66635999	5
chr16	66636000	66636999	6
chr16	66637000	66637999	16
chr16	66638000	66638999	0
chr16	66639000	66639999	11
chr16	66640000	66640999	0
chr16	66641000	66641999	4
chr16	66642000	66642999	0
chr16	66643000	66643999	26
chr16	66644000	66644999	0
chr16	66645000	66645999	2
chr16	66646000	66646999	6
chr16	66647000	66647999	7
chr16	66648000	66648999	0
chr16	66649000	66649999	2
chr16	66650000	66650999	2
chr16	66651000	66651999	10
chr16	66652000	66652999	15
chr16	66653000	66653999	5
chr16	66654000	66654999	0
chr16	66655000	66655999	7
chr16	66656000	66656999	0
chr16	66657000	66657999	0
chr16	66658000	66658999	0
chr16	66659000	66659999	10
chr16	66660000	66660999	9
chr16	66661000	66661999	5
chr16	66662000	66662999	35
chr16	66663000	66663999	1
chr16	66664000	66664999	0
chr16	66665000	66665999	1
chr16	66666000	66666999	2
chr16	66667000	66667999	0
chr16	66668000	66668999	10
chr16	66669000	66669999	24
chr16	66670000	66670999	12
chr16	66671000	66671999	20
chr16	66672000	66672999	8
chr16	66673000	66673999	10
chr16	66674000	66674999	0
chr16	66675000	66675999	9
chr16	66676000	66676999	5
chr16	66677000	66677999	0
chr16	66678000	66678999	15
chr16	66679000	66679999	3
chr16	66680000	66680999	6
chr16	66681000	66681999	4
chr16	66682000	66682999	31
chr16	66683000	66683999	14
chr16	66684000	66684999	14
chr16	66685000	66685999	30
chr16	66686000	66686999	6
chr16	66687000	66687999	12
chr16	66688000	66688999	9
chr16	66689000	66689999	11
chr16	66690000	66690999	5
chr16	66691000	66691999	4
chr16	66692000	66692999	21
chr16	66693000	66693999	0
chr16	66694000	66694999	9
chr16	66695000	66695999	3
chr16	66696000	66696999	8
chr16	66697000	66697999	9
chr16	66698000	66698999	4
chr16	66699000	66699999	0
chr16	66700000	66700999	0
chr16	66701000	66701999	0
chr16	66702000	66702999	0
chr16	66703000	66703999	28
chr16	66704000	66704999	10
chr16	66705000	66705999	11
chr16	66706000	66706999	11
chr16	66707000	66707999	0
chr16	66708000	66708999	8
chr16	66709000	66709999	11
chr16	66710000	66710999	17
chr16	66711000	66711999	5
chr16	66712000	66712999	0
chr16	66713000	66713999	8
chr16	66714000	66714999	11
chr16	66715000	66715999	21
chr16	66716000	66716999	14
chr16	66717000	66717999	9
chr16	66718000	66718999	1
chr16	66719000	66719999	7
chr16	66720000	66720999	10
chr16	66721000	66721999	2
chr16	66722000	66722999	21
chr16	66723000	66723999	3
chr16	66724000	66724999	2
chr16	66725000	66725999	18
chr16	66726000	66726999	7
chr16	66727000	66727999	8
chr16	66728000	66728999	0
chr16	66729000	66729999	3
chr16	66730000	66730999	0
chr16	66731000	66731999	14
chr16	66732000	66732999	15
chr16	66733000	66733999	26
chr16	66734000	66734999	0
chr16	66735000	66735999	4
chr16	66736000	66736999	0
chr16	66737000	66737999	0
chr16	66738000	66738999	8
chr16	66739000	66739999	0
chr16	66740000	66740999	10
chr16	66741000	66741999	4
chr16	66742000	66742999	32
chr16	66743000	66743999	3
chr16	66744000	66744999	0
chr16	66745000	66745999	10
chr16	66746000	66746999	4
chr16	66747000	66747999	5
chr16	66748000	66748999	0
chr16	66749000	66749999	1
chr16	66750000	66750999	4
chr16	66751000	66751999	0
chr16	66752000	66752999	12
chr16	66753000	66753999	3
chr16	66754000	66754999	0
chr16	66755000	66755999	0
chr16	66756000	66756999	0
chr16	66757000	66757999	1
chr16	66758000	66758999	0
chr16	66759000	66759999	0
chr16	66760000	66760999	0
chr16	66761000	66761999	5
chr16	66762000	66762999	27
chr16	66763000	66763999	23
chr16	66764000	66764999	8
chr16	66765000	66765999	0
chr16	66766000	66766999	0
chr16	66767000	66767999	2
chr16	66768000	66768999	13
chr16	66769000	66769999	0
chr16	66770000	66770999	4
chr16	66771000	66771999	6
chr16	66772000	66772999	4
chr16	66773000	66773999	2
chr16	66774000	66774999	11
chr16	66775000	66775999	9
chr16	66776000	66776999	16
chr16	66777000	66777999	20
chr16	66778000	66778999	0
chr16	66779000	66779999	0
chr16	66780000	66780999	8
chr16	66781000	66781999	0
chr16	66782000	66782999	11
chr16	66783000	66783999	10
chr16	66784000	66784999	2
chr16	66785000	66785999	0
chr16	66786000	66786999	31
chr16	66787000	66787999	0
chr16	66788000	66788999	9
chr16	66789000	66789999	0
chr16	66790000	66790999	9
chr16	66791000	66791999	5
chr16	66792000	66792999	6
chr16	66793000	66793999	1
chr16	66794000	66794999	20
chr16	66795000	66795999	5
chr16	66796000	66796999	0
chr16	66797000	66797999	36
chr16	66798000	66798999	3
chr16	66799000	66799999	4
chr16	66800000	66800999	12
chr16	66801000	66801999	4
chr16	66802000	66802999	4
chr16	66803000	66803999	2
chr16	66804000	66804999	1
chr16	66805000	66805999	3
chr16	66806000	66806999	17
chr16	66807000	66807999	0
chr16	66808000	66808999	9
chr16	66809000	66809999	4
chr16	66810000	66810999	0
chr16	66811000	66811999	0
chr16	66812000	66812999	24
chr16	66813000	66813999	17
chr16	66814000	66814999	0
chr16	66815000	66815999	17
chr16	66816000	66816999	14
chr16	66817000	66817999	5
chr16	66818000	66818999	9
chr16	66819000	66819999	1
chr16	66820000	66820999	0
chr16	66821000	66821999	15
chr16	66822000	66822999	8
chr16	66823000	66823999	6
chr16	66824000	66824999	0
chr16	66825000	66825999	12
chr16	66826000	66826999	14
chr16	66827000	66827999	6
chr16	66828000	66828999	0
chr16	66829000	66829999	4
chr16	66830000	66830999	6
chr16	66831000	66831999	16
chr16	66832000	66832999	7
chr16	66833000	66833999	22
chr16	66834000	66834999	12
chr16	66835000	66835999	13
chr16	66836000	66836999	21
chr16	66837000	66837999	12
chr16	66838000	66838999	1
chr16	66839000	66839999	12
chr16	66840000	66840999	8
chr16	66841000	66841999	0
chr16	66842000	66842999	12
chr16	66843000	66843999	0
chr16	66844000	66844999	0
chr16	66845000	66845999	0
chr16	66846000	66846999	5
chr16	66847000	66847999	0
chr16	66848000	66848999	0
chr16	66849000	66849999	11
chr16	66850000	66850999	2
chr16	66851000	66851999	20
chr16	66852000	66852999	0
chr16	66853000	66853999	18
chr16	66854000	66854999	2
chr16	66855000	66855999	0
chr16	66856000	66856999	17
chr16	66857000	66857999	9
chr16	66858000	66858999	1
chr16	66859000	66859999	20
chr16	66860000	66860999	9
chr16	66861000	66861999	26
chr16	66862000	66862999	2
chr16	66863000	66863999	0
chr16	66864000	66864999	18
chr16	66865000	66865999	0
chr16	66866000	66866999	0
chr16	66867000	66867999	9
chr16	66868000	66868999	0
chr16	66869000	66869999	2
chr16	66870000	66870999	10
chr16	66871000	66871999	15
chr16	66872000	66872999	0
chr16	66873000	66873999	16
chr16	66874000	66874999	2
chr16	66875000	66875999	14
chr16	66876000	66876999	0
chr16	66877000	66877999	17
chr16	66878000	66878999	4
chr16	66879000	66879999	2
chr16	66880000	66880999	16
chr16	66881000	66881999	5
chr16	66882000	66882999	2
chr16	66883000	66883999	0
chr16	66884000	66884999	6
chr16	66885000	66885999	27
chr16	66886000	66886999	13
chr16	66887000	66887999	14
chr16	66888000	66888999	0
chr16	66889000	66889999	3
chr16	66890000	66890999	0
chr16	66891000	66891999	0
chr16	66892000	66892999	8
chr16	66893000	66893999	0
chr16	66894000	66894999	12
chr16	66895000	66895999	32
chr16	66896000	66896999	1
chr16	66897000	66897999	11
chr16	66898000	66898999	26
chr16	66899000	66899999	26
chr16	66900000	66900999	16
chr16	66901000	66901999	13
chr16	66902000	66902999	5
chr16	66903000	66903999	43
chr16	66904000	66904999	22
chr16	66905000	66905999	9
chr16	66906000	66906999	0
chr16	66907000	66907999	23
chr16	66908000	66908999	3
chr16	66909000	66909999	5
chr16	66910000	66910999	13
chr16	66911000	66911999	0
chr16	66912000	66912999	12
chr16	66913000	66913999	5
chr16	66914000	66914999	0
chr16	66915000	66915999	13
chr16	66916000	66916999	12
chr16	66917000	66917999	9
chr16	66918000	66918999	12
chr16	66919000	66919999	5
chr16	66920000	66920999	3
chr16	66921000	66921999	16
chr16	66922000	66922999	6
chr16	66923000	66923999	9
chr16	66924000	66924999	22
chr16	66925000	66925999	0
chr16	66926000	66926999	13
chr16	66927000	66927999	0
chr16	66928000	66928999	0
chr16	66929000	66929999	16
chr16	66930000	66930999	13
chr16	66931000	66931999	2
chr16	66932000	66932999	27
chr16	66933000	66933999	0
chr16	66934000	66934999	0
chr16	66935000	66935999	13
chr16	66936000	66936999	8
chr16	66937000	66937999	7
chr16	66938000	66938999	12
chr16	66939000	66939999	17
chr16	66940000	66940999	0
chr16	66941000	66941999	20
chr16	66942000	66942999	7
chr16	66943000	66943999	0
chr16	66944000	66944999	30
chr16	66945000	66945999	4
chr16	66946000	66946999	4
chr16	66947000	66947999	0
chr16	66948000	66948999	0
chr16	66949000	66949999	10
chr16	66950000	66950999	0
chr16	66951000	66951999	14
chr16	66952000	66952999	2
chr16	66953000	66953999	13
chr16	66954000	66954999	7
chr16	66955000	66955999	11
chr16	66956000	66956999	13
chr16	66957000	66957999	0
chr16	66958000	66958999	17
chr16	66959000	66959999	7
chr16	66960000	66960999	10
chr16	66961000	66961999	13
chr16	66962000	66962999	20
chr16	66963000	66963999	3
chr16	66964000	66964999	2
chr16	66965000	66965999	0
chr16	66966000	66966999	4
chr16	66967000	66967999	26
chr16	66968000	66968999	0
chr16	66969000	66969999	1
chr16	66970000	66970999	8
chr16	66971000	66971999	0
chr16	66972000	66972999	2
chr16	66973000	66973999	0
chr16	66974000	66974999	11
chr16	66975000	66975999	1
chr16	66976000	66976999	3
chr16	66977000	66977999	0
chr16	66978000	66978999	0
chr16	66979000	66979999	9
chr16	66980000	66980999	17
chr16	66981000	66981999	0
chr16	66982000	66982999	0
chr16	66983000	66983999	0
chr16	66984000	66984999	12
chr16	66985000	66985999	0
chr16	66986000	66986999	1
chr16	66987000	66987999	15
chr16	66988000	66988999	11
chr16	66989000	66989999	0
chr16	66990000	66990999	7
chr16	66991000	66991999	34
chr16	66992000	66992999	0
chr16	66993000	66993999	0
chr16	66994000	66994999	2
chr16	66995000	66995999	5
chr16	66996000	66996999	0
chr16	66997000	66997999	30
chr16	66998000	66998999	0
chr16	66999000	66999999	0
chr16	67000000	67000999	0
chr16	67001000	67001999	8
chr16	67002000	67002999	0
chr16	67003000	67003999	0
chr16	67004000	67004999	0
chr16	67005000	67005999	10
chr16	67006000	67006999	23
chr16	67007000	67007999	7
chr16	67008000	67008999	9
chr16	67009000	67009999	19
chr16	67010000	67010999	0
chr16	67011000	67011999	9
chr16	67012000	67012999	3
chr16	67013000	67013999	2
chr16	67014000	67014999	4
chr16	67015000	67015999	3
chr16	67016000	67016999	0
chr16	67017000	67017999	1
chr16	67018000	67018999	0
chr16	67019000	67019999	13
chr16	67020000	67020999	16
chr16	67021000	67021999	0
chr16	67022000	67022999	6
chr16	67023000	67023999	0
chr16	67024000	67024999	0
chr16	67025000	67025999	12
chr16	67026000	67026999	20
chr16	67027000	67027999	14
chr16	67028000	67028999	4
chr16	67029000	67029999	17
chr16	67030000	67030999	12
chr16	67031000	67031999	0
chr16	67032000	67032999	1
chr16	67033000	67033999	2
chr16	67034000	67034999	10
chr16	67035000	67035999	20
chr16	67036000	67036999	1
chr16	67037000	67037999	0
chr16	67038000	67038999	3
chr16	67039000	67039999	11
chr16	67040000	67040999	1
chr16	67041000	67041999	0
chr16	67042000	67042999	7
chr16	67043000	67043999	10
chr16	67044000	67044999	6
chr16	67045000	67045999	12
chr16	67046000	67046999	5
chr16	67047000	67047999	7
chr16	67048000	67048999	16
chr16	67049000	67049999	0
chr16	67050000	67050999	0
chr16	67051000	67051999	15
chr16	67052000	67052999	3
chr16	67053000	67053999	0
chr16	67054000	67054999	12
chr16	67055000	67055999	24
chr16	67056000	67056999	7
chr16	67057000	67057999	3
chr16	67058000	67058999	18
chr16	67059000	67059999	6
chr16	67060000	67060999	4
chr16	67061000	67061999	7
chr16	67062000	67062999	0
chr16	67063000	67063999	10
chr16	67064000	67064999	0
chr16	67065000	67065999	0
chr16	67066000	67066999	21
chr16	67067000	67067999	0
chr16	67068000	67068999	3
chr16	67069000	67069999	9
chr16	67070000	67070999	0
chr16	67071000	67071999	0
chr16	67072000	67072999	10
chr16	67073000	67073999	7
chr16	67074000	67074999	11
chr16	67075000	67075999	7
chr16	67076000	67076999	1
chr16	67077000	67077999	5
chr16	67078000	67078999	20
chr16	67079000	67079999	32
chr16	67080000	67080999	11
chr16	67081000	67081999	16
chr16	67082000	67082999	0
chr16	67083000	67083999	0
chr16	67084000	67084999	7
chr16	67085000	67085999	12
chr16	67086000	67086999	9
chr16	67087000	67087999	12
chr16	67088000	67088999	22
chr16	67089000	67089999	34
chr16	67090000	67090999	20
chr16	67091000	67091999	0
chr16	67092000	67092999	3
chr16	67093000	67093999	10
chr16	67094000	67094999	27
chr16	67095000	67095999	17
chr16	67096000	67096999	15
chr16	67097000	67097999	8
chr16	67098000	67098999	18
chr16	67099000	67099999	5
chr16	67100000	67100999	0
chr16	67101000	67101999	0
chr16	67102000	67102999	0
chr16	67103000	67103999	14
chr16	67104000	67104999	0
chr16	67105000	67105999	6
chr16	67106000	67106999	19
chr16	67107000	67107999	22
chr16	67108000	67108999	5
chr16	67109000	67109999	5
chr16	67110000	67110999	0
chr16	67111000	67111999	14
chr16	67112000	67112999	3
chr16	67113000	67113999	5
chr16	67114000	67114999	6
chr16	67115000	67115999	15
chr16	67116000	67116999	15
chr16	67117000	67117999	12
chr16	67118000	67118999	16
chr16	67119000	67119999	19
chr16	67120000	67120999	4
chr16	67121000	67121999	0
chr16	67122000	67122999	0
chr16	67123000	67123999	10
chr16	67124000	67124999	0
chr16	67125000	67125999	21
chr16	67126000	67126999	0
chr16	67127000	67127999	11
chr16	67128000	67128999	4
chr16	67129000	67129999	2
chr16	67130000	67130999	1
chr16	67131000	67131999	9
chr16	67132000	67132999	8
chr16	67133000	67133999	38
chr16	67134000	67134999	0
chr16	67135000	67135999	0
chr16	67136000	67136999	13
chr16	67137000	67137999	0
chr16	67138000	67138999	1
chr16	67139000	67139999	13
chr16	67140000	67140999	3
chr16	67141000	67141999	5
chr16	67142000	67142999	14
chr16	67143000	67143999	31
chr16	67144000	67144999	6
chr16	67145000	67145999	4
chr16	67146000	67146999	3
chr16	67147000	67147999	3
chr16	67148000	67148999	8
chr16	67149000	67149999	1
chr16	67150000	67150999	6
chr16	67151000	67151999	0
chr16	67152000	67152999	6
chr16	67153000	67153999	0
chr16	67154000	67154999	4
chr16	67155000	67155999	16
chr16	67156000	67156999	22
chr16	67157000	67157999	2
chr16	67158000	67158999	9
chr16	67159000	67159999	7
chr16	67160000	67160999	6
chr16	67161000	67161999	0
chr16	67162000	67162999	13
chr16	67163000	67163999	0
chr16	67164000	67164999	0
chr16	67165000	67165999	3
chr16	67166000	67166999	18
chr16	67167000	67167999	0
chr16	67168000	67168999	1
chr16	67169000	67169999	1
chr16	67170000	67170999	16
chr16	67171000	67171999	19
chr16	67172000	67172999	0
chr16	67173000	67173999	9
chr16	67174000	67174999	16
chr16	67175000	67175999	20
chr16	67176000	67176999	18
chr16	67177000	67177999	1
chr16	67178000	67178999	20
chr16	67179000	67179999	9
chr16	67180000	67180999	2
chr16	67181000	67181999	10
chr16	67182000	67182999	1
chr16	67183000	67183999	3
chr16	67184000	67184999	0
chr16	67185000	67185999	12
chr16	67186000	67186999	22
chr16	67187000	67187999	10
chr16	67188000	67188999	0
chr16	67189000	67189999	0
chr16	67190000	67190999	12
chr16	67191000	67191999	17
chr16	67192000	67192999	8
chr16	67193000	67193999	7
chr16	67194000	67194999	7
chr16	67195000	67195999	4
chr16	67196000	67196999	0
chr16	67197000	67197999	4
chr16	67198000	67198999	0
chr16	67199000	67199999	3
chr16	67200000	67200999	4
chr16	67201000	67201999	18
chr16	67202000	67202999	0
chr16	67203000	67203999	3
chr16	67204000	67204999	0
chr16	67205000	67205999	4
chr16	67206000	67206999	0
chr16	67207000	67207999	14
chr16	67208000	67208999	2
chr16	67209000	67209999	7
chr16	67210000	67210999	10
chr16	67211000	67211999	26
chr16	67212000	67212999	4
chr16	67213000	67213999	21
chr16	67214000	67214999	18
chr16	67215000	67215999	5
chr16	67216000	67216999	7
chr16	67217000	67217999	7
chr16	67218000	67218999	15
chr16	67219000	67219999	11
chr16	67220000	67220999	8
chr16	67221000	67221999	13
chr16	67222000	67222999	18
chr16	67223000	67223999	18
chr16	67224000	67224999	0
chr16	67225000	67225999	7
chr16	67226000	67226999	8
chr16	67227000	67227999	1
chr16	67228000	67228999	11
chr16	67229000	67229999	0
chr16	67230000	67230999	5
chr16	67231000	67231999	0
chr16	67232000	67232999	14
chr16	67233000	67233999	20
chr16	67234000	67234999	16
chr16	67235000	67235999	18
chr16	67236000	67236999	14
chr16	67237000	67237999	13
chr16	67238000	67238999	5
chr16	67239000	67239999	21
chr16	67240000	67240999	0
chr16	67241000	67241999	3
chr16	67242000	67242999	0
chr16	67243000	67243999	19
chr16	67244000	67244999	4
chr16	67245000	67245999	9
chr16	67246000	67246999	10
chr16	67247000	67247999	18
chr16	67248000	67248999	1
chr16	67249000	67249999	3
chr16	67250000	67250999	0
chr16	67251000	67251999	8
chr16	67252000	67252999	4
chr16	67253000	67253999	14
chr16	67254000	67254999	0
chr16	67255000	67255999	12
chr16	67256000	67256999	19
chr16	67257000	67257999	4
chr16	67258000	67258999	13
chr16	67259000	67259999	16
chr16	67260000	67260999	0
chr16	67261000	67261999	21
chr16	67262000	67262999	22
chr16	67263000	67263999	2
chr16	67264000	67264999	26
chr16	67265000	67265999	15
chr16	67266000	67266999	12
chr16	67267000	67267999	4
chr16	67268000	67268999	27
chr16	67269000	67269999	9
chr16	67270000	67270999	14
chr16	67271000	67271999	0
chr16	67272000	67272999	0
chr16	67273000	67273999	0
chr16	67274000	67274999	5
chr16	67275000	67275999	0
chr16	67276000	67276999	0
chr16	67277000	67277999	7
chr16	67278000	67278999	21
chr16	67279000	67279999	4
chr16	67280000	67280999	3
chr16	67281000	67281999	8
chr16	67282000	67282999	20
chr16	67283000	67283999	0
chr16	67284000	67284999	15
chr16	67285000	67285999	3
chr16	67286000	67286999	1
chr16	67287000	67287999	17
chr16	67288000	67288999	14
chr16	67289000	67289999	4
chr16	67290000	67290999	15
chr16	67291000	67291999	13
chr16	67292000	67292999	0
chr16	67293000	67293999	0
chr16	67294000	67294999	11
chr16	67295000	67295999	16
chr16	67296000	67296999	7
chr16	67297000	67297999	19
chr16	67298000	67298999	6
chr16	67299000	67299999	15
chr16	67300000	67300999	5
chr16	67301000	67301999	7
chr16	67302000	67302999	8
chr16	67303000	67303999	15
chr16	67304000	67304999	0
chr16	67305000	67305999	13
chr16	67306000	67306999	14
chr16	67307000	67307999	2
chr16	67308000	67308999	10
chr16	67309000	67309999	10
chr16	67310000	67310999	11
chr16	67311000	67311999	22
chr16	67312000	67312999	3
chr16	67313000	67313999	0
chr16	67314000	67314999	0
chr16	67315000	67315999	36
chr16	67316000	67316999	10
chr16	67317000	67317999	14
chr16	67318000	67318999	15
chr16	67319000	67319999	0
chr16	67320000	67320999	16
chr16	67321000	67321999	4
chr16	67322000	67322999	1
chr16	67323000	67323999	20
chr16	67324000	67324999	3
chr16	67325000	67325999	8
chr16	67326000	67326999	0
chr16	67327000	67327999	3
chr16	67328000	67328999	0
chr16	67329000	67329999	0
chr16	67330000	67330999	0
chr16	67331000	67331999	0
chr16	67332000	67332999	0
chr16	67333000	67333999	0
chr16	67334000	67334999	8
chr16	67335000	67335999	0
chr16	67336000	67336999	4
chr16	67337000	67337999	17
chr16	67338000	67338999	0
chr16	67339000	67339999	14
chr16	67340000	67340999	9
chr16	67341000	67341999	6
chr16	67342000	67342999	3
chr16	67343000	67343999	3
chr16	67344000	67344999	22
chr16	67345000	67345999	14
chr16	67346000	67346999	26
chr16	67347000	67347999	13
chr16	67348000	67348999	11
chr16	67349000	67349999	1
chr16	67350000	67350999	15
chr16	67351000	67351999	0
chr16	67352000	67352999	2
chr16	67353000	67353999	0
chr16	67354000	67354999	0
chr16	67355000	67355999	9
chr16	67356000	67356999	0
chr16	67357000	67357999	0
chr16	67358000	67358999	9
chr16	67359000	67359999	17
chr16	67360000	67360999	0
chr16	67361000	67361999	0
chr16	67362000	67362999	0
chr16	67363000	67363999	6
chr16	67364000	67364999	10
chr16	67365000	67365999	11
chr16	67366000	67366999	15
chr16	67367000	67367999	10
chr16	67368000	67368999	6
chr16	67369000	67369999	3
chr16	67370000	67370999	7
chr16	67371000	67371999	4
chr16	67372000	67372999	9
chr16	67373000	67373999	19
chr16	67374000	67374999	7
chr16	67375000	67375999	0
chr16	67376000	67376999	0
chr16	67377000	67377999	0
chr16	67378000	67378999	0
chr16	67379000	67379999	16
chr16	67380000	67380999	1
chr16	67381000	67381999	3
chr16	67382000	67382999	0
chr16	67383000	67383999	8
chr16	67384000	67384999	3
chr16	67385000	67385999	0
chr16	67386000	67386999	0
chr16	67387000	67387999	0
chr16	67388000	67388999	0
chr16	67389000	67389999	0
chr16	67390000	67390999	0
chr16	67391000	67391999	14
chr16	67392000	67392999	32
chr16	67393000	67393999	11
chr16	67394000	67394999	0
chr16	67395000	67395999	6
chr16	67396000	67396999	0
chr16	67397000	67397999	7
chr16	67398000	67398999	23
chr16	67399000	67399999	8
chr16	67400000	67400999	19
chr16	67401000	67401999	0
chr16	67402000	67402999	3
chr16	67403000	67403999	0
chr16	67404000	67404999	15
chr16	67405000	67405999	0
chr16	67406000	67406999	9
chr16	67407000	67407999	0
chr16	67408000	67408999	0
chr16	67409000	67409999	11
chr16	67410000	67410999	2
chr16	67411000	67411999	1
chr16	67412000	67412999	6
chr16	67413000	67413999	6
chr16	67414000	67414999	11
chr16	67415000	67415999	8
chr16	67416000	67416999	0
chr16	67417000	67417999	0
chr16	67418000	67418999	14
chr16	67419000	67419999	5
chr16	67420000	67420999	1
chr16	67421000	67421999	11
chr16	67422000	67422999	12
chr16	67423000	67423999	13
chr16	67424000	67424999	7
chr16	67425000	67425999	37
chr16	67426000	67426999	6
chr16	67427000	67427999	0
chr16	67428000	67428999	5
chr16	67429000	67429999	18
chr16	67430000	67430999	9
chr16	67431000	67431999	0
chr16	67432000	67432999	10
chr16	67433000	67433999	13
chr16	67434000	67434999	3
chr16	67435000	67435999	6
chr16	67436000	67436999	12
chr16	67437000	67437999	0
chr16	67438000	67438999	14
chr16	67439000	67439999	22
chr16	67440000	67440999	0
chr16	67441000	67441999	0
chr16	67442000	67442999	12
chr16	67443000	67443999	24
chr16	67444000	67444999	12
chr16	67445000	67445999	21
chr16	67446000	67446999	0
chr16	67447000	67447999	0
chr16	67448000	67448999	4
chr16	67449000	67449999	6
chr16	67450000	67450999	0
chr16	67451000	67451999	11
chr16	67452000	67452999	17
chr16	67453000	67453999	0
chr16	67454000	67454999	10
chr16	67455000	67455999	0
chr16	67456000	67456999	21
chr16	67457000	67457999	12
chr16	67458000	67458999	11
chr16	67459000	67459999	0
chr16	67460000	67460999	0
chr16	67461000	67461999	5
chr16	67462000	67462999	3
chr16	67463000	67463999	26
chr16	67464000	67464999	15
chr16	67465000	67465999	13
chr16	67466000	67466999	0
chr16	67467000	67467999	1
chr16	67468000	67468999	15
chr16	67469000	67469999	0
chr16	67470000	67470999	4
chr16	67471000	67471999	25
chr16	67472000	67472999	7
chr16	67473000	67473999	19
chr16	67474000	67474999	3
chr16	67475000	67475999	3
chr16	67476000	67476999	12
chr16	67477000	67477999	4
chr16	67478000	67478999	15
chr16	67479000	67479999	4
chr16	67480000	67480999	14
chr16	67481000	67481999	16
chr16	67482000	67482999	16
chr16	67483000	67483999	5
chr16	67484000	67484999	0
chr16	67485000	67485999	0
chr16	67486000	67486999	24
chr16	67487000	67487999	9
chr16	67488000	67488999	0
chr16	67489000	67489999	10
chr16	67490000	67490999	0
chr16	67491000	67491999	4
chr16	67492000	67492999	47
chr16	67493000	67493999	20
chr16	67494000	67494999	0
chr16	67495000	67495999	0
chr16	67496000	67496999	0
chr16	67497000	67497999	25
chr16	67498000	67498999	9
chr16	67499000	67499999	5
chr16	67500000	67500999	9
chr16	67501000	67501999	12
chr16	67502000	67502999	12
chr16	67503000	67503999	1
chr16	67504000	67504999	4
chr16	67505000	67505999	4
chr16	67506000	67506999	0
chr16	67507000	67507999	0
chr16	67508000	67508999	0
chr16	67509000	67509999	0
chr16	67510000	67510999	4
chr16	67511000	67511999	2
chr16	67512000	67512999	6
chr16	67513000	67513999	4
chr16	67514000	67514999	7
chr16	67515000	67515999	0
chr16	67516000	67516999	4
chr16	67517000	67517999	16
chr16	67518000	67518999	6
chr16	67519000	67519999	15
chr16	67520000	67520999	19
chr16	67521000	67521999	0
chr16	67522000	67522999	0
chr16	67523000	67523999	0
chr16	67524000	67524999	5
chr16	67525000	67525999	21
chr16	67526000	67526999	22
chr16	67527000	67527999	8
chr16	67528000	67528999	15
chr16	67529000	67529999	20
chr16	67530000	67530999	0
chr16	67531000	67531999	1
chr16	67532000	67532999	2
chr16	67533000	67533999	4
chr16	67534000	67534999	1
chr16	67535000	67535999	39
chr16	67536000	67536999	5
chr16	67537000	67537999	2
chr16	67538000	67538999	24
chr16	67539000	67539999	5
chr16	67540000	67540999	0
chr16	67541000	67541999	16
chr16	67542000	67542999	36
chr16	67543000	67543999	6
chr16	67544000	67544999	5
chr16	67545000	67545999	7
chr16	67546000	67546999	7
chr16	67547000	67547999	11
chr16	67548000	67548999	16
chr16	67549000	67549999	0
chr16	67550000	67550999	3
chr16	67551000	67551999	1
chr16	67552000	67552999	0
chr16	67553000	67553999	0
chr16	67554000	67554999	2
chr16	67555000	67555999	9
chr16	67556000	67556999	10
chr16	67557000	67557999	7
chr16	67558000	67558999	9
chr16	67559000	67559999	0
chr16	67560000	67560999	0
chr16	67561000	67561999	0
chr16	67562000	67562999	31
chr16	67563000	67563999	0
chr16	67564000	67564999	0
chr16	67565000	67565999	0
chr16	67566000	67566999	0
chr16	67567000	67567999	0
chr16	67568000	67568999	0
chr16	67569000	67569999	5
chr16	67570000	67570999	0
chr16	67571000	67571999	16
chr16	67572000	67572999	20
chr16	67573000	67573999	0
chr16	67574000	67574999	0
chr16	67575000	67575999	1
chr16	67576000	67576999	22
chr16	67577000	67577999	6
chr16	67578000	67578999	0
chr16	67579000	67579999	4
chr16	67580000	67580999	0
chr16	67581000	67581999	12
chr16	67582000	67582999	10
chr16	67583000	67583999	9
chr16	67584000	67584999	3
chr16	67585000	67585999	6
chr16	67586000	67586999	0
chr16	67587000	67587999	5
chr16	67588000	67588999	4
chr16	67589000	67589999	4
chr16	67590000	67590999	10
chr16	67591000	67591999	0
chr16	67592000	67592999	11
chr16	67593000	67593999	6
chr16	67594000	67594999	9
chr16	67595000	67595999	4
chr16	67596000	67596999	6
chr16	67597000	67597999	14
chr16	67598000	67598999	0
chr16	67599000	67599999	0
chr16	67600000	67600999	2
chr16	67601000	67601999	6
chr16	67602000	67602999	0
chr16	67603000	67603999	27
chr16	67604000	67604999	5
chr16	67605000	67605999	0
chr16	67606000	67606999	16
chr16	67607000	67607999	0
chr16	67608000	67608999	0
chr16	67609000	67609999	1
chr16	67610000	67610999	21
chr16	67611000	67611999	6
chr16	67612000	67612999	5
chr16	67613000	67613999	7
chr16	67614000	67614999	21
chr16	67615000	67615999	3
chr16	67616000	67616999	6
chr16	67617000	67617999	4
chr16	67618000	67618999	27
chr16	67619000	67619999	4
chr16	67620000	67620999	87
chr16	67621000	67621999	28
chr16	67622000	67622999	18
chr16	67623000	67623999	12
chr16	67624000	67624999	23
chr16	67625000	67625999	1
chr16	67626000	67626999	13
chr16	67627000	67627999	0
chr16	67628000	67628999	17
chr16	67629000	67629999	0
chr16	67630000	67630999	0
chr16	67631000	67631999	0
chr16	67632000	67632999	0
chr16	67633000	67633999	0
chr16	67634000	67634999	0
chr16	67635000	67635999	0
chr16	67636000	67636999	0
chr16	67637000	67637999	6
chr16	67638000	67638999	7
chr16	67639000	67639999	15
chr16	67640000	67640999	0
chr16	67641000	67641999	3
chr16	67642000	67642999	12
chr16	67643000	67643999	3
chr16	67644000	67644999	9
chr16	67645000	67645999	12
chr16	67646000	67646999	23
chr16	67647000	67647999	11
chr16	67648000	67648999	0
chr16	67649000	67649999	0
chr16	67650000	67650999	0
chr16	67651000	67651999	4
chr16	67652000	67652999	12
chr16	67653000	67653999	6
chr16	67654000	67654999	5
chr16	67655000	67655999	3
chr16	67656000	67656999	0
chr16	67657000	67657999	20
chr16	67658000	67658999	3
chr16	67659000	67659999	4
chr16	67660000	67660999	5
chr16	67661000	67661999	4
chr16	67662000	67662999	0
chr16	67663000	67663999	2
chr16	67664000	67664999	0
chr16	67665000	67665999	4
chr16	67666000	67666999	0
chr16	67667000	67667999	0
chr16	67668000	67668999	7
chr16	67669000	67669999	23
chr16	67670000	67670999	0
chr16	67671000	67671999	7
chr16	67672000	67672999	0
chr16	67673000	67673999	0
chr16	67674000	67674999	0
chr16	67675000	67675999	5
chr16	67676000	67676999	16
chr16	67677000	67677999	6
chr16	67678000	67678999	31
chr16	67679000	67679999	0
chr16	67680000	67680999	7
chr16	67681000	67681999	17
chr16	67682000	67682999	13
chr16	67683000	67683999	1
chr16	67684000	67684999	0
chr16	67685000	67685999	0
chr16	67686000	67686999	3
chr16	67687000	67687999	12
chr16	67688000	67688999	5
chr16	67689000	67689999	1
chr16	67690000	67690999	16
chr16	67691000	67691999	13
chr16	67692000	67692999	0
chr16	67693000	67693999	9
chr16	67694000	67694999	8
chr16	67695000	67695999	4
chr16	67696000	67696999	0
chr16	67697000	67697999	5
chr16	67698000	67698999	23
chr16	67699000	67699999	17
chr16	67700000	67700999	2
chr16	67701000	67701999	22
chr16	67702000	67702999	6
chr16	67703000	67703999	0
chr16	67704000	67704999	0
chr16	67705000	67705999	10
chr16	67706000	67706999	12
chr16	67707000	67707999	23
chr16	67708000	67708999	2
chr16	67709000	67709999	32
chr16	67710000	67710999	0
chr16	67711000	67711999	3
chr16	67712000	67712999	0
chr16	67713000	67713999	0
chr16	67714000	67714999	6
chr16	67715000	67715999	5
chr16	67716000	67716999	21
chr16	67717000	67717999	14
chr16	67718000	67718999	6
chr16	67719000	67719999	10
chr16	67720000	67720999	0
chr16	67721000	67721999	9
chr16	67722000	67722999	27
chr16	67723000	67723999	0
chr16	67724000	67724999	0
chr16	67725000	67725999	0
chr16	67726000	67726999	9
chr16	67727000	67727999	11
chr16	67728000	67728999	0
chr16	67729000	67729999	0
chr16	67730000	67730999	19
chr16	67731000	67731999	17
chr16	67732000	67732999	12
chr16	67733000	67733999	17
chr16	67734000	67734999	0
chr16	67735000	67735999	4
chr16	67736000	67736999	11
chr16	67737000	67737999	0
chr16	67738000	67738999	12
chr16	67739000	67739999	5
chr16	67740000	67740999	0
chr16	67741000	67741999	6
chr16	67742000	67742999	14
chr16	67743000	67743999	0
chr16	67744000	67744999	0
chr16	67745000	67745999	4
chr16	67746000	67746999	23
chr16	67747000	67747999	22
chr16	67748000	67748999	24
chr16	67749000	67749999	0
chr16	67750000	67750999	8
chr16	67751000	67751999	5
chr16	67752000	67752999	33
chr16	67753000	67753999	5
chr16	67754000	67754999	8
chr16	67755000	67755999	14
chr16	67756000	67756999	7
chr16	67757000	67757999	1
chr16	67758000	67758999	1
chr16	67759000	67759999	12
chr16	67760000	67760999	9
chr16	67761000	67761999	11
chr16	67762000	67762999	6
chr16	67763000	67763999	0
chr16	67764000	67764999	0
chr16	67765000	67765999	9
chr16	67766000	67766999	4
chr16	67767000	67767999	5
chr16	67768000	67768999	3
chr16	67769000	67769999	3
chr16	67770000	67770999	1
chr16	67771000	67771999	0
chr16	67772000	67772999	4
chr16	67773000	67773999	7
chr16	67774000	67774999	9
chr16	67775000	67775999	1
chr16	67776000	67776999	3
chr16	67777000	67777999	9
chr16	67778000	67778999	4
chr16	67779000	67779999	0
chr16	67780000	67780999	0
chr16	67781000	67781999	11
chr16	67782000	67782999	21
chr16	67783000	67783999	28
chr16	67784000	67784999	2
chr16	67785000	67785999	0
chr16	67786000	67786999	0
chr16	67787000	67787999	13
chr16	67788000	67788999	6
chr16	67789000	67789999	22
chr16	67790000	67790999	20
chr16	67791000	67791999	29
chr16	67792000	67792999	0
chr16	67793000	67793999	0
chr16	67794000	67794999	19
chr16	67795000	67795999	12
chr16	67796000	67796999	0
chr16	67797000	67797999	7
chr16	67798000	67798999	0
chr16	67799000	67799999	0
chr16	67800000	67800999	2
chr16	67801000	67801999	15
chr16	67802000	67802999	0
chr16	67803000	67803999	1
chr16	67804000	67804999	8
chr16	67805000	67805999	0
chr16	67806000	67806999	16
chr16	67807000	67807999	0
chr16	67808000	67808999	0
chr16	67809000	67809999	0
chr16	67810000	67810999	0
chr16	67811000	67811999	0
chr16	67812000	67812999	19
chr16	67813000	67813999	0
chr16	67814000	67814999	4
chr16	67815000	67815999	20
chr16	67816000	67816999	23
chr16	67817000	67817999	26
chr16	67818000	67818999	8
chr16	67819000	67819999	0
chr16	67820000	67820999	12
chr16	67821000	67821999	16
chr16	67822000	67822999	1
chr16	67823000	67823999	23
chr16	67824000	67824999	13
chr16	67825000	67825999	11
chr16	67826000	67826999	25
chr16	67827000	67827999	0
chr16	67828000	67828999	7
chr16	67829000	67829999	7
chr16	67830000	67830999	7
chr16	67831000	67831999	29
chr16	67832000	67832999	0
chr16	67833000	67833999	3
chr16	67834000	67834999	0
chr16	67835000	67835999	6
chr16	67836000	67836999	16
chr16	67837000	67837999	8
chr16	67838000	67838999	8
chr16	67839000	67839999	12
chr16	67840000	67840999	0
chr16	67841000	67841999	32
chr16	67842000	67842999	20
chr16	67843000	67843999	11
chr16	67844000	67844999	0
chr16	67845000	67845999	6
chr16	67846000	67846999	16
chr16	67847000	67847999	7
chr16	67848000	67848999	17
chr16	67849000	67849999	15
chr16	67850000	67850999	9
chr16	67851000	67851999	0
chr16	67852000	67852999	7
chr16	67853000	67853999	6
chr16	67854000	67854999	19
chr16	67855000	67855999	5
chr16	67856000	67856999	21
chr16	67857000	67857999	0
chr16	67858000	67858999	0
chr16	67859000	67859999	10
chr16	67860000	67860999	6
chr16	67861000	67861999	3
chr16	67862000	67862999	7
chr16	67863000	67863999	2
chr16	67864000	67864999	0
chr16	67865000	67865999	12
chr16	67866000	67866999	5
chr16	67867000	67867999	0
chr16	67868000	67868999	10
chr16	67869000	67869999	19
chr16	67870000	67870999	3
chr16	67871000	67871999	0
chr16	67872000	67872999	1
chr16	67873000	67873999	0
chr16	67874000	67874999	8
chr16	67875000	67875999	2
chr16	67876000	67876999	0
chr16	67877000	67877999	6
chr16	67878000	67878999	17
chr16	67879000	67879999	4
chr16	67880000	67880999	0
chr16	67881000	67881999	7
chr16	67882000	67882999	0
chr16	67883000	67883999	5
chr16	67884000	67884999	10
chr16	67885000	67885999	11
chr16	67886000	67886999	0
chr16	67887000	67887999	8
chr16	67888000	67888999	8
chr16	67889000	67889999	23
chr16	67890000	67890999	3
chr16	67891000	67891999	29
chr16	67892000	67892999	1
chr16	67893000	67893999	11
chr16	67894000	67894999	23
chr16	67895000	67895999	6
chr16	67896000	67896999	15
chr16	67897000	67897999	6
chr16	67898000	67898999	13
chr16	67899000	67899999	0
chr16	67900000	67900999	4
chr16	67901000	67901999	9
chr16	67902000	67902999	2
chr16	67903000	67903999	29
chr16	67904000	67904999	0
chr16	67905000	67905999	0
chr16	67906000	67906999	1
chr16	67907000	67907999	0
chr16	67908000	67908999	24
chr16	67909000	67909999	3
chr16	67910000	67910999	9
chr16	67911000	67911999	0
chr16	67912000	67912999	4
chr16	67913000	67913999	3
chr16	67914000	67914999	0
chr16	67915000	67915999	8
chr16	67916000	67916999	52
chr16	67917000	67917999	2
chr16	67918000	67918999	0
chr16	67919000	67919999	9
chr16	67920000	67920999	0
chr16	67921000	67921999	1
chr16	67922000	67922999	5
chr16	67923000	67923999	22
chr16	67924000	67924999	0
chr16	67925000	67925999	14
chr16	67926000	67926999	17
chr16	67927000	67927999	12
chr16	67928000	67928999	17
chr16	67929000	67929999	0
chr16	67930000	67930999	9
chr16	67931000	67931999	0
chr16	67932000	67932999	0
chr16	67933000	67933999	0
chr16	67934000	67934999	0
chr16	67935000	67935999	0
chr16	67936000	67936999	0
chr16	67937000	67937999	0
chr16	67938000	67938999	0
chr16	67939000	67939999	0
chr16	67940000	67940999	0
chr16	67941000	67941999	0
chr16	67942000	67942999	0
chr16	67943000	67943999	0
chr16	67944000	67944999	1
chr16	67945000	67945999	18
chr16	67946000	67946999	1
chr16	67947000	67947999	4
chr16	67948000	67948999	5
chr16	67949000	67949999	13
chr16	67950000	67950999	12
chr16	67951000	67951999	10
chr16	67952000	67952999	0
chr16	67953000	67953999	3
chr16	67954000	67954999	4
chr16	67955000	67955999	19
chr16	67956000	67956999	10
chr16	67957000	67957999	7
chr16	67958000	67958999	7
chr16	67959000	67959999	6
chr16	67960000	67960999	5
chr16	67961000	67961999	17
chr16	67962000	67962999	0
chr16	67963000	67963999	0
chr16	67964000	67964999	5
chr16	67965000	67965999	1
chr16	67966000	67966999	6
chr16	67967000	67967999	0
chr16	67968000	67968999	8
chr16	67969000	67969999	0
chr16	67970000	67970999	0
chr16	67971000	67971999	11
chr16	67972000	67972999	7
chr16	67973000	67973999	2
chr16	67974000	67974999	0
chr16	67975000	67975999	4
chr16	67976000	67976999	4
chr16	67977000	67977999	7
chr16	67978000	67978999	7
chr16	67979000	67979999	9
chr16	67980000	67980999	24
chr16	67981000	67981999	5
chr16	67982000	67982999	0
chr16	67983000	67983999	13
chr16	67984000	67984999	19
chr16	67985000	67985999	4
chr16	67986000	67986999	0
chr16	67987000	67987999	4
chr16	67988000	67988999	1
chr16	67989000	67989999	5
chr16	67990000	67990999	6
chr16	67991000	67991999	4
chr16	67992000	67992999	1
chr16	67993000	67993999	0
chr16	67994000	67994999	25
chr16	67995000	67995999	0
chr16	67996000	67996999	2
chr16	67997000	67997999	12
chr16	67998000	67998999	1
chr16	67999000	67999999	0
chr16	68000000	68000999	0
chr16	68001000	68001999	23
chr16	68002000	68002999	0
chr16	68003000	68003999	17
chr16	68004000	68004999	15
chr16	68005000	68005999	5
chr16	68006000	68006999	17
chr16	68007000	68007999	0
chr16	68008000	68008999	0
chr16	68009000	68009999	0
chr16	68010000	68010999	14
chr16	68011000	68011999	3
chr16	68012000	68012999	26
chr16	68013000	68013999	19
chr16	68014000	68014999	5
chr16	68015000	68015999	0
chr16	68016000	68016999	23
chr16	68017000	68017999	4
chr16	68018000	68018999	9
chr16	68019000	68019999	20
chr16	68020000	68020999	11
chr16	68021000	68021999	16
chr16	68022000	68022999	8
chr16	68023000	68023999	1
chr16	68024000	68024999	3
chr16	68025000	68025999	12
chr16	68026000	68026999	10
chr16	68027000	68027999	7
chr16	68028000	68028999	0
chr16	68029000	68029999	29
chr16	68030000	68030999	9
chr16	68031000	68031999	0
chr16	68032000	68032999	8
chr16	68033000	68033999	3
chr16	68034000	68034999	4
chr16	68035000	68035999	0
chr16	68036000	68036999	0
chr16	68037000	68037999	4
chr16	68038000	68038999	18
chr16	68039000	68039999	0
chr16	68040000	68040999	8
chr16	68041000	68041999	34
chr16	68042000	68042999	11
chr16	68043000	68043999	8
chr16	68044000	68044999	0
chr16	68045000	68045999	8
chr16	68046000	68046999	0
chr16	68047000	68047999	20
chr16	68048000	68048999	18
chr16	68049000	68049999	0
chr16	68050000	68050999	24
chr16	68051000	68051999	13
chr16	68052000	68052999	5
chr16	68053000	68053999	5
chr16	68054000	68054999	6
chr16	68055000	68055999	28
chr16	68056000	68056999	6
chr16	68057000	68057999	13
chr16	68058000	68058999	26
chr16	68059000	68059999	11
chr16	68060000	68060999	11
chr16	68061000	68061999	13
chr16	68062000	68062999	5
chr16	68063000	68063999	0
chr16	68064000	68064999	0
chr16	68065000	68065999	0
chr16	68066000	68066999	4
chr16	68067000	68067999	0
chr16	68068000	68068999	9
chr16	68069000	68069999	1
chr16	68070000	68070999	0
chr16	68071000	68071999	18
chr16	68072000	68072999	4
chr16	68073000	68073999	11
chr16	68074000	68074999	0
chr16	68075000	68075999	2
chr16	68076000	68076999	4
chr16	68077000	68077999	0
chr16	68078000	68078999	0
chr16	68079000	68079999	1
chr16	68080000	68080999	13
chr16	68081000	68081999	12
chr16	68082000	68082999	14
chr16	68083000	68083999	31
chr16	68084000	68084999	0
chr16	68085000	68085999	32
chr16	68086000	68086999	11
chr16	68087000	68087999	0
chr16	68088000	68088999	4
chr16	68089000	68089999	22
chr16	68090000	68090999	0
chr16	68091000	68091999	10
chr16	68092000	68092999	11
chr16	68093000	68093999	3
chr16	68094000	68094999	0
chr16	68095000	68095999	0
chr16	68096000	68096999	0
chr16	68097000	68097999	0
chr16	68098000	68098999	0
chr16	68099000	68099999	0
chr16	68100000	68100999	0
chr16	68101000	68101999	9
chr16	68102000	68102999	12
chr16	68103000	68103999	6
chr16	68104000	68104999	0
chr16	68105000	68105999	4
chr16	68106000	68106999	12
chr16	68107000	68107999	4
chr16	68108000	68108999	0
chr16	68109000	68109999	1
chr16	68110000	68110999	0
chr16	68111000	68111999	14
chr16	68112000	68112999	8
chr16	68113000	68113999	3
chr16	68114000	68114999	11
chr16	68115000	68115999	1
chr16	68116000	68116999	9
chr16	68117000	68117999	3
chr16	68118000	68118999	0
chr16	68119000	68119999	0
chr16	68120000	68120999	4
chr16	68121000	68121999	7
chr16	68122000	68122999	10
chr16	68123000	68123999	7
chr16	68124000	68124999	0
chr16	68125000	68125999	17
chr16	68126000	68126999	0
chr16	68127000	68127999	0
chr16	68128000	68128999	12
chr16	68129000	68129999	32
chr16	68130000	68130999	16
chr16	68131000	68131999	10
chr16	68132000	68132999	0
chr16	68133000	68133999	0
chr16	68134000	68134999	0
chr16	68135000	68135999	19
chr16	68136000	68136999	36
chr16	68137000	68137999	8
chr16	68138000	68138999	19
chr16	68139000	68139999	17
chr16	68140000	68140999	0
chr16	68141000	68141999	10
chr16	68142000	68142999	7
chr16	68143000	68143999	16
chr16	68144000	68144999	21
chr16	68145000	68145999	8
chr16	68146000	68146999	0
chr16	68147000	68147999	0
chr16	68148000	68148999	8
chr16	68149000	68149999	7
chr16	68150000	68150999	0
chr16	68151000	68151999	6
chr16	68152000	68152999	3
chr16	68153000	68153999	0
chr16	68154000	68154999	3
chr16	68155000	68155999	1
chr16	68156000	68156999	5
chr16	68157000	68157999	0
chr16	68158000	68158999	2
chr16	68159000	68159999	0
chr16	68160000	68160999	0
chr16	68161000	68161999	10
chr16	68162000	68162999	0
chr16	68163000	68163999	6
chr16	68164000	68164999	11
chr16	68165000	68165999	10
chr16	68166000	68166999	0
chr16	68167000	68167999	0
chr16	68168000	68168999	6
chr16	68169000	68169999	0
chr16	68170000	68170999	1
chr16	68171000	68171999	12
chr16	68172000	68172999	0
chr16	68173000	68173999	6
chr16	68174000	68174999	22
chr16	68175000	68175999	20
chr16	68176000	68176999	20
chr16	68177000	68177999	2
chr16	68178000	68178999	10
chr16	68179000	68179999	10
chr16	68180000	68180999	3
chr16	68181000	68181999	11
chr16	68182000	68182999	11
chr16	68183000	68183999	7
chr16	68184000	68184999	7
chr16	68185000	68185999	17
chr16	68186000	68186999	0
chr16	68187000	68187999	5
chr16	68188000	68188999	14
chr16	68189000	68189999	1
chr16	68190000	68190999	3
chr16	68191000	68191999	4
chr16	68192000	68192999	6
chr16	68193000	68193999	0
chr16	68194000	68194999	8
chr16	68195000	68195999	10
chr16	68196000	68196999	17
chr16	68197000	68197999	4
chr16	68198000	68198999	3
chr16	68199000	68199999	28
chr16	68200000	68200999	13
chr16	68201000	68201999	7
chr16	68202000	68202999	11
chr16	68203000	68203999	19
chr16	68204000	68204999	0
chr16	68205000	68205999	0
chr16	68206000	68206999	0
chr16	68207000	68207999	0
chr16	68208000	68208999	0
chr16	68209000	68209999	0
chr16	68210000	68210999	0
chr16	68211000	68211999	12
chr16	68212000	68212999	6
chr16	68213000	68213999	3
chr16	68214000	68214999	0
chr16	68215000	68215999	5
chr16	68216000	68216999	2
chr16	68217000	68217999	0
chr16	68218000	68218999	0
chr16	68219000	68219999	17
chr16	68220000	68220999	6
chr16	68221000	68221999	0
chr16	68222000	68222999	19
chr16	68223000	68223999	0
chr16	68224000	68224999	22
chr16	68225000	68225999	0
chr16	68226000	68226999	21
chr16	68227000	68227999	28
chr16	68228000	68228999	19
chr16	68229000	68229999	4
chr16	68230000	68230999	0
chr16	68231000	68231999	0
chr16	68232000	68232999	0
chr16	68233000	68233999	0
chr16	68234000	68234999	1
chr16	68235000	68235999	24
chr16	68236000	68236999	6
chr16	68237000	68237999	16
chr16	68238000	68238999	15
chr16	68239000	68239999	22
chr16	68240000	68240999	1
chr16	68241000	68241999	0
chr16	68242000	68242999	15
chr16	68243000	68243999	1
chr16	68244000	68244999	6
chr16	68245000	68245999	9
chr16	68246000	68246999	5
chr16	68247000	68247999	13
chr16	68248000	68248999	9
chr16	68249000	68249999	6
chr16	68250000	68250999	0
chr16	68251000	68251999	0
chr16	68252000	68252999	0
chr16	68253000	68253999	0
chr16	68254000	68254999	4
chr16	68255000	68255999	12
chr16	68256000	68256999	7
chr16	68257000	68257999	13
chr16	68258000	68258999	18
chr16	68259000	68259999	11
chr16	68260000	68260999	31
chr16	68261000	68261999	1
chr16	68262000	68262999	12
chr16	68263000	68263999	7
chr16	68264000	68264999	0
chr16	68265000	68265999	3
chr16	68266000	68266999	0
chr16	68267000	68267999	1
chr16	68268000	68268999	9
chr16	68269000	68269999	0
chr16	68270000	68270999	21
chr16	68271000	68271999	1
chr16	68272000	68272999	0
chr16	68273000	68273999	8
chr16	68274000	68274999	0
chr16	68275000	68275999	1
chr16	68276000	68276999	5
chr16	68277000	68277999	0
chr16	68278000	68278999	32
chr16	68279000	68279999	0
chr16	68280000	68280999	20
chr16	68281000	68281999	3
chr16	68282000	68282999	10
chr16	68283000	68283999	26
chr16	68284000	68284999	7
chr16	68285000	68285999	20
chr16	68286000	68286999	37
chr16	68287000	68287999	0
chr16	68288000	68288999	0
chr16	68289000	68289999	6
chr16	68290000	68290999	16
chr16	68291000	68291999	12
chr16	68292000	68292999	13
chr16	68293000	68293999	1
chr16	68294000	68294999	12
chr16	68295000	68295999	3
chr16	68296000	68296999	15
chr16	68297000	68297999	0
chr16	68298000	68298999	8
chr16	68299000	68299999	29
chr16	68300000	68300999	7
chr16	68301000	68301999	0
chr16	68302000	68302999	0
chr16	68303000	68303999	1
chr16	68304000	68304999	1
chr16	68305000	68305999	9
chr16	68306000	68306999	7
chr16	68307000	68307999	0
chr16	68308000	68308999	11
chr16	68309000	68309999	8
chr16	68310000	68310999	5
chr16	68311000	68311999	0
chr16	68312000	68312999	4
chr16	68313000	68313999	3
chr16	68314000	68314999	19
chr16	68315000	68315999	17
chr16	68316000	68316999	10
chr16	68317000	68317999	0
chr16	68318000	68318999	0
chr16	68319000	68319999	15
chr16	68320000	68320999	0
chr16	68321000	68321999	0
chr16	68322000	68322999	12
chr16	68323000	68323999	5
chr16	68324000	68324999	12
chr16	68325000	68325999	0
chr16	68326000	68326999	14
chr16	68327000	68327999	2
chr16	68328000	68328999	5
chr16	68329000	68329999	11
chr16	68330000	68330999	17
chr16	68331000	68331999	0
chr16	68332000	68332999	8
chr16	68333000	68333999	0
chr16	68334000	68334999	17
chr16	68335000	68335999	14
chr16	68336000	68336999	0
chr16	68337000	68337999	9
chr16	68338000	68338999	25
chr16	68339000	68339999	0
chr16	68340000	68340999	25
chr16	68341000	68341999	10
chr16	68342000	68342999	9
chr16	68343000	68343999	0
chr16	68344000	68344999	0
chr16	68345000	68345999	7
chr16	68346000	68346999	11
chr16	68347000	68347999	3
chr16	68348000	68348999	2
chr16	68349000	68349999	12
chr16	68350000	68350999	14
chr16	68351000	68351999	4
chr16	68352000	68352999	5
chr16	68353000	68353999	4
chr16	68354000	68354999	17
chr16	68355000	68355999	0
chr16	68356000	68356999	0
chr16	68357000	68357999	0
chr16	68358000	68358999	0
chr16	68359000	68359999	13
chr16	68360000	68360999	9
chr16	68361000	68361999	4
chr16	68362000	68362999	11
chr16	68363000	68363999	0
chr16	68364000	68364999	2
chr16	68365000	68365999	3
chr16	68366000	68366999	8
chr16	68367000	68367999	17
chr16	68368000	68368999	22
chr16	68369000	68369999	25
chr16	68370000	68370999	9
chr16	68371000	68371999	13
chr16	68372000	68372999	9
chr16	68373000	68373999	0
chr16	68374000	68374999	10
chr16	68375000	68375999	2
chr16	68376000	68376999	0
chr16	68377000	68377999	8
chr16	68378000	68378999	9
chr16	68379000	68379999	5
chr16	68380000	68380999	7
chr16	68381000	68381999	2
chr16	68382000	68382999	12
chr16	68383000	68383999	11
chr16	68384000	68384999	3
chr16	68385000	68385999	12
chr16	68386000	68386999	11
chr16	68387000	68387999	1
chr16	68388000	68388999	0
chr16	68389000	68389999	5
chr16	68390000	68390999	1
chr16	68391000	68391999	5
chr16	68392000	68392999	14
chr16	68393000	68393999	15
chr16	68394000	68394999	12
chr16	68395000	68395999	0
chr16	68396000	68396999	0
chr16	68397000	68397999	21
chr16	68398000	68398999	28
chr16	68399000	68399999	0
chr16	68400000	68400999	11
chr16	68401000	68401999	0
chr16	68402000	68402999	0
chr16	68403000	68403999	3
chr16	68404000	68404999	0
chr16	68405000	68405999	0
chr16	68406000	68406999	19
chr16	68407000	68407999	5
chr16	68408000	68408999	6
chr16	68409000	68409999	8
chr16	68410000	68410999	0
chr16	68411000	68411999	7
chr16	68412000	68412999	0
chr16	68413000	68413999	0
chr16	68414000	68414999	1
chr16	68415000	68415999	0
chr16	68416000	68416999	5
chr16	68417000	68417999	8
chr16	68418000	68418999	6
chr16	68419000	68419999	2
chr16	68420000	68420999	5
chr16	68421000	68421999	13
chr16	68422000	68422999	11
chr16	68423000	68423999	2
chr16	68424000	68424999	11
chr16	68425000	68425999	13
chr16	68426000	68426999	9
chr16	68427000	68427999	20
chr16	68428000	68428999	7
chr16	68429000	68429999	9
chr16	68430000	68430999	13
chr16	68431000	68431999	0
chr16	68432000	68432999	11
chr16	68433000	68433999	6
chr16	68434000	68434999	13
chr16	68435000	68435999	8
chr16	68436000	68436999	22
chr16	68437000	68437999	36
chr16	68438000	68438999	6
chr16	68439000	68439999	0
chr16	68440000	68440999	2
chr16	68441000	68441999	4
chr16	68442000	68442999	6
chr16	68443000	68443999	6
chr16	68444000	68444999	10
chr16	68445000	68445999	0
chr16	68446000	68446999	0
chr16	68447000	68447999	0
chr16	68448000	68448999	10
chr16	68449000	68449999	22
chr16	68450000	68450999	4
chr16	68451000	68451999	18
chr16	68452000	68452999	4
chr16	68453000	68453999	0
chr16	68454000	68454999	3
chr16	68455000	68455999	21
chr16	68456000	68456999	0
chr16	68457000	68457999	4
chr16	68458000	68458999	6
chr16	68459000	68459999	6
chr16	68460000	68460999	0
chr16	68461000	68461999	11
chr16	68462000	68462999	17
chr16	68463000	68463999	24
chr16	68464000	68464999	2
chr16	68465000	68465999	4
chr16	68466000	68466999	10
chr16	68467000	68467999	0
chr16	68468000	68468999	0
chr16	68469000	68469999	3
chr16	68470000	68470999	0
chr16	68471000	68471999	0
chr16	68472000	68472999	14
chr16	68473000	68473999	3
chr16	68474000	68474999	0
chr16	68475000	68475999	0
chr16	68476000	68476999	24
chr16	68477000	68477999	10
chr16	68478000	68478999	0
chr16	68479000	68479999	0
chr16	68480000	68480999	2
chr16	68481000	68481999	8
chr16	68482000	68482999	4
chr16	68483000	68483999	8
chr16	68484000	68484999	15
chr16	68485000	68485999	18
chr16	68486000	68486999	25
chr16	68487000	68487999	6
chr16	68488000	68488999	0
chr16	68489000	68489999	23
chr16	68490000	68490999	7
chr16	68491000	68491999	0
chr16	68492000	68492999	20
chr16	68493000	68493999	0
chr16	68494000	68494999	3
chr16	68495000	68495999	7
chr16	68496000	68496999	0
chr16	68497000	68497999	3
chr16	68498000	68498999	6
chr16	68499000	68499999	0
chr16	68500000	68500999	10
chr16	68501000	68501999	0
chr16	68502000	68502999	7
chr16	68503000	68503999	9
chr16	68504000	68504999	17
chr16	68505000	68505999	7
chr16	68506000	68506999	0
chr16	68507000	68507999	0
chr16	68508000	68508999	15
chr16	68509000	68509999	21
chr16	68510000	68510999	0
chr16	68511000	68511999	0
chr16	68512000	68512999	2
chr16	68513000	68513999	0
chr16	68514000	68514999	3
chr16	68515000	68515999	0
chr16	68516000	68516999	3
chr16	68517000	68517999	7
chr16	68518000	68518999	12
chr16	68519000	68519999	10
chr16	68520000	68520999	0
chr16	68521000	68521999	0
chr16	68522000	68522999	0
chr16	68523000	68523999	18
chr16	68524000	68524999	4
chr16	68525000	68525999	2
chr16	68526000	68526999	5
chr16	68527000	68527999	0
chr16	68528000	68528999	0
chr16	68529000	68529999	15
chr16	68530000	68530999	0
chr16	68531000	68531999	0
chr16	68532000	68532999	8
chr16	68533000	68533999	0
chr16	68534000	68534999	0
chr16	68535000	68535999	9
chr16	68536000	68536999	15
chr16	68537000	68537999	25
chr16	68538000	68538999	0
chr16	68539000	68539999	0
chr16	68540000	68540999	9
chr16	68541000	68541999	3
chr16	68542000	68542999	0
chr16	68543000	68543999	0
chr16	68544000	68544999	0
chr16	68545000	68545999	0
chr16	68546000	68546999	4
chr16	68547000	68547999	14
chr16	68548000	68548999	20
chr16	68549000	68549999	0
chr16	68550000	68550999	8
chr16	68551000	68551999	8
chr16	68552000	68552999	0
chr16	68553000	68553999	19
chr16	68554000	68554999	23
chr16	68555000	68555999	7
chr16	68556000	68556999	15
chr16	68557000	68557999	3
chr16	68558000	68558999	15
chr16	68559000	68559999	0
chr16	68560000	68560999	0
chr16	68561000	68561999	4
chr16	68562000	68562999	1
chr16	68563000	68563999	7
chr16	68564000	68564999	0
chr16	68565000	68565999	4
chr16	68566000	68566999	16
chr16	68567000	68567999	2
chr16	68568000	68568999	1
chr16	68569000	68569999	0
chr16	68570000	68570999	18
chr16	68571000	68571999	4
chr16	68572000	68572999	15
chr16	68573000	68573999	17
chr16	68574000	68574999	8
chr16	68575000	68575999	11
chr16	68576000	68576999	0
chr16	68577000	68577999	4
chr16	68578000	68578999	11
chr16	68579000	68579999	5
chr16	68580000	68580999	18
chr16	68581000	68581999	0
chr16	68582000	68582999	8
chr16	68583000	68583999	3
chr16	68584000	68584999	5
chr16	68585000	68585999	10
chr16	68586000	68586999	18
chr16	68587000	68587999	11
chr16	68588000	68588999	5
chr16	68589000	68589999	18
chr16	68590000	68590999	3
chr16	68591000	68591999	7
chr16	68592000	68592999	8
chr16	68593000	68593999	3
chr16	68594000	68594999	10
chr16	68595000	68595999	0
chr16	68596000	68596999	0
chr16	68597000	68597999	1
chr16	68598000	68598999	0
chr16	68599000	68599999	20
chr16	68600000	68600999	2
chr16	68601000	68601999	16
chr16	68602000	68602999	0
chr16	68603000	68603999	23
chr16	68604000	68604999	9
chr16	68605000	68605999	13
chr16	68606000	68606999	16
chr16	68607000	68607999	7
chr16	68608000	68608999	2
chr16	68609000	68609999	6
chr16	68610000	68610999	1
chr16	68611000	68611999	2
chr16	68612000	68612999	17
chr16	68613000	68613999	7
chr16	68614000	68614999	1
chr16	68615000	68615999	0
chr16	68616000	68616999	0
chr16	68617000	68617999	26
chr16	68618000	68618999	0
chr16	68619000	68619999	14
chr16	68620000	68620999	10
chr16	68621000	68621999	16
chr16	68622000	68622999	0
chr16	68623000	68623999	0
chr16	68624000	68624999	0
chr16	68625000	68625999	0
chr16	68626000	68626999	3
chr16	68627000	68627999	8
chr16	68628000	68628999	2
chr16	68629000	68629999	0
chr16	68630000	68630999	1
chr16	68631000	68631999	6
chr16	68632000	68632999	49
chr16	68633000	68633999	6
chr16	68634000	68634999	0
chr16	68635000	68635999	14
chr16	68636000	68636999	8
chr16	68637000	68637999	11
chr16	68638000	68638999	7
chr16	68639000	68639999	7
chr16	68640000	68640999	0
chr16	68641000	68641999	0
chr16	68642000	68642999	0
chr16	68643000	68643999	3
chr16	68644000	68644999	6
chr16	68645000	68645999	14
chr16	68646000	68646999	0
chr16	68647000	68647999	10
chr16	68648000	68648999	5
chr16	68649000	68649999	20
chr16	68650000	68650999	11
chr16	68651000	68651999	8
chr16	68652000	68652999	11
chr16	68653000	68653999	0
chr16	68654000	68654999	10
chr16	68655000	68655999	0
chr16	68656000	68656999	5
chr16	68657000	68657999	6
chr16	68658000	68658999	5
chr16	68659000	68659999	0
chr16	68660000	68660999	0
chr16	68661000	68661999	3
chr16	68662000	68662999	13
chr16	68663000	68663999	17
chr16	68664000	68664999	7
chr16	68665000	68665999	7
chr16	68666000	68666999	0
chr16	68667000	68667999	18
chr16	68668000	68668999	15
chr16	68669000	68669999	1
chr16	68670000	68670999	10
chr16	68671000	68671999	0
chr16	68672000	68672999	0
chr16	68673000	68673999	0
chr16	68674000	68674999	0
chr16	68675000	68675999	9
chr16	68676000	68676999	12
chr16	68677000	68677999	1
chr16	68678000	68678999	1
chr16	68679000	68679999	8
chr16	68680000	68680999	3
chr16	68681000	68681999	8
chr16	68682000	68682999	1
chr16	68683000	68683999	7
chr16	68684000	68684999	0
chr16	68685000	68685999	1
chr16	68686000	68686999	24
chr16	68687000	68687999	0
chr16	68688000	68688999	1
chr16	68689000	68689999	10
chr16	68690000	68690999	0
chr16	68691000	68691999	5
chr16	68692000	68692999	0
chr16	68693000	68693999	2
chr16	68694000	68694999	0
chr16	68695000	68695999	0
chr16	68696000	68696999	2
chr16	68697000	68697999	4
chr16	68698000	68698999	4
chr16	68699000	68699999	0
chr16	68700000	68700999	9
chr16	68701000	68701999	32
chr16	68702000	68702999	14
chr16	68703000	68703999	15
chr16	68704000	68704999	12
chr16	68705000	68705999	5
chr16	68706000	68706999	11
chr16	68707000	68707999	10
chr16	68708000	68708999	0
chr16	68709000	68709999	7
chr16	68710000	68710999	2
chr16	68711000	68711999	0
chr16	68712000	68712999	7
chr16	68713000	68713999	0
chr16	68714000	68714999	17
chr16	68715000	68715999	7
chr16	68716000	68716999	4
chr16	68717000	68717999	15
chr16	68718000	68718999	5
chr16	68719000	68719999	0
chr16	68720000	68720999	0
chr16	68721000	68721999	0
chr16	68722000	68722999	0
chr16	68723000	68723999	0
chr16	68724000	68724999	2
chr16	68725000	68725999	1
chr16	68726000	68726999	0
chr16	68727000	68727999	5
chr16	68728000	68728999	12
chr16	68729000	68729999	21
chr16	68730000	68730999	14
chr16	68731000	68731999	8
chr16	68732000	68732999	14
chr16	68733000	68733999	8
chr16	68734000	68734999	11
chr16	68735000	68735999	18
chr16	68736000	68736999	5
chr16	68737000	68737999	2
chr16	68738000	68738999	0
chr16	68739000	68739999	0
chr16	68740000	68740999	0
chr16	68741000	68741999	0
chr16	68742000	68742999	0
chr16	68743000	68743999	0
chr16	68744000	68744999	0
chr16	68745000	68745999	6
chr16	68746000	68746999	6
chr16	68747000	68747999	4
chr16	68748000	68748999	19
chr16	68749000	68749999	22
chr16	68750000	68750999	7
chr16	68751000	68751999	8
chr16	68752000	68752999	0
chr16	68753000	68753999	23
chr16	68754000	68754999	0
chr16	68755000	68755999	28
chr16	68756000	68756999	10
chr16	68757000	68757999	13
chr16	68758000	68758999	0
chr16	68759000	68759999	11
chr16	68760000	68760999	11
chr16	68761000	68761999	5
chr16	68762000	68762999	1
chr16	68763000	68763999	11
chr16	68764000	68764999	0
chr16	68765000	68765999	20
chr16	68766000	68766999	7
chr16	68767000	68767999	0
chr16	68768000	68768999	8
chr16	68769000	68769999	11
chr16	68770000	68770999	7
chr16	68771000	68771999	12
chr16	68772000	68772999	7
chr16	68773000	68773999	3
chr16	68774000	68774999	21
chr16	68775000	68775999	15
chr16	68776000	68776999	13
chr16	68777000	68777999	9
chr16	68778000	68778999	11
chr16	68779000	68779999	7
chr16	68780000	68780999	0
chr16	68781000	68781999	4
chr16	68782000	68782999	4
chr16	68783000	68783999	2
chr16	68784000	68784999	0
chr16	68785000	68785999	13
chr16	68786000	68786999	15
chr16	68787000	68787999	5
chr16	68788000	68788999	0
chr16	68789000	68789999	0
chr16	68790000	68790999	0
chr16	68791000	68791999	34
chr16	68792000	68792999	2
chr16	68793000	68793999	19
chr16	68794000	68794999	8
chr16	68795000	68795999	6
chr16	68796000	68796999	8
chr16	68797000	68797999	4
chr16	68798000	68798999	10
chr16	68799000	68799999	0
chr16	68800000	68800999	0
chr16	68801000	68801999	6
chr16	68802000	68802999	3
chr16	68803000	68803999	2
chr16	68804000	68804999	13
chr16	68805000	68805999	4
chr16	68806000	68806999	12
chr16	68807000	68807999	14
chr16	68808000	68808999	7
chr16	68809000	68809999	0
chr16	68810000	68810999	0
chr16	68811000	68811999	14
chr16	68812000	68812999	18
chr16	68813000	68813999	12
chr16	68814000	68814999	0
chr16	68815000	68815999	19
chr16	68816000	68816999	14
chr16	68817000	68817999	0
chr16	68818000	68818999	10
chr16	68819000	68819999	0
chr16	68820000	68820999	0
chr16	68821000	68821999	25
chr16	68822000	68822999	21
chr16	68823000	68823999	33
chr16	68824000	68824999	1
chr16	68825000	68825999	11
chr16	68826000	68826999	15
chr16	68827000	68827999	24
chr16	68828000	68828999	0
chr16	68829000	68829999	9
chr16	68830000	68830999	7
chr16	68831000	68831999	10
chr16	68832000	68832999	26
chr16	68833000	68833999	2
chr16	68834000	68834999	13
chr16	68835000	68835999	0
chr16	68836000	68836999	3
chr16	68837000	68837999	7
chr16	68838000	68838999	5
chr16	68839000	68839999	1
chr16	68840000	68840999	18
chr16	68841000	68841999	16
chr16	68842000	68842999	8
chr16	68843000	68843999	0
chr16	68844000	68844999	1
chr16	68845000	68845999	5
chr16	68846000	68846999	2
chr16	68847000	68847999	4
chr16	68848000	68848999	27
chr16	68849000	68849999	3
chr16	68850000	68850999	24
chr16	68851000	68851999	6
chr16	68852000	68852999	17
chr16	68853000	68853999	17
chr16	68854000	68854999	7
chr16	68855000	68855999	4
chr16	68856000	68856999	0
chr16	68857000	68857999	3
chr16	68858000	68858999	2
chr16	68859000	68859999	3
chr16	68860000	68860999	9
chr16	68861000	68861999	12
chr16	68862000	68862999	15
chr16	68863000	68863999	28
chr16	68864000	68864999	10
chr16	68865000	68865999	6
chr16	68866000	68866999	0
chr16	68867000	68867999	24
chr16	68868000	68868999	19
chr16	68869000	68869999	9
chr16	68870000	68870999	9
chr16	68871000	68871999	0
chr16	68872000	68872999	20
chr16	68873000	68873999	6
chr16	68874000	68874999	9
chr16	68875000	68875999	0
chr16	68876000	68876999	16
chr16	68877000	68877999	0
chr16	68878000	68878999	0
chr16	68879000	68879999	0
chr16	68880000	68880999	22
chr16	68881000	68881999	51
chr16	68882000	68882999	8
chr16	68883000	68883999	23
chr16	68884000	68884999	15
chr16	68885000	68885999	0
chr16	68886000	68886999	39
chr16	68887000	68887999	14
chr16	68888000	68888999	3
chr16	68889000	68889999	8
chr16	68890000	68890999	16
chr16	68891000	68891999	0
chr16	68892000	68892999	21
chr16	68893000	68893999	0
chr16	68894000	68894999	0
chr16	68895000	68895999	13
chr16	68896000	68896999	19
chr16	68897000	68897999	0
chr16	68898000	68898999	0
chr16	68899000	68899999	3
chr16	68900000	68900999	0
chr16	68901000	68901999	19
chr16	68902000	68902999	4
chr16	68903000	68903999	17
chr16	68904000	68904999	23
chr16	68905000	68905999	26
chr16	68906000	68906999	0
chr16	68907000	68907999	3
chr16	68908000	68908999	0
chr16	68909000	68909999	0
chr16	68910000	68910999	0
chr16	68911000	68911999	10
chr16	68912000	68912999	8
chr16	68913000	68913999	12
chr16	68914000	68914999	22
chr16	68915000	68915999	8
chr16	68916000	68916999	1
chr16	68917000	68917999	0
chr16	68918000	68918999	8
chr16	68919000	68919999	0
chr16	68920000	68920999	0
chr16	68921000	68921999	0
chr16	68922000	68922999	12
chr16	68923000	68923999	6
chr16	68924000	68924999	28
chr16	68925000	68925999	16
chr16	68926000	68926999	0
chr16	68927000	68927999	5
chr16	68928000	68928999	17
chr16	68929000	68929999	22
chr16	68930000	68930999	15
chr16	68931000	68931999	8
chr16	68932000	68932999	0
chr16	68933000	68933999	0
chr16	68934000	68934999	0
chr16	68935000	68935999	0
chr16	68936000	68936999	0
chr16	68937000	68937999	19
chr16	68938000	68938999	14
chr16	68939000	68939999	0
chr16	68940000	68940999	14
chr16	68941000	68941999	0
chr16	68942000	68942999	26
chr16	68943000	68943999	10
chr16	68944000	68944999	6
chr16	68945000	68945999	1
chr16	68946000	68946999	6
chr16	68947000	68947999	17
chr16	68948000	68948999	2
chr16	68949000	68949999	15
chr16	68950000	68950999	13
chr16	68951000	68951999	5
chr16	68952000	68952999	16
chr16	68953000	68953999	33
chr16	68954000	68954999	0
chr16	68955000	68955999	2
chr16	68956000	68956999	0
chr16	68957000	68957999	12
chr16	68958000	68958999	6
chr16	68959000	68959999	25
chr16	68960000	68960999	0
chr16	68961000	68961999	33
chr16	68962000	68962999	4
chr16	68963000	68963999	1
chr16	68964000	68964999	0
chr16	68965000	68965999	8
chr16	68966000	68966999	8
chr16	68967000	68967999	0
chr16	68968000	68968999	0
chr16	68969000	68969999	0
chr16	68970000	68970999	0
chr16	68971000	68971999	12
chr16	68972000	68972999	5
chr16	68973000	68973999	7
chr16	68974000	68974999	0
chr16	68975000	68975999	23
chr16	68976000	68976999	0
chr16	68977000	68977999	5
chr16	68978000	68978999	58
chr16	68979000	68979999	0
chr16	68980000	68980999	1
chr16	68981000	68981999	37
chr16	68982000	68982999	6
chr16	68983000	68983999	0
chr16	68984000	68984999	19
chr16	68985000	68985999	0
chr16	68986000	68986999	0
chr16	68987000	68987999	6
chr16	68988000	68988999	7
chr16	68989000	68989999	11
chr16	68990000	68990999	24
chr16	68991000	68991999	12
chr16	68992000	68992999	11
chr16	68993000	68993999	19
chr16	68994000	68994999	19
chr16	68995000	68995999	7
chr16	68996000	68996999	5
chr16	68997000	68997999	5
chr16	68998000	68998999	0
chr16	68999000	68999999	36
chr16	69000000	69000999	0
chr16	69001000	69001999	0
chr16	69002000	69002999	0
chr16	69003000	69003999	6
chr16	69004000	69004999	8
chr16	69005000	69005999	9
chr16	69006000	69006999	18
chr16	69007000	69007999	2
chr16	69008000	69008999	4
chr16	69009000	69009999	37
chr16	69010000	69010999	0
chr16	69011000	69011999	7
chr16	69012000	69012999	10
chr16	69013000	69013999	9
chr16	69014000	69014999	6
chr16	69015000	69015999	9
chr16	69016000	69016999	2
chr16	69017000	69017999	0
chr16	69018000	69018999	0
chr16	69019000	69019999	0
chr16	69020000	69020999	22
chr16	69021000	69021999	4
chr16	69022000	69022999	4
chr16	69023000	69023999	6
chr16	69024000	69024999	12
chr16	69025000	69025999	8
chr16	69026000	69026999	15
chr16	69027000	69027999	8
chr16	69028000	69028999	0
chr16	69029000	69029999	0
chr16	69030000	69030999	10
chr16	69031000	69031999	8
chr16	69032000	69032999	27
chr16	69033000	69033999	0
chr16	69034000	69034999	36
chr16	69035000	69035999	4
chr16	69036000	69036999	11
chr16	69037000	69037999	10
chr16	69038000	69038999	0
chr16	69039000	69039999	5
chr16	69040000	69040999	3
chr16	69041000	69041999	10
chr16	69042000	69042999	5
chr16	69043000	69043999	4
chr16	69044000	69044999	21
chr16	69045000	69045999	5
chr16	69046000	69046999	0
chr16	69047000	69047999	11
chr16	69048000	69048999	3
chr16	69049000	69049999	16
chr16	69050000	69050999	11
chr16	69051000	69051999	15
chr16	69052000	69052999	0
chr16	69053000	69053999	0
chr16	69054000	69054999	8
chr16	69055000	69055999	0
chr16	69056000	69056999	22
chr16	69057000	69057999	1
chr16	69058000	69058999	0
chr16	69059000	69059999	21
chr16	69060000	69060999	12
chr16	69061000	69061999	0
chr16	69062000	69062999	12
chr16	69063000	69063999	0
chr16	69064000	69064999	4
chr16	69065000	69065999	10
chr16	69066000	69066999	0
chr16	69067000	69067999	10
chr16	69068000	69068999	12
chr16	69069000	69069999	13
chr16	69070000	69070999	11
chr16	69071000	69071999	21
chr16	69072000	69072999	4
chr16	69073000	69073999	0
chr16	69074000	69074999	0
chr16	69075000	69075999	3
chr16	69076000	69076999	0
chr16	69077000	69077999	2
chr16	69078000	69078999	0
chr16	69079000	69079999	25
chr16	69080000	69080999	16
chr16	69081000	69081999	7
chr16	69082000	69082999	16
chr16	69083000	69083999	10
chr16	69084000	69084999	0
chr16	69085000	69085999	20
chr16	69086000	69086999	0
chr16	69087000	69087999	0
chr16	69088000	69088999	7
chr16	69089000	69089999	5
chr16	69090000	69090999	0
chr16	69091000	69091999	8
chr16	69092000	69092999	13
chr16	69093000	69093999	3
chr16	69094000	69094999	0
chr16	69095000	69095999	1
chr16	69096000	69096999	9
chr16	69097000	69097999	0
chr16	69098000	69098999	4
chr16	69099000	69099999	12
chr16	69100000	69100999	14
chr16	69101000	69101999	6
chr16	69102000	69102999	2
chr16	69103000	69103999	27
chr16	69104000	69104999	1
chr16	69105000	69105999	20
chr16	69106000	69106999	8
chr16	69107000	69107999	5
chr16	69108000	69108999	1
chr16	69109000	69109999	2
chr16	69110000	69110999	1
chr16	69111000	69111999	0
chr16	69112000	69112999	2
chr16	69113000	69113999	10
chr16	69114000	69114999	26
chr16	69115000	69115999	0
chr16	69116000	69116999	12
chr16	69117000	69117999	0
chr16	69118000	69118999	0
chr16	69119000	69119999	6
chr16	69120000	69120999	6
chr16	69121000	69121999	3
chr16	69122000	69122999	0
chr16	69123000	69123999	12
chr16	69124000	69124999	9
chr16	69125000	69125999	4
chr16	69126000	69126999	4
chr16	69127000	69127999	0
chr16	69128000	69128999	9
chr16	69129000	69129999	0
chr16	69130000	69130999	0
chr16	69131000	69131999	1
chr16	69132000	69132999	6
chr16	69133000	69133999	12
chr16	69134000	69134999	10
chr16	69135000	69135999	9
chr16	69136000	69136999	21
chr16	69137000	69137999	0
chr16	69138000	69138999	4
chr16	69139000	69139999	55
chr16	69140000	69140999	9
chr16	69141000	69141999	11
chr16	69142000	69142999	8
chr16	69143000	69143999	6
chr16	69144000	69144999	3
chr16	69145000	69145999	20
chr16	69146000	69146999	2
chr16	69147000	69147999	14
chr16	69148000	69148999	0
chr16	69149000	69149999	0
chr16	69150000	69150999	0
chr16	69151000	69151999	0
chr16	69152000	69152999	0
chr16	69153000	69153999	0
chr16	69154000	69154999	0
chr16	69155000	69155999	1
chr16	69156000	69156999	6
chr16	69157000	69157999	0
chr16	69158000	69158999	0
chr16	69159000	69159999	25
chr16	69160000	69160999	19
chr16	69161000	69161999	0
chr16	69162000	69162999	0
chr16	69163000	69163999	0
chr16	69164000	69164999	0
chr16	69165000	69165999	6
chr16	69166000	69166999	8
chr16	69167000	69167999	7
chr16	69168000	69168999	9
chr16	69169000	69169999	5
chr16	69170000	69170999	9
chr16	69171000	69171999	11
chr16	69172000	69172999	5
chr16	69173000	69173999	8
chr16	69174000	69174999	0
chr16	69175000	69175999	14
chr16	69176000	69176999	0
chr16	69177000	69177999	32
chr16	69178000	69178999	18
chr16	69179000	69179999	0
chr16	69180000	69180999	13
chr16	69181000	69181999	5
chr16	69182000	69182999	5
chr16	69183000	69183999	12
chr16	69184000	69184999	0
chr16	69185000	69185999	3
chr16	69186000	69186999	12
chr16	69187000	69187999	28
chr16	69188000	69188999	8
chr16	69189000	69189999	1
chr16	69190000	69190999	39
chr16	69191000	69191999	19
chr16	69192000	69192999	4
chr16	69193000	69193999	7
chr16	69194000	69194999	28
chr16	69195000	69195999	18
chr16	69196000	69196999	4
chr16	69197000	69197999	4
chr16	69198000	69198999	6
chr16	69199000	69199999	2
chr16	69200000	69200999	10
chr16	69201000	69201999	6
chr16	69202000	69202999	11
chr16	69203000	69203999	0
chr16	69204000	69204999	2
chr16	69205000	69205999	4
chr16	69206000	69206999	18
chr16	69207000	69207999	11
chr16	69208000	69208999	3
chr16	69209000	69209999	0
chr16	69210000	69210999	0
chr16	69211000	69211999	0
chr16	69212000	69212999	0
chr16	69213000	69213999	0
chr16	69214000	69214999	0
chr16	69215000	69215999	0
chr16	69216000	69216999	0
chr16	69217000	69217999	5
chr16	69218000	69218999	0
chr16	69219000	69219999	0
chr16	69220000	69220999	0
chr16	69221000	69221999	2
chr16	69222000	69222999	2
chr16	69223000	69223999	19
chr16	69224000	69224999	18
chr16	69225000	69225999	4
chr16	69226000	69226999	0
chr16	69227000	69227999	4
chr16	69228000	69228999	7
chr16	69229000	69229999	0
chr16	69230000	69230999	22
chr16	69231000	69231999	5
chr16	69232000	69232999	0
chr16	69233000	69233999	0
chr16	69234000	69234999	31
chr16	69235000	69235999	7
chr16	69236000	69236999	0
chr16	69237000	69237999	7
chr16	69238000	69238999	8
chr16	69239000	69239999	0
chr16	69240000	69240999	12
chr16	69241000	69241999	7
chr16	69242000	69242999	16
chr16	69243000	69243999	0
chr16	69244000	69244999	5
chr16	69245000	69245999	0
chr16	69246000	69246999	0
chr16	69247000	69247999	0
chr16	69248000	69248999	10
chr16	69249000	69249999	30
chr16	69250000	69250999	28
chr16	69251000	69251999	0
chr16	69252000	69252999	6
chr16	69253000	69253999	6
chr16	69254000	69254999	11
chr16	69255000	69255999	18
chr16	69256000	69256999	0
chr16	69257000	69257999	0
chr16	69258000	69258999	0
chr16	69259000	69259999	0
chr16	69260000	69260999	6
chr16	69261000	69261999	0
chr16	69262000	69262999	8
chr16	69263000	69263999	3
chr16	69264000	69264999	31
chr16	69265000	69265999	2
chr16	69266000	69266999	11
chr16	69267000	69267999	18
chr16	69268000	69268999	11
chr16	69269000	69269999	51
chr16	69270000	69270999	0
chr16	69271000	69271999	0
chr16	69272000	69272999	7
chr16	69273000	69273999	14
chr16	69274000	69274999	8
chr16	69275000	69275999	12
chr16	69276000	69276999	6
chr16	69277000	69277999	9
chr16	69278000	69278999	0
chr16	69279000	69279999	9
chr16	69280000	69280999	25
chr16	69281000	69281999	0
chr16	69282000	69282999	17
chr16	69283000	69283999	4
chr16	69284000	69284999	0
chr16	69285000	69285999	8
chr16	69286000	69286999	4
chr16	69287000	69287999	5
chr16	69288000	69288999	1
chr16	69289000	69289999	15
chr16	69290000	69290999	19
chr16	69291000	69291999	0
chr16	69292000	69292999	10
chr16	69293000	69293999	0
chr16	69294000	69294999	0
chr16	69295000	69295999	5
chr16	69296000	69296999	9
chr16	69297000	69297999	4
chr16	69298000	69298999	13
chr16	69299000	69299999	3
chr16	69300000	69300999	18
chr16	69301000	69301999	16
chr16	69302000	69302999	6
chr16	69303000	69303999	0
chr16	69304000	69304999	0
chr16	69305000	69305999	5
chr16	69306000	69306999	16
chr16	69307000	69307999	6
chr16	69308000	69308999	7
chr16	69309000	69309999	0
chr16	69310000	69310999	13
chr16	69311000	69311999	15
chr16	69312000	69312999	0
chr16	69313000	69313999	12
chr16	69314000	69314999	1
chr16	69315000	69315999	6
chr16	69316000	69316999	16
chr16	69317000	69317999	0
chr16	69318000	69318999	4
chr16	69319000	69319999	19
chr16	69320000	69320999	6
chr16	69321000	69321999	2
chr16	69322000	69322999	6
chr16	69323000	69323999	0
chr16	69324000	69324999	14
chr16	69325000	69325999	0
chr16	69326000	69326999	0
chr16	69327000	69327999	0
chr16	69328000	69328999	0
chr16	69329000	69329999	3
chr16	69330000	69330999	0
chr16	69331000	69331999	8
chr16	69332000	69332999	0
chr16	69333000	69333999	9
chr16	69334000	69334999	0
chr16	69335000	69335999	14
chr16	69336000	69336999	2
chr16	69337000	69337999	25
chr16	69338000	69338999	4
chr16	69339000	69339999	1
chr16	69340000	69340999	6
chr16	69341000	69341999	6
chr16	69342000	69342999	2
chr16	69343000	69343999	0
chr16	69344000	69344999	0
chr16	69345000	69345999	0
chr16	69346000	69346999	8
chr16	69347000	69347999	29
chr16	69348000	69348999	0
chr16	69349000	69349999	0
chr16	69350000	69350999	0
chr16	69351000	69351999	5
chr16	69352000	69352999	3
chr16	69353000	69353999	0
chr16	69354000	69354999	0
chr16	69355000	69355999	0
chr16	69356000	69356999	10
chr16	69357000	69357999	0
chr16	69358000	69358999	9
chr16	69359000	69359999	2
chr16	69360000	69360999	0
chr16	69361000	69361999	0
chr16	69362000	69362999	8
chr16	69363000	69363999	0
chr16	69364000	69364999	0
chr16	69365000	69365999	0
chr16	69366000	69366999	9
chr16	69367000	69367999	13
chr16	69368000	69368999	17
chr16	69369000	69369999	12
chr16	69370000	69370999	0
chr16	69371000	69371999	0
chr16	69372000	69372999	6
chr16	69373000	69373999	0
chr16	69374000	69374999	0
chr16	69375000	69375999	13
chr16	69376000	69376999	0
chr16	69377000	69377999	3
chr16	69378000	69378999	2
chr16	69379000	69379999	8
chr16	69380000	69380999	16
chr16	69381000	69381999	0
chr16	69382000	69382999	0
chr16	69383000	69383999	14
chr16	69384000	69384999	0
chr16	69385000	69385999	16
chr16	69386000	69386999	0
chr16	69387000	69387999	2
chr16	69388000	69388999	0
chr16	69389000	69389999	35
chr16	69390000	69390999	4
chr16	69391000	69391999	12
chr16	69392000	69392999	0
chr16	69393000	69393999	0
chr16	69394000	69394999	0
chr16	69395000	69395999	0
chr16	69396000	69396999	0
chr16	69397000	69397999	7
chr16	69398000	69398999	1
chr16	69399000	69399999	8
chr16	69400000	69400999	11
chr16	69401000	69401999	0
chr16	69402000	69402999	0
chr16	69403000	69403999	18
chr16	69404000	69404999	10
chr16	69405000	69405999	8
chr16	69406000	69406999	44
chr16	69407000	69407999	0
chr16	69408000	69408999	9
chr16	69409000	69409999	0
chr16	69410000	69410999	0
chr16	69411000	69411999	0
chr16	69412000	69412999	0
chr16	69413000	69413999	0
chr16	69414000	69414999	0
chr16	69415000	69415999	4
chr16	69416000	69416999	0
chr16	69417000	69417999	0
chr16	69418000	69418999	6
chr16	69419000	69419999	0
chr16	69420000	69420999	6
chr16	69421000	69421999	0
chr16	69422000	69422999	3
chr16	69423000	69423999	21
chr16	69424000	69424999	20
chr16	69425000	69425999	29
chr16	69426000	69426999	0
chr16	69427000	69427999	2
chr16	69428000	69428999	0
chr16	69429000	69429999	0
chr16	69430000	69430999	10
chr16	69431000	69431999	0
chr16	69432000	69432999	17
chr16	69433000	69433999	7
chr16	69434000	69434999	11
chr16	69435000	69435999	0
chr16	69436000	69436999	13
chr16	69437000	69437999	16
chr16	69438000	69438999	21
chr16	69439000	69439999	23
chr16	69440000	69440999	0
chr16	69441000	69441999	8
chr16	69442000	69442999	9
chr16	69443000	69443999	6
chr16	69444000	69444999	8
chr16	69445000	69445999	0
chr16	69446000	69446999	4
chr16	69447000	69447999	4
chr16	69448000	69448999	22
chr16	69449000	69449999	0
chr16	69450000	69450999	0
chr16	69451000	69451999	9
chr16	69452000	69452999	8
chr16	69453000	69453999	1
chr16	69454000	69454999	5
chr16	69455000	69455999	0
chr16	69456000	69456999	26
chr16	69457000	69457999	15
chr16	69458000	69458999	10
chr16	69459000	69459999	10
chr16	69460000	69460999	16
chr16	69461000	69461999	0
chr16	69462000	69462999	9
chr16	69463000	69463999	21
chr16	69464000	69464999	9
chr16	69465000	69465999	0
chr16	69466000	69466999	0
chr16	69467000	69467999	2
chr16	69468000	69468999	0
chr16	69469000	69469999	10
chr16	69470000	69470999	4
chr16	69471000	69471999	17
chr16	69472000	69472999	24
chr16	69473000	69473999	6
chr16	69474000	69474999	11
chr16	69475000	69475999	20
chr16	69476000	69476999	23
chr16	69477000	69477999	5
chr16	69478000	69478999	8
chr16	69479000	69479999	11
chr16	69480000	69480999	33
chr16	69481000	69481999	2
chr16	69482000	69482999	4
chr16	69483000	69483999	5
chr16	69484000	69484999	3
chr16	69485000	69485999	21
chr16	69486000	69486999	6
chr16	69487000	69487999	7
chr16	69488000	69488999	7
chr16	69489000	69489999	0
chr16	69490000	69490999	4
chr16	69491000	69491999	7
chr16	69492000	69492999	4
chr16	69493000	69493999	8
chr16	69494000	69494999	2
chr16	69495000	69495999	4
chr16	69496000	69496999	26
chr16	69497000	69497999	3
chr16	69498000	69498999	9
chr16	69499000	69499999	4
chr16	69500000	69500999	21
chr16	69501000	69501999	3
chr16	69502000	69502999	0
chr16	69503000	69503999	0
chr16	69504000	69504999	0
chr16	69505000	69505999	2
chr16	69506000	69506999	1
chr16	69507000	69507999	18
chr16	69508000	69508999	28
chr16	69509000	69509999	2
chr16	69510000	69510999	0
chr16	69511000	69511999	10
chr16	69512000	69512999	17
chr16	69513000	69513999	18
chr16	69514000	69514999	0
chr16	69515000	69515999	1
chr16	69516000	69516999	17
chr16	69517000	69517999	0
chr16	69518000	69518999	9
chr16	69519000	69519999	0
chr16	69520000	69520999	0
chr16	69521000	69521999	2
chr16	69522000	69522999	5
chr16	69523000	69523999	8
chr16	69524000	69524999	28
chr16	69525000	69525999	0
chr16	69526000	69526999	0
chr16	69527000	69527999	1
chr16	69528000	69528999	4
chr16	69529000	69529999	13
chr16	69530000	69530999	7
chr16	69531000	69531999	5
chr16	69532000	69532999	21
chr16	69533000	69533999	11
chr16	69534000	69534999	14
chr16	69535000	69535999	0
chr16	69536000	69536999	5
chr16	69537000	69537999	2
chr16	69538000	69538999	0
chr16	69539000	69539999	0
chr16	69540000	69540999	4
chr16	69541000	69541999	28
chr16	69542000	69542999	7
chr16	69543000	69543999	8
chr16	69544000	69544999	8
chr16	69545000	69545999	5
chr16	69546000	69546999	16
chr16	69547000	69547999	3
chr16	69548000	69548999	14
chr16	69549000	69549999	23
chr16	69550000	69550999	0
chr16	69551000	69551999	18
chr16	69552000	69552999	1
chr16	69553000	69553999	0
chr16	69554000	69554999	2
chr16	69555000	69555999	23
chr16	69556000	69556999	4
chr16	69557000	69557999	13
chr16	69558000	69558999	9
chr16	69559000	69559999	23
chr16	69560000	69560999	10
chr16	69561000	69561999	35
chr16	69562000	69562999	5
chr16	69563000	69563999	4
chr16	69564000	69564999	21
chr16	69565000	69565999	7
chr16	69566000	69566999	9
chr16	69567000	69567999	5
chr16	69568000	69568999	1
chr16	69569000	69569999	13
chr16	69570000	69570999	11
chr16	69571000	69571999	0
chr16	69572000	69572999	18
chr16	69573000	69573999	14
chr16	69574000	69574999	8
chr16	69575000	69575999	3
chr16	69576000	69576999	0
chr16	69577000	69577999	6
chr16	69578000	69578999	21
chr16	69579000	69579999	9
chr16	69580000	69580999	0
chr16	69581000	69581999	8
chr16	69582000	69582999	3
chr16	69583000	69583999	2
chr16	69584000	69584999	0
chr16	69585000	69585999	0
chr16	69586000	69586999	12
chr16	69587000	69587999	0
chr16	69588000	69588999	6
chr16	69589000	69589999	15
chr16	69590000	69590999	2
chr16	69591000	69591999	21
chr16	69592000	69592999	14
chr16	69593000	69593999	13
chr16	69594000	69594999	13
chr16	69595000	69595999	13
chr16	69596000	69596999	3
chr16	69597000	69597999	18
chr16	69598000	69598999	8
chr16	69599000	69599999	11
chr16	69600000	69600999	0
chr16	69601000	69601999	10
chr16	69602000	69602999	8
chr16	69603000	69603999	12
chr16	69604000	69604999	4
chr16	69605000	69605999	0
chr16	69606000	69606999	0
chr16	69607000	69607999	6
chr16	69608000	69608999	6
chr16	69609000	69609999	18
chr16	69610000	69610999	0
chr16	69611000	69611999	10
chr16	69612000	69612999	46
chr16	69613000	69613999	6
chr16	69614000	69614999	9
chr16	69615000	69615999	14
chr16	69616000	69616999	0
chr16	69617000	69617999	4
chr16	69618000	69618999	38
chr16	69619000	69619999	0
chr16	69620000	69620999	4
chr16	69621000	69621999	12
chr16	69622000	69622999	3
chr16	69623000	69623999	11
chr16	69624000	69624999	0
chr16	69625000	69625999	15
chr16	69626000	69626999	6
chr16	69627000	69627999	22
chr16	69628000	69628999	9
chr16	69629000	69629999	0
chr16	69630000	69630999	11
chr16	69631000	69631999	11
chr16	69632000	69632999	16
chr16	69633000	69633999	18
chr16	69634000	69634999	10
chr16	69635000	69635999	9
chr16	69636000	69636999	0
chr16	69637000	69637999	21
chr16	69638000	69638999	7
chr16	69639000	69639999	12
chr16	69640000	69640999	10
chr16	69641000	69641999	0
chr16	69642000	69642999	5
chr16	69643000	69643999	11
chr16	69644000	69644999	11
chr16	69645000	69645999	0
chr16	69646000	69646999	21
chr16	69647000	69647999	2
chr16	69648000	69648999	0
chr16	69649000	69649999	10
chr16	69650000	69650999	24
chr16	69651000	69651999	9
chr16	69652000	69652999	13
chr16	69653000	69653999	2
chr16	69654000	69654999	0
chr16	69655000	69655999	3
chr16	69656000	69656999	3
chr16	69657000	69657999	0
chr16	69658000	69658999	12
chr16	69659000	69659999	7
chr16	69660000	69660999	3
chr16	69661000	69661999	4
chr16	69662000	69662999	0
chr16	69663000	69663999	3
chr16	69664000	69664999	20
chr16	69665000	69665999	23
chr16	69666000	69666999	3
chr16	69667000	69667999	19
chr16	69668000	69668999	21
chr16	69669000	69669999	0
chr16	69670000	69670999	31
chr16	69671000	69671999	13
chr16	69672000	69672999	0
chr16	69673000	69673999	8
chr16	69674000	69674999	12
chr16	69675000	69675999	6
chr16	69676000	69676999	2
chr16	69677000	69677999	22
chr16	69678000	69678999	6
chr16	69679000	69679999	10
chr16	69680000	69680999	21
chr16	69681000	69681999	6
chr16	69682000	69682999	9
chr16	69683000	69683999	11
chr16	69684000	69684999	0
chr16	69685000	69685999	46
chr16	69686000	69686999	2
chr16	69687000	69687999	2
chr16	69688000	69688999	5
chr16	69689000	69689999	8
chr16	69690000	69690999	5
chr16	69691000	69691999	0
chr16	69692000	69692999	7
chr16	69693000	69693999	5
chr16	69694000	69694999	12
chr16	69695000	69695999	8
chr16	69696000	69696999	33
chr16	69697000	69697999	12
chr16	69698000	69698999	0
chr16	69699000	69699999	0
chr16	69700000	69700999	0
chr16	69701000	69701999	0
chr16	69702000	69702999	0
chr16	69703000	69703999	0
chr16	69704000	69704999	0
chr16	69705000	69705999	0
chr16	69706000	69706999	13
chr16	69707000	69707999	3
chr16	69708000	69708999	8
chr16	69709000	69709999	0
chr16	69710000	69710999	1
chr16	69711000	69711999	2
chr16	69712000	69712999	14
chr16	69713000	69713999	19
chr16	69714000	69714999	9
chr16	69715000	69715999	4
chr16	69716000	69716999	0
chr16	69717000	69717999	24
chr16	69718000	69718999	10
chr16	69719000	69719999	2
chr16	69720000	69720999	13
chr16	69721000	69721999	1
chr16	69722000	69722999	0
chr16	69723000	69723999	2
chr16	69724000	69724999	7
chr16	69725000	69725999	4
chr16	69726000	69726999	20
chr16	69727000	69727999	35
chr16	69728000	69728999	0
chr16	69729000	69729999	11
chr16	69730000	69730999	3
chr16	69731000	69731999	0
chr16	69732000	69732999	0
chr16	69733000	69733999	8
chr16	69734000	69734999	8
chr16	69735000	69735999	0
chr16	69736000	69736999	6
chr16	69737000	69737999	6
chr16	69738000	69738999	9
chr16	69739000	69739999	3
chr16	69740000	69740999	11
chr16	69741000	69741999	3
chr16	69742000	69742999	0
chr16	69743000	69743999	7
chr16	69744000	69744999	4
chr16	69745000	69745999	0
chr16	69746000	69746999	0
chr16	69747000	69747999	7
chr16	69748000	69748999	18
chr16	69749000	69749999	7
chr16	69750000	69750999	5
chr16	69751000	69751999	12
chr16	69752000	69752999	23
chr16	69753000	69753999	0
chr16	69754000	69754999	13
chr16	69755000	69755999	6
chr16	69756000	69756999	18
chr16	69757000	69757999	23
chr16	69758000	69758999	0
chr16	69759000	69759999	13
chr16	69760000	69760999	8
chr16	69761000	69761999	25
chr16	69762000	69762999	0
chr16	69763000	69763999	0
chr16	69764000	69764999	23
chr16	69765000	69765999	6
chr16	69766000	69766999	0
chr16	69767000	69767999	35
chr16	69768000	69768999	1
chr16	69769000	69769999	0
chr16	69770000	69770999	0
chr16	69771000	69771999	12
chr16	69772000	69772999	13
chr16	69773000	69773999	15
chr16	69774000	69774999	7
chr16	69775000	69775999	0
chr16	69776000	69776999	0
chr16	69777000	69777999	0
chr16	69778000	69778999	0
chr16	69779000	69779999	10
chr16	69780000	69780999	6
chr16	69781000	69781999	0
chr16	69782000	69782999	4
chr16	69783000	69783999	4
chr16	69784000	69784999	0
chr16	69785000	69785999	2
chr16	69786000	69786999	15
chr16	69787000	69787999	7
chr16	69788000	69788999	7
chr16	69789000	69789999	2
chr16	69790000	69790999	11
chr16	69791000	69791999	11
chr16	69792000	69792999	9
chr16	69793000	69793999	4
chr16	69794000	69794999	0
chr16	69795000	69795999	6
chr16	69796000	69796999	13
chr16	69797000	69797999	25
chr16	69798000	69798999	11
chr16	69799000	69799999	46
chr16	69800000	69800999	10
chr16	69801000	69801999	21
chr16	69802000	69802999	0
chr16	69803000	69803999	12
chr16	69804000	69804999	11
chr16	69805000	69805999	12
chr16	69806000	69806999	4
chr16	69807000	69807999	0
chr16	69808000	69808999	8
chr16	69809000	69809999	6
chr16	69810000	69810999	0
chr16	69811000	69811999	12
chr16	69812000	69812999	24
chr16	69813000	69813999	0
chr16	69814000	69814999	11
chr16	69815000	69815999	0
chr16	69816000	69816999	14
chr16	69817000	69817999	2
chr16	69818000	69818999	11
chr16	69819000	69819999	1
chr16	69820000	69820999	0
chr16	69821000	69821999	4
chr16	69822000	69822999	23
chr16	69823000	69823999	8
chr16	69824000	69824999	6
chr16	69825000	69825999	0
chr16	69826000	69826999	27
chr16	69827000	69827999	20
chr16	69828000	69828999	0
chr16	69829000	69829999	0
chr16	69830000	69830999	0
chr16	69831000	69831999	0
chr16	69832000	69832999	7
chr16	69833000	69833999	0
chr16	69834000	69834999	23
chr16	69835000	69835999	8
chr16	69836000	69836999	28
chr16	69837000	69837999	0
chr16	69838000	69838999	1
chr16	69839000	69839999	2
chr16	69840000	69840999	9
chr16	69841000	69841999	0
chr16	69842000	69842999	33
chr16	69843000	69843999	0
chr16	69844000	69844999	9
chr16	69845000	69845999	1
chr16	69846000	69846999	20
chr16	69847000	69847999	22
chr16	69848000	69848999	3
chr16	69849000	69849999	5
chr16	69850000	69850999	16
chr16	69851000	69851999	11
chr16	69852000	69852999	25
chr16	69853000	69853999	12
chr16	69854000	69854999	7
chr16	69855000	69855999	28
chr16	69856000	69856999	2
chr16	69857000	69857999	0
chr16	69858000	69858999	27
chr16	69859000	69859999	12
chr16	69860000	69860999	24
chr16	69861000	69861999	0
chr16	69862000	69862999	7
chr16	69863000	69863999	11
chr16	69864000	69864999	2
chr16	69865000	69865999	0
chr16	69866000	69866999	0
chr16	69867000	69867999	7
chr16	69868000	69868999	10
chr16	69869000	69869999	0
chr16	69870000	69870999	9
chr16	69871000	69871999	8
chr16	69872000	69872999	7
chr16	69873000	69873999	7
chr16	69874000	69874999	0
chr16	69875000	69875999	9
chr16	69876000	69876999	0
chr16	69877000	69877999	8
chr16	69878000	69878999	16
chr16	69879000	69879999	32
chr16	69880000	69880999	6
chr16	69881000	69881999	17
chr16	69882000	69882999	0
chr16	69883000	69883999	11
chr16	69884000	69884999	0
chr16	69885000	69885999	13
chr16	69886000	69886999	1
chr16	69887000	69887999	8
chr16	69888000	69888999	5
chr16	69889000	69889999	4
chr16	69890000	69890999	0
chr16	69891000	69891999	13
chr16	69892000	69892999	2
chr16	69893000	69893999	0
chr16	69894000	69894999	0
chr16	69895000	69895999	0
chr16	69896000	69896999	0
chr16	69897000	69897999	0
chr16	69898000	69898999	0
chr16	69899000	69899999	0
chr16	69900000	69900999	12
chr16	69901000	69901999	11
chr16	69902000	69902999	12
chr16	69903000	69903999	16
chr16	69904000	69904999	0
chr16	69905000	69905999	12
chr16	69906000	69906999	5
chr16	69907000	69907999	29
chr16	69908000	69908999	0
chr16	69909000	69909999	31
chr16	69910000	69910999	8
chr16	69911000	69911999	1
chr16	69912000	69912999	13
chr16	69913000	69913999	13
chr16	69914000	69914999	1
chr16	69915000	69915999	5
chr16	69916000	69916999	8
chr16	69917000	69917999	3
chr16	69918000	69918999	0
chr16	69919000	69919999	0
chr16	69920000	69920999	0
chr16	69921000	69921999	8
chr16	69922000	69922999	0
chr16	69923000	69923999	11
chr16	69924000	69924999	14
chr16	69925000	69925999	0
chr16	69926000	69926999	6
chr16	69927000	69927999	8
chr16	69928000	69928999	0
chr16	69929000	69929999	0
chr16	69930000	69930999	8
chr16	69931000	69931999	1
chr16	69932000	69932999	4
chr16	69933000	69933999	0
chr16	69934000	69934999	14
chr16	69935000	69935999	3
chr16	69936000	69936999	9
chr16	69937000	69937999	8
chr16	69938000	69938999	2
chr16	69939000	69939999	21
chr16	69940000	69940999	2
chr16	69941000	69941999	4
chr16	69942000	69942999	2
chr16	69943000	69943999	2
chr16	69944000	69944999	0
chr16	69945000	69945999	9
chr16	69946000	69946999	3
chr16	69947000	69947999	14
chr16	69948000	69948999	0
chr16	69949000	69949999	5
chr16	69950000	69950999	0
chr16	69951000	69951999	10
chr16	69952000	69952999	19
chr16	69953000	69953999	0
chr16	69954000	69954999	0
chr16	69955000	69955999	28
chr16	69956000	69956999	1
chr16	69957000	69957999	0
chr16	69958000	69958999	10
chr16	69959000	69959999	14
chr16	69960000	69960999	0
chr16	69961000	69961999	0
chr16	69962000	69962999	4
chr16	69963000	69963999	5
chr16	69964000	69964999	1
chr16	69965000	69965999	5
chr16	69966000	69966999	7
chr16	69967000	69967999	0
chr16	69968000	69968999	0
chr16	69969000	69969999	42
chr16	69970000	69970999	10
chr16	69971000	69971999	21
chr16	69972000	69972999	0
chr16	69973000	69973999	8
chr16	69974000	69974999	10
chr16	69975000	69975999	17
chr16	69976000	69976999	2
chr16	69977000	69977999	4
chr16	69978000	69978999	0
chr16	69979000	69979999	3
chr16	69980000	69980999	3
chr16	69981000	69981999	0
chr16	69982000	69982999	4
chr16	69983000	69983999	6
chr16	69984000	69984999	18
chr16	69985000	69985999	11
chr16	69986000	69986999	17
chr16	69987000	69987999	11
chr16	69988000	69988999	7
chr16	69989000	69989999	5
chr16	69990000	69990999	0
chr16	69991000	69991999	7
chr16	69992000	69992999	5
chr16	69993000	69993999	15
chr16	69994000	69994999	2
chr16	69995000	69995999	8
chr16	69996000	69996999	10
chr16	69997000	69997999	12
chr16	69998000	69998999	4
chr16	69999000	69999999	22
chr16	70000000	70000999	2
chr16	70001000	70001999	2
chr16	70002000	70002999	14
chr16	70003000	70003999	8
chr16	70004000	70004999	5
chr16	70005000	70005999	0
chr16	70006000	70006999	11
chr16	70007000	70007999	20
chr16	70008000	70008999	16
chr16	70009000	70009999	8
chr16	70010000	70010999	15
chr16	70011000	70011999	23
chr16	70012000	70012999	0
chr16	70013000	70013999	0
chr16	70014000	70014999	10
chr16	70015000	70015999	10
chr16	70016000	70016999	14
chr16	70017000	70017999	6
chr16	70018000	70018999	3
chr16	70019000	70019999	5
chr16	70020000	70020999	26
chr16	70021000	70021999	8
chr16	70022000	70022999	0
chr16	70023000	70023999	5
chr16	70024000	70024999	25
chr16	70025000	70025999	0
chr16	70026000	70026999	0
chr16	70027000	70027999	19
chr16	70028000	70028999	14
chr16	70029000	70029999	23
chr16	70030000	70030999	7
chr16	70031000	70031999	10
chr16	70032000	70032999	12
chr16	70033000	70033999	15
chr16	70034000	70034999	0
chr16	70035000	70035999	5
chr16	70036000	70036999	21
chr16	70037000	70037999	6
chr16	70038000	70038999	0
chr16	70039000	70039999	3
chr16	70040000	70040999	16
chr16	70041000	70041999	5
chr16	70042000	70042999	7
chr16	70043000	70043999	0
chr16	70044000	70044999	8
chr16	70045000	70045999	9
chr16	70046000	70046999	20
chr16	70047000	70047999	0
chr16	70048000	70048999	4
chr16	70049000	70049999	6
chr16	70050000	70050999	4
chr16	70051000	70051999	2
chr16	70052000	70052999	0
chr16	70053000	70053999	20
chr16	70054000	70054999	12
chr16	70055000	70055999	38
chr16	70056000	70056999	7
chr16	70057000	70057999	6
chr16	70058000	70058999	2
chr16	70059000	70059999	8
chr16	70060000	70060999	6
chr16	70061000	70061999	41
chr16	70062000	70062999	8
chr16	70063000	70063999	3
chr16	70064000	70064999	12
chr16	70065000	70065999	5
chr16	70066000	70066999	12
chr16	70067000	70067999	8
chr16	70068000	70068999	37
chr16	70069000	70069999	3
chr16	70070000	70070999	4
chr16	70071000	70071999	18
chr16	70072000	70072999	0
chr16	70073000	70073999	5
chr16	70074000	70074999	6
chr16	70075000	70075999	0
chr16	70076000	70076999	0
chr16	70077000	70077999	3
chr16	70078000	70078999	8
chr16	70079000	70079999	23
chr16	70080000	70080999	0
chr16	70081000	70081999	3
chr16	70082000	70082999	2
chr16	70083000	70083999	2
chr16	70084000	70084999	8
chr16	70085000	70085999	10
chr16	70086000	70086999	0
chr16	70087000	70087999	0
chr16	70088000	70088999	3
chr16	70089000	70089999	6
chr16	70090000	70090999	16
chr16	70091000	70091999	13
chr16	70092000	70092999	0
chr16	70093000	70093999	13
chr16	70094000	70094999	1
chr16	70095000	70095999	18
chr16	70096000	70096999	6
chr16	70097000	70097999	15
chr16	70098000	70098999	5
chr16	70099000	70099999	4
chr16	70100000	70100999	9
chr16	70101000	70101999	11
chr16	70102000	70102999	17
chr16	70103000	70103999	27
chr16	70104000	70104999	0
chr16	70105000	70105999	10
chr16	70106000	70106999	1
chr16	70107000	70107999	0
chr16	70108000	70108999	14
chr16	70109000	70109999	6
chr16	70110000	70110999	0
chr16	70111000	70111999	20
chr16	70112000	70112999	10
chr16	70113000	70113999	31
chr16	70114000	70114999	17
chr16	70115000	70115999	3
chr16	70116000	70116999	5
chr16	70117000	70117999	30
chr16	70118000	70118999	4
chr16	70119000	70119999	8
chr16	70120000	70120999	16
chr16	70121000	70121999	11
chr16	70122000	70122999	8
chr16	70123000	70123999	0
chr16	70124000	70124999	0
chr16	70125000	70125999	5
chr16	70126000	70126999	6
chr16	70127000	70127999	17
chr16	70128000	70128999	12
chr16	70129000	70129999	0
chr16	70130000	70130999	21
chr16	70131000	70131999	0
chr16	70132000	70132999	2
chr16	70133000	70133999	3
chr16	70134000	70134999	14
chr16	70135000	70135999	0
chr16	70136000	70136999	0
chr16	70137000	70137999	0
chr16	70138000	70138999	8
chr16	70139000	70139999	0
chr16	70140000	70140999	6
chr16	70141000	70141999	9
chr16	70142000	70142999	19
chr16	70143000	70143999	1
chr16	70144000	70144999	3
chr16	70145000	70145999	0
chr16	70146000	70146999	12
chr16	70147000	70147999	0
chr16	70148000	70148999	7
chr16	70149000	70149999	10
chr16	70150000	70150999	9
chr16	70151000	70151999	10
chr16	70152000	70152999	7
chr16	70153000	70153999	4
chr16	70154000	70154999	1
chr16	70155000	70155999	19
chr16	70156000	70156999	14
chr16	70157000	70157999	11
chr16	70158000	70158999	8
chr16	70159000	70159999	1
chr16	70160000	70160999	21
chr16	70161000	70161999	15
chr16	70162000	70162999	17
chr16	70163000	70163999	27
chr16	70164000	70164999	12
chr16	70165000	70165999	7
chr16	70166000	70166999	4
chr16	70167000	70167999	13
chr16	70168000	70168999	12
chr16	70169000	70169999	10
chr16	70170000	70170999	0
chr16	70171000	70171999	0
chr16	70172000	70172999	0
chr16	70173000	70173999	0
chr16	70174000	70174999	0
chr16	70175000	70175999	2
chr16	70176000	70176999	10
chr16	70177000	70177999	14
chr16	70178000	70178999	16
chr16	70179000	70179999	12
chr16	70180000	70180999	7
chr16	70181000	70181999	0
chr16	70182000	70182999	15
chr16	70183000	70183999	4
chr16	70184000	70184999	3
chr16	70185000	70185999	9
chr16	70186000	70186999	9
chr16	70187000	70187999	0
chr16	70188000	70188999	0
chr16	70189000	70189999	0
chr16	70190000	70190999	0
chr16	70191000	70191999	0
chr16	70192000	70192999	10
chr16	70193000	70193999	0
chr16	70194000	70194999	36
chr16	70195000	70195999	17
chr16	70196000	70196999	10
chr16	70197000	70197999	0
chr16	70198000	70198999	5
chr16	70199000	70199999	18
chr16	70200000	70200999	17
chr16	70201000	70201999	0
chr16	70202000	70202999	13
chr16	70203000	70203999	0
chr16	70204000	70204999	0
chr16	70205000	70205999	3
chr16	70206000	70206999	0
chr16	70207000	70207999	0
chr16	70208000	70208999	23
chr16	70209000	70209999	20
chr16	70210000	70210999	11
chr16	70211000	70211999	2
chr16	70212000	70212999	3
chr16	70213000	70213999	7
chr16	70214000	70214999	15
chr16	70215000	70215999	16
chr16	70216000	70216999	36
chr16	70217000	70217999	4
chr16	70218000	70218999	0
chr16	70219000	70219999	8
chr16	70220000	70220999	2
chr16	70221000	70221999	25
chr16	70222000	70222999	9
chr16	70223000	70223999	4
chr16	70224000	70224999	4
chr16	70225000	70225999	4
chr16	70226000	70226999	11
chr16	70227000	70227999	0
chr16	70228000	70228999	4
chr16	70229000	70229999	0
chr16	70230000	70230999	12
chr16	70231000	70231999	4
chr16	70232000	70232999	17
chr16	70233000	70233999	16
chr16	70234000	70234999	13
chr16	70235000	70235999	24
chr16	70236000	70236999	4
chr16	70237000	70237999	12
chr16	70238000	70238999	3
chr16	70239000	70239999	9
chr16	70240000	70240999	29
chr16	70241000	70241999	0
chr16	70242000	70242999	15
chr16	70243000	70243999	18
chr16	70244000	70244999	3
chr16	70245000	70245999	14
chr16	70246000	70246999	10
chr16	70247000	70247999	0
chr16	70248000	70248999	10
chr16	70249000	70249999	31
chr16	70250000	70250999	0
chr16	70251000	70251999	29
chr16	70252000	70252999	0
chr16	70253000	70253999	0
chr16	70254000	70254999	24
chr16	70255000	70255999	3
chr16	70256000	70256999	19
chr16	70257000	70257999	5
chr16	70258000	70258999	10
chr16	70259000	70259999	10
chr16	70260000	70260999	3
chr16	70261000	70261999	18
chr16	70262000	70262999	16
chr16	70263000	70263999	9
chr16	70264000	70264999	3
chr16	70265000	70265999	14
chr16	70266000	70266999	7
chr16	70267000	70267999	3
chr16	70268000	70268999	3
chr16	70269000	70269999	0
chr16	70270000	70270999	0
chr16	70271000	70271999	0
chr16	70272000	70272999	0
chr16	70273000	70273999	0
chr16	70274000	70274999	0
chr16	70275000	70275999	0
chr16	70276000	70276999	0
chr16	70277000	70277999	0
chr16	70278000	70278999	4
chr16	70279000	70279999	6
chr16	70280000	70280999	17
chr16	70281000	70281999	29
chr16	70282000	70282999	6
chr16	70283000	70283999	2
chr16	70284000	70284999	9
chr16	70285000	70285999	0
chr16	70286000	70286999	11
chr16	70287000	70287999	6
chr16	70288000	70288999	5
chr16	70289000	70289999	4
chr16	70290000	70290999	14
chr16	70291000	70291999	24
chr16	70292000	70292999	0
chr16	70293000	70293999	16
chr16	70294000	70294999	10
chr16	70295000	70295999	0
chr16	70296000	70296999	8
chr16	70297000	70297999	2
chr16	70298000	70298999	11
chr16	70299000	70299999	0
chr16	70300000	70300999	0
chr16	70301000	70301999	6
chr16	70302000	70302999	5
chr16	70303000	70303999	2
chr16	70304000	70304999	7
chr16	70305000	70305999	0
chr16	70306000	70306999	0
chr16	70307000	70307999	6
chr16	70308000	70308999	8
chr16	70309000	70309999	27
chr16	70310000	70310999	10
chr16	70311000	70311999	2
chr16	70312000	70312999	17
chr16	70313000	70313999	32
chr16	70314000	70314999	202
chr16	70315000	70315999	6
chr16	70316000	70316999	26
chr16	70317000	70317999	26
chr16	70318000	70318999	0
chr16	70319000	70319999	22
chr16	70320000	70320999	17
chr16	70321000	70321999	6
chr16	70322000	70322999	4
chr16	70323000	70323999	3
chr16	70324000	70324999	0
chr16	70325000	70325999	1
chr16	70326000	70326999	24
chr16	70327000	70327999	20
chr16	70328000	70328999	5
chr16	70329000	70329999	12
chr16	70330000	70330999	10
chr16	70331000	70331999	8
chr16	70332000	70332999	9
chr16	70333000	70333999	0
chr16	70334000	70334999	1
chr16	70335000	70335999	0
chr16	70336000	70336999	8
chr16	70337000	70337999	39
chr16	70338000	70338999	0
chr16	70339000	70339999	0
chr16	70340000	70340999	8
chr16	70341000	70341999	0
chr16	70342000	70342999	14
chr16	70343000	70343999	17
chr16	70344000	70344999	8
chr16	70345000	70345999	1
chr16	70346000	70346999	9
chr16	70347000	70347999	4
chr16	70348000	70348999	12
chr16	70349000	70349999	2
chr16	70350000	70350999	5
chr16	70351000	70351999	13
chr16	70352000	70352999	14
chr16	70353000	70353999	12
chr16	70354000	70354999	17
chr16	70355000	70355999	0
chr16	70356000	70356999	5
chr16	70357000	70357999	25
chr16	70358000	70358999	11
chr16	70359000	70359999	0
chr16	70360000	70360999	1
chr16	70361000	70361999	4
chr16	70362000	70362999	26
chr16	70363000	70363999	5
chr16	70364000	70364999	5
chr16	70365000	70365999	2
chr16	70366000	70366999	4
chr16	70367000	70367999	1
chr16	70368000	70368999	0
chr16	70369000	70369999	0
chr16	70370000	70370999	0
chr16	70371000	70371999	0
chr16	70372000	70372999	0
chr16	70373000	70373999	0
chr16	70374000	70374999	0
chr16	70375000	70375999	0
chr16	70376000	70376999	14
chr16	70377000	70377999	10
chr16	70378000	70378999	13
chr16	70379000	70379999	9
chr16	70380000	70380999	1
chr16	70381000	70381999	1
chr16	70382000	70382999	0
chr16	70383000	70383999	0
chr16	70384000	70384999	10
chr16	70385000	70385999	0
chr16	70386000	70386999	17
chr16	70387000	70387999	3
chr16	70388000	70388999	0
chr16	70389000	70389999	10
chr16	70390000	70390999	27
chr16	70391000	70391999	12
chr16	70392000	70392999	14
chr16	70393000	70393999	0
chr16	70394000	70394999	12
chr16	70395000	70395999	10
chr16	70396000	70396999	6
chr16	70397000	70397999	5
chr16	70398000	70398999	18
chr16	70399000	70399999	12
chr16	70400000	70400999	6
chr16	70401000	70401999	8
chr16	70402000	70402999	26
chr16	70403000	70403999	18
chr16	70404000	70404999	0
chr16	70405000	70405999	2
chr16	70406000	70406999	9
chr16	70407000	70407999	0
chr16	70408000	70408999	4
chr16	70409000	70409999	2
chr16	70410000	70410999	3
chr16	70411000	70411999	9
chr16	70412000	70412999	24
chr16	70413000	70413999	1
chr16	70414000	70414999	13
chr16	70415000	70415999	2
chr16	70416000	70416999	18
chr16	70417000	70417999	1
chr16	70418000	70418999	10
chr16	70419000	70419999	4
chr16	70420000	70420999	30
chr16	70421000	70421999	0
chr16	70422000	70422999	14
chr16	70423000	70423999	3
chr16	70424000	70424999	12
chr16	70425000	70425999	0
chr16	70426000	70426999	30
chr16	70427000	70427999	4
chr16	70428000	70428999	0
chr16	70429000	70429999	9
chr16	70430000	70430999	7
chr16	70431000	70431999	0
chr16	70432000	70432999	0
chr16	70433000	70433999	5
chr16	70434000	70434999	11
chr16	70435000	70435999	13
chr16	70436000	70436999	0
chr16	70437000	70437999	5
chr16	70438000	70438999	17
chr16	70439000	70439999	7
chr16	70440000	70440999	11
chr16	70441000	70441999	0
chr16	70442000	70442999	2
chr16	70443000	70443999	13
chr16	70444000	70444999	2
chr16	70445000	70445999	10
chr16	70446000	70446999	7
chr16	70447000	70447999	6
chr16	70448000	70448999	0
chr16	70449000	70449999	1
chr16	70450000	70450999	18
chr16	70451000	70451999	8
chr16	70452000	70452999	3
chr16	70453000	70453999	0
chr16	70454000	70454999	15
chr16	70455000	70455999	10
chr16	70456000	70456999	11
chr16	70457000	70457999	13
chr16	70458000	70458999	0
chr16	70459000	70459999	19
chr16	70460000	70460999	0
chr16	70461000	70461999	0
chr16	70462000	70462999	6
chr16	70463000	70463999	0
chr16	70464000	70464999	13
chr16	70465000	70465999	5
chr16	70466000	70466999	0
chr16	70467000	70467999	10
chr16	70468000	70468999	0
chr16	70469000	70469999	9
chr16	70470000	70470999	2
chr16	70471000	70471999	2
chr16	70472000	70472999	14
chr16	70473000	70473999	4
chr16	70474000	70474999	16
chr16	70475000	70475999	9
chr16	70476000	70476999	7
chr16	70477000	70477999	17
chr16	70478000	70478999	7
chr16	70479000	70479999	7
chr16	70480000	70480999	0
chr16	70481000	70481999	0
chr16	70482000	70482999	0
chr16	70483000	70483999	4
chr16	70484000	70484999	1
chr16	70485000	70485999	6
chr16	70486000	70486999	0
chr16	70487000	70487999	19
chr16	70488000	70488999	0
chr16	70489000	70489999	17
chr16	70490000	70490999	1
chr16	70491000	70491999	18
chr16	70492000	70492999	20
chr16	70493000	70493999	13
chr16	70494000	70494999	4
chr16	70495000	70495999	1
chr16	70496000	70496999	6
chr16	70497000	70497999	20
chr16	70498000	70498999	1
chr16	70499000	70499999	0
chr16	70500000	70500999	6
chr16	70501000	70501999	18
chr16	70502000	70502999	0
chr16	70503000	70503999	12
chr16	70504000	70504999	4
chr16	70505000	70505999	20
chr16	70506000	70506999	2
chr16	70507000	70507999	20
chr16	70508000	70508999	14
chr16	70509000	70509999	11
chr16	70510000	70510999	19
chr16	70511000	70511999	0
chr16	70512000	70512999	0
chr16	70513000	70513999	0
chr16	70514000	70514999	11
chr16	70515000	70515999	12
chr16	70516000	70516999	42
chr16	70517000	70517999	18
chr16	70518000	70518999	20
chr16	70519000	70519999	6
chr16	70520000	70520999	14
chr16	70521000	70521999	6
chr16	70522000	70522999	3
chr16	70523000	70523999	2
chr16	70524000	70524999	9
chr16	70525000	70525999	20
chr16	70526000	70526999	6
chr16	70527000	70527999	8
chr16	70528000	70528999	0
chr16	70529000	70529999	7
chr16	70530000	70530999	4
chr16	70531000	70531999	3
chr16	70532000	70532999	0
chr16	70533000	70533999	0
chr16	70534000	70534999	5
chr16	70535000	70535999	0
chr16	70536000	70536999	11
chr16	70537000	70537999	6
chr16	70538000	70538999	9
chr16	70539000	70539999	2
chr16	70540000	70540999	2
chr16	70541000	70541999	19
chr16	70542000	70542999	0
chr16	70543000	70543999	0
chr16	70544000	70544999	0
chr16	70545000	70545999	0
chr16	70546000	70546999	0
chr16	70547000	70547999	0
chr16	70548000	70548999	35
chr16	70549000	70549999	12
chr16	70550000	70550999	0
chr16	70551000	70551999	0
chr16	70552000	70552999	0
chr16	70553000	70553999	0
chr16	70554000	70554999	0
chr16	70555000	70555999	0
chr16	70556000	70556999	0
chr16	70557000	70557999	0
chr16	70558000	70558999	0
chr16	70559000	70559999	6
chr16	70560000	70560999	10
chr16	70561000	70561999	0
chr16	70562000	70562999	16
chr16	70563000	70563999	92
chr16	70564000	70564999	6
chr16	70565000	70565999	10
chr16	70566000	70566999	2
chr16	70567000	70567999	9
chr16	70568000	70568999	37
chr16	70569000	70569999	14
chr16	70570000	70570999	6
chr16	70571000	70571999	44
chr16	70572000	70572999	2
chr16	70573000	70573999	23
chr16	70574000	70574999	0
chr16	70575000	70575999	56
chr16	70576000	70576999	8
chr16	70577000	70577999	0
chr16	70578000	70578999	0
chr16	70579000	70579999	21
chr16	70580000	70580999	21
chr16	70581000	70581999	16
chr16	70582000	70582999	6
chr16	70583000	70583999	5
chr16	70584000	70584999	13
chr16	70585000	70585999	3
chr16	70586000	70586999	16
chr16	70587000	70587999	42
chr16	70588000	70588999	11
chr16	70589000	70589999	7
chr16	70590000	70590999	4
chr16	70591000	70591999	1
chr16	70592000	70592999	2
chr16	70593000	70593999	3
chr16	70594000	70594999	7
chr16	70595000	70595999	0
chr16	70596000	70596999	15
chr16	70597000	70597999	26
chr16	70598000	70598999	0
chr16	70599000	70599999	10
chr16	70600000	70600999	9
chr16	70601000	70601999	0
chr16	70602000	70602999	18
chr16	70603000	70603999	0
chr16	70604000	70604999	7
chr16	70605000	70605999	8
chr16	70606000	70606999	9
chr16	70607000	70607999	5
chr16	70608000	70608999	10
chr16	70609000	70609999	17
chr16	70610000	70610999	33
chr16	70611000	70611999	0
chr16	70612000	70612999	0
chr16	70613000	70613999	28
chr16	70614000	70614999	7
chr16	70615000	70615999	0
chr16	70616000	70616999	7
chr16	70617000	70617999	6
chr16	70618000	70618999	19
chr16	70619000	70619999	13
chr16	70620000	70620999	0
chr16	70621000	70621999	8
chr16	70622000	70622999	1
chr16	70623000	70623999	4
chr16	70624000	70624999	0
chr16	70625000	70625999	6
chr16	70626000	70626999	6
chr16	70627000	70627999	13
chr16	70628000	70628999	0
chr16	70629000	70629999	8
chr16	70630000	70630999	10
chr16	70631000	70631999	22
chr16	70632000	70632999	0
chr16	70633000	70633999	0
chr16	70634000	70634999	0
chr16	70635000	70635999	0
chr16	70636000	70636999	0
chr16	70637000	70637999	0
chr16	70638000	70638999	0
chr16	70639000	70639999	10
chr16	70640000	70640999	0
chr16	70641000	70641999	11
chr16	70642000	70642999	8
chr16	70643000	70643999	9
chr16	70644000	70644999	0
chr16	70645000	70645999	21
chr16	70646000	70646999	0
chr16	70647000	70647999	19
chr16	70648000	70648999	11
chr16	70649000	70649999	5
chr16	70650000	70650999	0
chr16	70651000	70651999	9
chr16	70652000	70652999	7
chr16	70653000	70653999	3
chr16	70654000	70654999	11
chr16	70655000	70655999	17
chr16	70656000	70656999	19
chr16	70657000	70657999	17
chr16	70658000	70658999	14
chr16	70659000	70659999	1
chr16	70660000	70660999	1
chr16	70661000	70661999	6
chr16	70662000	70662999	8
chr16	70663000	70663999	4
chr16	70664000	70664999	13
chr16	70665000	70665999	0
chr16	70666000	70666999	30
chr16	70667000	70667999	0
chr16	70668000	70668999	0
chr16	70669000	70669999	0
chr16	70670000	70670999	0
chr16	70671000	70671999	0
chr16	70672000	70672999	0
chr16	70673000	70673999	0
chr16	70674000	70674999	0
chr16	70675000	70675999	2
chr16	70676000	70676999	4
chr16	70677000	70677999	13
chr16	70678000	70678999	6
chr16	70679000	70679999	0
chr16	70680000	70680999	0
chr16	70681000	70681999	2
chr16	70682000	70682999	18
chr16	70683000	70683999	0
chr16	70684000	70684999	16
chr16	70685000	70685999	22
chr16	70686000	70686999	0
chr16	70687000	70687999	7
chr16	70688000	70688999	26
chr16	70689000	70689999	6
chr16	70690000	70690999	9
chr16	70691000	70691999	11
chr16	70692000	70692999	27
chr16	70693000	70693999	7
chr16	70694000	70694999	9
chr16	70695000	70695999	0
chr16	70696000	70696999	15
chr16	70697000	70697999	38
chr16	70698000	70698999	0
chr16	70699000	70699999	0
chr16	70700000	70700999	10
chr16	70701000	70701999	1
chr16	70702000	70702999	18
chr16	70703000	70703999	21
chr16	70704000	70704999	5
chr16	70705000	70705999	10
chr16	70706000	70706999	13
chr16	70707000	70707999	8
chr16	70708000	70708999	0
chr16	70709000	70709999	0
chr16	70710000	70710999	0
chr16	70711000	70711999	0
chr16	70712000	70712999	0
chr16	70713000	70713999	0
chr16	70714000	70714999	0
chr16	70715000	70715999	4
chr16	70716000	70716999	11
chr16	70717000	70717999	6
chr16	70718000	70718999	0
chr16	70719000	70719999	16
chr16	70720000	70720999	0
chr16	70721000	70721999	18
chr16	70722000	70722999	5
chr16	70723000	70723999	0
chr16	70724000	70724999	0
chr16	70725000	70725999	4
chr16	70726000	70726999	4
chr16	70727000	70727999	0
chr16	70728000	70728999	4
chr16	70729000	70729999	9
chr16	70730000	70730999	6
chr16	70731000	70731999	15
chr16	70732000	70732999	12
chr16	70733000	70733999	3
chr16	70734000	70734999	12
chr16	70735000	70735999	14
chr16	70736000	70736999	1
chr16	70737000	70737999	0
chr16	70738000	70738999	24
chr16	70739000	70739999	0
chr16	70740000	70740999	0
chr16	70741000	70741999	14
chr16	70742000	70742999	18
chr16	70743000	70743999	0
chr16	70744000	70744999	17
chr16	70745000	70745999	3
chr16	70746000	70746999	0
chr16	70747000	70747999	0
chr16	70748000	70748999	0
chr16	70749000	70749999	10
chr16	70750000	70750999	34
chr16	70751000	70751999	2
chr16	70752000	70752999	17
chr16	70753000	70753999	0
chr16	70754000	70754999	10
chr16	70755000	70755999	9
chr16	70756000	70756999	0
chr16	70757000	70757999	14
chr16	70758000	70758999	19
chr16	70759000	70759999	5
chr16	70760000	70760999	0
chr16	70761000	70761999	0
chr16	70762000	70762999	8
chr16	70763000	70763999	6
chr16	70764000	70764999	14
chr16	70765000	70765999	8
chr16	70766000	70766999	11
chr16	70767000	70767999	2
chr16	70768000	70768999	3
chr16	70769000	70769999	6
chr16	70770000	70770999	0
chr16	70771000	70771999	5
chr16	70772000	70772999	0
chr16	70773000	70773999	0
chr16	70774000	70774999	0
chr16	70775000	70775999	0
chr16	70776000	70776999	0
chr16	70777000	70777999	2
chr16	70778000	70778999	0
chr16	70779000	70779999	10
chr16	70780000	70780999	12
chr16	70781000	70781999	3
chr16	70782000	70782999	0
chr16	70783000	70783999	0
chr16	70784000	70784999	0
chr16	70785000	70785999	3
chr16	70786000	70786999	19
chr16	70787000	70787999	16
chr16	70788000	70788999	20
chr16	70789000	70789999	0
chr16	70790000	70790999	13
chr16	70791000	70791999	0
chr16	70792000	70792999	28
chr16	70793000	70793999	10
chr16	70794000	70794999	13
chr16	70795000	70795999	0
chr16	70796000	70796999	1
chr16	70797000	70797999	4
chr16	70798000	70798999	0
chr16	70799000	70799999	12
chr16	70800000	70800999	0
chr16	70801000	70801999	6
chr16	70802000	70802999	0
chr16	70803000	70803999	21
chr16	70804000	70804999	4
chr16	70805000	70805999	8
chr16	70806000	70806999	0
chr16	70807000	70807999	0
chr16	70808000	70808999	14
chr16	70809000	70809999	5
chr16	70810000	70810999	0
chr16	70811000	70811999	3
chr16	70812000	70812999	8
chr16	70813000	70813999	0
chr16	70814000	70814999	29
chr16	70815000	70815999	16
chr16	70816000	70816999	5
chr16	70817000	70817999	0
chr16	70818000	70818999	0
chr16	70819000	70819999	0
chr16	70820000	70820999	0
chr16	70821000	70821999	0
chr16	70822000	70822999	0
chr16	70823000	70823999	0
chr16	70824000	70824999	12
chr16	70825000	70825999	19
chr16	70826000	70826999	11
chr16	70827000	70827999	9
chr16	70828000	70828999	7
chr16	70829000	70829999	2
chr16	70830000	70830999	0
chr16	70831000	70831999	9
chr16	70832000	70832999	3
chr16	70833000	70833999	4
chr16	70834000	70834999	34
chr16	70835000	70835999	0
chr16	70836000	70836999	12
chr16	70837000	70837999	10
chr16	70838000	70838999	9
chr16	70839000	70839999	1
chr16	70840000	70840999	0
chr16	70841000	70841999	10
chr16	70842000	70842999	8
chr16	70843000	70843999	0
chr16	70844000	70844999	10
chr16	70845000	70845999	0
chr16	70846000	70846999	7
chr16	70847000	70847999	9
chr16	70848000	70848999	5
chr16	70849000	70849999	11
chr16	70850000	70850999	8
chr16	70851000	70851999	13
chr16	70852000	70852999	6
chr16	70853000	70853999	6
chr16	70854000	70854999	2
chr16	70855000	70855999	0
chr16	70856000	70856999	2
chr16	70857000	70857999	0
chr16	70858000	70858999	23
chr16	70859000	70859999	13
chr16	70860000	70860999	19
chr16	70861000	70861999	3
chr16	70862000	70862999	5
chr16	70863000	70863999	21
chr16	70864000	70864999	1
chr16	70865000	70865999	23
chr16	70866000	70866999	25
chr16	70867000	70867999	3
chr16	70868000	70868999	10
chr16	70869000	70869999	0
chr16	70870000	70870999	7
chr16	70871000	70871999	9
chr16	70872000	70872999	22
chr16	70873000	70873999	19
chr16	70874000	70874999	0
chr16	70875000	70875999	0
chr16	70876000	70876999	10
chr16	70877000	70877999	0
chr16	70878000	70878999	4
chr16	70879000	70879999	7
chr16	70880000	70880999	0
chr16	70881000	70881999	9
chr16	70882000	70882999	16
chr16	70883000	70883999	13
chr16	70884000	70884999	3
chr16	70885000	70885999	16
chr16	70886000	70886999	12
chr16	70887000	70887999	24
chr16	70888000	70888999	0
chr16	70889000	70889999	0
chr16	70890000	70890999	7
chr16	70891000	70891999	2
chr16	70892000	70892999	0
chr16	70893000	70893999	6
chr16	70894000	70894999	3
chr16	70895000	70895999	0
chr16	70896000	70896999	0
chr16	70897000	70897999	2
chr16	70898000	70898999	7
chr16	70899000	70899999	10
chr16	70900000	70900999	16
chr16	70901000	70901999	0
chr16	70902000	70902999	9
chr16	70903000	70903999	4
chr16	70904000	70904999	0
chr16	70905000	70905999	15
chr16	70906000	70906999	16
chr16	70907000	70907999	14
chr16	70908000	70908999	4
chr16	70909000	70909999	11
chr16	70910000	70910999	0
chr16	70911000	70911999	23
chr16	70912000	70912999	0
chr16	70913000	70913999	3
chr16	70914000	70914999	0
chr16	70915000	70915999	0
chr16	70916000	70916999	0
chr16	70917000	70917999	2
chr16	70918000	70918999	11
chr16	70919000	70919999	19
chr16	70920000	70920999	0
chr16	70921000	70921999	6
chr16	70922000	70922999	18
chr16	70923000	70923999	9
chr16	70924000	70924999	0
chr16	70925000	70925999	6
chr16	70926000	70926999	3
chr16	70927000	70927999	0
chr16	70928000	70928999	3
chr16	70929000	70929999	0
chr16	70930000	70930999	9
chr16	70931000	70931999	19
chr16	70932000	70932999	11
chr16	70933000	70933999	16
chr16	70934000	70934999	21
chr16	70935000	70935999	18
chr16	70936000	70936999	14
chr16	70937000	70937999	4
chr16	70938000	70938999	22
chr16	70939000	70939999	0
chr16	70940000	70940999	5
chr16	70941000	70941999	0
chr16	70942000	70942999	0
chr16	70943000	70943999	0
chr16	70944000	70944999	0
chr16	70945000	70945999	0
chr16	70946000	70946999	0
chr16	70947000	70947999	0
chr16	70948000	70948999	22
chr16	70949000	70949999	0
chr16	70950000	70950999	15
chr16	70951000	70951999	17
chr16	70952000	70952999	7
chr16	70953000	70953999	15
chr16	70954000	70954999	12
chr16	70955000	70955999	10
chr16	70956000	70956999	2
chr16	70957000	70957999	0
chr16	70958000	70958999	0
chr16	70959000	70959999	7
chr16	70960000	70960999	0
chr16	70961000	70961999	18
chr16	70962000	70962999	25
chr16	70963000	70963999	20
chr16	70964000	70964999	12
chr16	70965000	70965999	1
chr16	70966000	70966999	16
chr16	70967000	70967999	10
chr16	70968000	70968999	0
chr16	70969000	70969999	3
chr16	70970000	70970999	0
chr16	70971000	70971999	37
chr16	70972000	70972999	19
chr16	70973000	70973999	3
chr16	70974000	70974999	0
chr16	70975000	70975999	1
chr16	70976000	70976999	14
chr16	70977000	70977999	0
chr16	70978000	70978999	0
chr16	70979000	70979999	0
chr16	70980000	70980999	0
chr16	70981000	70981999	0
chr16	70982000	70982999	0
chr16	70983000	70983999	0
chr16	70984000	70984999	26
chr16	70985000	70985999	15
chr16	70986000	70986999	0
chr16	70987000	70987999	13
chr16	70988000	70988999	0
chr16	70989000	70989999	5
chr16	70990000	70990999	0
chr16	70991000	70991999	9
chr16	70992000	70992999	16
chr16	70993000	70993999	14
chr16	70994000	70994999	9
chr16	70995000	70995999	0
chr16	70996000	70996999	32
chr16	70997000	70997999	4
chr16	70998000	70998999	2
chr16	70999000	70999999	1
chr16	71000000	71000999	0
chr16	71001000	71001999	0
chr16	71002000	71002999	2
chr16	71003000	71003999	12
chr16	71004000	71004999	15
chr16	71005000	71005999	11
chr16	71006000	71006999	6
chr16	71007000	71007999	4
chr16	71008000	71008999	1
chr16	71009000	71009999	27
chr16	71010000	71010999	5
chr16	71011000	71011999	1
chr16	71012000	71012999	2
chr16	71013000	71013999	8
chr16	71014000	71014999	5
chr16	71015000	71015999	0
chr16	71016000	71016999	5
chr16	71017000	71017999	11
chr16	71018000	71018999	2
chr16	71019000	71019999	13
chr16	71020000	71020999	13
chr16	71021000	71021999	21
chr16	71022000	71022999	19
chr16	71023000	71023999	10
chr16	71024000	71024999	9
chr16	71025000	71025999	10
chr16	71026000	71026999	0
chr16	71027000	71027999	4
chr16	71028000	71028999	0
chr16	71029000	71029999	15
chr16	71030000	71030999	13
chr16	71031000	71031999	20
chr16	71032000	71032999	12
chr16	71033000	71033999	3
chr16	71034000	71034999	10
chr16	71035000	71035999	5
chr16	71036000	71036999	0
chr16	71037000	71037999	0
chr16	71038000	71038999	13
chr16	71039000	71039999	0
chr16	71040000	71040999	0
chr16	71041000	71041999	14
chr16	71042000	71042999	9
chr16	71043000	71043999	0
chr16	71044000	71044999	14
chr16	71045000	71045999	0
chr16	71046000	71046999	13
chr16	71047000	71047999	0
chr16	71048000	71048999	7
chr16	71049000	71049999	1
chr16	71050000	71050999	0
chr16	71051000	71051999	21
chr16	71052000	71052999	16
chr16	71053000	71053999	10
chr16	71054000	71054999	0
chr16	71055000	71055999	0
chr16	71056000	71056999	6
chr16	71057000	71057999	4
chr16	71058000	71058999	18
chr16	71059000	71059999	6
chr16	71060000	71060999	15
chr16	71061000	71061999	16
chr16	71062000	71062999	8
chr16	71063000	71063999	5
chr16	71064000	71064999	0
chr16	71065000	71065999	4
chr16	71066000	71066999	0
chr16	71067000	71067999	17
chr16	71068000	71068999	4
chr16	71069000	71069999	6
chr16	71070000	71070999	20
chr16	71071000	71071999	1
chr16	71072000	71072999	8
chr16	71073000	71073999	0
chr16	71074000	71074999	9
chr16	71075000	71075999	37
chr16	71076000	71076999	13
chr16	71077000	71077999	10
chr16	71078000	71078999	13
chr16	71079000	71079999	3
chr16	71080000	71080999	11
chr16	71081000	71081999	8
chr16	71082000	71082999	14
chr16	71083000	71083999	10
chr16	71084000	71084999	13
chr16	71085000	71085999	11
chr16	71086000	71086999	5
chr16	71087000	71087999	13
chr16	71088000	71088999	12
chr16	71089000	71089999	14
chr16	71090000	71090999	22
chr16	71091000	71091999	0
chr16	71092000	71092999	18
chr16	71093000	71093999	5
chr16	71094000	71094999	12
chr16	71095000	71095999	0
chr16	71096000	71096999	6
chr16	71097000	71097999	12
chr16	71098000	71098999	27
chr16	71099000	71099999	3
chr16	71100000	71100999	23
chr16	71101000	71101999	0
chr16	71102000	71102999	9
chr16	71103000	71103999	14
chr16	71104000	71104999	8
chr16	71105000	71105999	0
chr16	71106000	71106999	27
chr16	71107000	71107999	10
chr16	71108000	71108999	1
chr16	71109000	71109999	4
chr16	71110000	71110999	19
chr16	71111000	71111999	15
chr16	71112000	71112999	0
chr16	71113000	71113999	3
chr16	71114000	71114999	48
chr16	71115000	71115999	11
chr16	71116000	71116999	0
chr16	71117000	71117999	9
chr16	71118000	71118999	3
chr16	71119000	71119999	16
chr16	71120000	71120999	0
chr16	71121000	71121999	0
chr16	71122000	71122999	1
chr16	71123000	71123999	0
chr16	71124000	71124999	0
chr16	71125000	71125999	0
chr16	71126000	71126999	8
chr16	71127000	71127999	0
chr16	71128000	71128999	9
chr16	71129000	71129999	9
chr16	71130000	71130999	0
chr16	71131000	71131999	5
chr16	71132000	71132999	2
chr16	71133000	71133999	0
chr16	71134000	71134999	0
chr16	71135000	71135999	6
chr16	71136000	71136999	0
chr16	71137000	71137999	0
chr16	71138000	71138999	0
chr16	71139000	71139999	0
chr16	71140000	71140999	6
chr16	71141000	71141999	21
chr16	71142000	71142999	0
chr16	71143000	71143999	2
chr16	71144000	71144999	10
chr16	71145000	71145999	4
chr16	71146000	71146999	15
chr16	71147000	71147999	11
chr16	71148000	71148999	0
chr16	71149000	71149999	0
chr16	71150000	71150999	0
chr16	71151000	71151999	0
chr16	71152000	71152999	0
chr16	71153000	71153999	0
chr16	71154000	71154999	0
chr16	71155000	71155999	4
chr16	71156000	71156999	0
chr16	71157000	71157999	0
chr16	71158000	71158999	19
chr16	71159000	71159999	3
chr16	71160000	71160999	0
chr16	71161000	71161999	1
chr16	71162000	71162999	0
chr16	71163000	71163999	2
chr16	71164000	71164999	18
chr16	71165000	71165999	0
chr16	71166000	71166999	15
chr16	71167000	71167999	4
chr16	71168000	71168999	0
chr16	71169000	71169999	5
chr16	71170000	71170999	8
chr16	71171000	71171999	0
chr16	71172000	71172999	0
chr16	71173000	71173999	0
chr16	71174000	71174999	0
chr16	71175000	71175999	9
chr16	71176000	71176999	0
chr16	71177000	71177999	18
chr16	71178000	71178999	1
chr16	71179000	71179999	0
chr16	71180000	71180999	0
chr16	71181000	71181999	0
chr16	71182000	71182999	0
chr16	71183000	71183999	0
chr16	71184000	71184999	0
chr16	71185000	71185999	8
chr16	71186000	71186999	0
chr16	71187000	71187999	0
chr16	71188000	71188999	17
chr16	71189000	71189999	0
chr16	71190000	71190999	9
chr16	71191000	71191999	11
chr16	71192000	71192999	25
chr16	71193000	71193999	7
chr16	71194000	71194999	13
chr16	71195000	71195999	8
chr16	71196000	71196999	1
chr16	71197000	71197999	5
chr16	71198000	71198999	0
chr16	71199000	71199999	6
chr16	71200000	71200999	5
chr16	71201000	71201999	0
chr16	71202000	71202999	4
chr16	71203000	71203999	3
chr16	71204000	71204999	0
chr16	71205000	71205999	9
chr16	71206000	71206999	0
chr16	71207000	71207999	10
chr16	71208000	71208999	13
chr16	71209000	71209999	8
chr16	71210000	71210999	0
chr16	71211000	71211999	9
chr16	71212000	71212999	6
chr16	71213000	71213999	12
chr16	71214000	71214999	0
chr16	71215000	71215999	9
chr16	71216000	71216999	8
chr16	71217000	71217999	6
chr16	71218000	71218999	10
chr16	71219000	71219999	1
chr16	71220000	71220999	11
chr16	71221000	71221999	1
chr16	71222000	71222999	0
chr16	71223000	71223999	2
chr16	71224000	71224999	13
chr16	71225000	71225999	8
chr16	71226000	71226999	1
chr16	71227000	71227999	0
chr16	71228000	71228999	31
chr16	71229000	71229999	9
chr16	71230000	71230999	16
chr16	71231000	71231999	0
chr16	71232000	71232999	38
chr16	71233000	71233999	25
chr16	71234000	71234999	16
chr16	71235000	71235999	0
chr16	71236000	71236999	12
chr16	71237000	71237999	8
chr16	71238000	71238999	0
chr16	71239000	71239999	6
chr16	71240000	71240999	0
chr16	71241000	71241999	12
chr16	71242000	71242999	17
chr16	71243000	71243999	24
chr16	71244000	71244999	2
chr16	71245000	71245999	21
chr16	71246000	71246999	20
chr16	71247000	71247999	0
chr16	71248000	71248999	13
chr16	71249000	71249999	19
chr16	71250000	71250999	5
chr16	71251000	71251999	16
chr16	71252000	71252999	0
chr16	71253000	71253999	14
chr16	71254000	71254999	11
chr16	71255000	71255999	17
chr16	71256000	71256999	11
chr16	71257000	71257999	9
chr16	71258000	71258999	0
chr16	71259000	71259999	15
chr16	71260000	71260999	7
chr16	71261000	71261999	6
chr16	71262000	71262999	0
chr16	71263000	71263999	9
chr16	71264000	71264999	11
chr16	71265000	71265999	6
chr16	71266000	71266999	20
chr16	71267000	71267999	21
chr16	71268000	71268999	9
chr16	71269000	71269999	0
chr16	71270000	71270999	22
chr16	71271000	71271999	13
chr16	71272000	71272999	0
chr16	71273000	71273999	25
chr16	71274000	71274999	9
chr16	71275000	71275999	0
chr16	71276000	71276999	4
chr16	71277000	71277999	0
chr16	71278000	71278999	0
chr16	71279000	71279999	0
chr16	71280000	71280999	0
chr16	71281000	71281999	0
chr16	71282000	71282999	0
chr16	71283000	71283999	5
chr16	71284000	71284999	0
chr16	71285000	71285999	0
chr16	71286000	71286999	0
chr16	71287000	71287999	0
chr16	71288000	71288999	10
chr16	71289000	71289999	7
chr16	71290000	71290999	12
chr16	71291000	71291999	19
chr16	71292000	71292999	4
chr16	71293000	71293999	10
chr16	71294000	71294999	0
chr16	71295000	71295999	4
chr16	71296000	71296999	2
chr16	71297000	71297999	11
chr16	71298000	71298999	0
chr16	71299000	71299999	0
chr16	71300000	71300999	2
chr16	71301000	71301999	14
chr16	71302000	71302999	0
chr16	71303000	71303999	24
chr16	71304000	71304999	7
chr16	71305000	71305999	0
chr16	71306000	71306999	16
chr16	71307000	71307999	6
chr16	71308000	71308999	0
chr16	71309000	71309999	0
chr16	71310000	71310999	6
chr16	71311000	71311999	11
chr16	71312000	71312999	0
chr16	71313000	71313999	7
chr16	71314000	71314999	40
chr16	71315000	71315999	5
chr16	71316000	71316999	14
chr16	71317000	71317999	0
chr16	71318000	71318999	6
chr16	71319000	71319999	4
chr16	71320000	71320999	0
chr16	71321000	71321999	17
chr16	71322000	71322999	2
chr16	71323000	71323999	18
chr16	71324000	71324999	14
chr16	71325000	71325999	1
chr16	71326000	71326999	0
chr16	71327000	71327999	26
chr16	71328000	71328999	0
chr16	71329000	71329999	14
chr16	71330000	71330999	0
chr16	71331000	71331999	10
chr16	71332000	71332999	32
chr16	71333000	71333999	11
chr16	71334000	71334999	9
chr16	71335000	71335999	6
chr16	71336000	71336999	0
chr16	71337000	71337999	4
chr16	71338000	71338999	7
chr16	71339000	71339999	0
chr16	71340000	71340999	7
chr16	71341000	71341999	11
chr16	71342000	71342999	4
chr16	71343000	71343999	11
chr16	71344000	71344999	13
chr16	71345000	71345999	11
chr16	71346000	71346999	22
chr16	71347000	71347999	14
chr16	71348000	71348999	4
chr16	71349000	71349999	4
chr16	71350000	71350999	0
chr16	71351000	71351999	29
chr16	71352000	71352999	16
chr16	71353000	71353999	0
chr16	71354000	71354999	12
chr16	71355000	71355999	8
chr16	71356000	71356999	1
chr16	71357000	71357999	6
chr16	71358000	71358999	0
chr16	71359000	71359999	0
chr16	71360000	71360999	7
chr16	71361000	71361999	3
chr16	71362000	71362999	8
chr16	71363000	71363999	4
chr16	71364000	71364999	6
chr16	71365000	71365999	16
chr16	71366000	71366999	2
chr16	71367000	71367999	16
chr16	71368000	71368999	17
chr16	71369000	71369999	22
chr16	71370000	71370999	44
chr16	71371000	71371999	7
chr16	71372000	71372999	0
chr16	71373000	71373999	0
chr16	71374000	71374999	5
chr16	71375000	71375999	19
chr16	71376000	71376999	0
chr16	71377000	71377999	15
chr16	71378000	71378999	4
chr16	71379000	71379999	0
chr16	71380000	71380999	9
chr16	71381000	71381999	7
chr16	71382000	71382999	0
chr16	71383000	71383999	0
chr16	71384000	71384999	10
chr16	71385000	71385999	6
chr16	71386000	71386999	0
chr16	71387000	71387999	12
chr16	71388000	71388999	3
chr16	71389000	71389999	0
chr16	71390000	71390999	0
chr16	71391000	71391999	10
chr16	71392000	71392999	7
chr16	71393000	71393999	0
chr16	71394000	71394999	0
chr16	71395000	71395999	0
chr16	71396000	71396999	0
chr16	71397000	71397999	0
chr16	71398000	71398999	0
chr16	71399000	71399999	0
chr16	71400000	71400999	0
chr16	71401000	71401999	0
chr16	71402000	71402999	6
chr16	71403000	71403999	3
chr16	71404000	71404999	4
chr16	71405000	71405999	14
chr16	71406000	71406999	2
chr16	71407000	71407999	0
chr16	71408000	71408999	6
chr16	71409000	71409999	22
chr16	71410000	71410999	9
chr16	71411000	71411999	0
chr16	71412000	71412999	0
chr16	71413000	71413999	0
chr16	71414000	71414999	0
chr16	71415000	71415999	0
chr16	71416000	71416999	0
chr16	71417000	71417999	13
chr16	71418000	71418999	11
chr16	71419000	71419999	12
chr16	71420000	71420999	4
chr16	71421000	71421999	5
chr16	71422000	71422999	3
chr16	71423000	71423999	4
chr16	71424000	71424999	17
chr16	71425000	71425999	3
chr16	71426000	71426999	0
chr16	71427000	71427999	18
chr16	71428000	71428999	8
chr16	71429000	71429999	3
chr16	71430000	71430999	12
chr16	71431000	71431999	9
chr16	71432000	71432999	23
chr16	71433000	71433999	0
chr16	71434000	71434999	0
chr16	71435000	71435999	9
chr16	71436000	71436999	3
chr16	71437000	71437999	0
chr16	71438000	71438999	19
chr16	71439000	71439999	11
chr16	71440000	71440999	6
chr16	71441000	71441999	0
chr16	71442000	71442999	0
chr16	71443000	71443999	0
chr16	71444000	71444999	12
chr16	71445000	71445999	9
chr16	71446000	71446999	18
chr16	71447000	71447999	14
chr16	71448000	71448999	0
chr16	71449000	71449999	7
chr16	71450000	71450999	36
chr16	71451000	71451999	7
chr16	71452000	71452999	8
chr16	71453000	71453999	11
chr16	71454000	71454999	8
chr16	71455000	71455999	0
chr16	71456000	71456999	5
chr16	71457000	71457999	3
chr16	71458000	71458999	7
chr16	71459000	71459999	0
chr16	71460000	71460999	3
chr16	71461000	71461999	0
chr16	71462000	71462999	0
chr16	71463000	71463999	10
chr16	71464000	71464999	8
chr16	71465000	71465999	16
chr16	71466000	71466999	8
chr16	71467000	71467999	6
chr16	71468000	71468999	9
chr16	71469000	71469999	16
chr16	71470000	71470999	3
chr16	71471000	71471999	0
chr16	71472000	71472999	0
chr16	71473000	71473999	0
chr16	71474000	71474999	0
chr16	71475000	71475999	0
chr16	71476000	71476999	12
chr16	71477000	71477999	0
chr16	71478000	71478999	0
chr16	71479000	71479999	0
chr16	71480000	71480999	0
chr16	71481000	71481999	3
chr16	71482000	71482999	0
chr16	71483000	71483999	0
chr16	71484000	71484999	0
chr16	71485000	71485999	0
chr16	71486000	71486999	0
chr16	71487000	71487999	0
chr16	71488000	71488999	14
chr16	71489000	71489999	0
chr16	71490000	71490999	14
chr16	71491000	71491999	15
chr16	71492000	71492999	11
chr16	71493000	71493999	0
chr16	71494000	71494999	0
chr16	71495000	71495999	1
chr16	71496000	71496999	5
chr16	71497000	71497999	6
chr16	71498000	71498999	4
chr16	71499000	71499999	6
chr16	71500000	71500999	12
chr16	71501000	71501999	0
chr16	71502000	71502999	3
chr16	71503000	71503999	0
chr16	71504000	71504999	0
chr16	71505000	71505999	17
chr16	71506000	71506999	0
chr16	71507000	71507999	6
chr16	71508000	71508999	10
chr16	71509000	71509999	5
chr16	71510000	71510999	30
chr16	71511000	71511999	17
chr16	71512000	71512999	7
chr16	71513000	71513999	0
chr16	71514000	71514999	14
chr16	71515000	71515999	0
chr16	71516000	71516999	9
chr16	71517000	71517999	4
chr16	71518000	71518999	32
chr16	71519000	71519999	1
chr16	71520000	71520999	14
chr16	71521000	71521999	24
chr16	71522000	71522999	12
chr16	71523000	71523999	23
chr16	71524000	71524999	4
chr16	71525000	71525999	7
chr16	71526000	71526999	0
chr16	71527000	71527999	14
chr16	71528000	71528999	20
chr16	71529000	71529999	8
chr16	71530000	71530999	11
chr16	71531000	71531999	8
chr16	71532000	71532999	28
chr16	71533000	71533999	4
chr16	71534000	71534999	22
chr16	71535000	71535999	17
chr16	71536000	71536999	10
chr16	71537000	71537999	9
chr16	71538000	71538999	19
chr16	71539000	71539999	0
chr16	71540000	71540999	2
chr16	71541000	71541999	2
chr16	71542000	71542999	5
chr16	71543000	71543999	9
chr16	71544000	71544999	18
chr16	71545000	71545999	6
chr16	71546000	71546999	1
chr16	71547000	71547999	0
chr16	71548000	71548999	12
chr16	71549000	71549999	17
chr16	71550000	71550999	1
chr16	71551000	71551999	0
chr16	71552000	71552999	0
chr16	71553000	71553999	8
chr16	71554000	71554999	0
chr16	71555000	71555999	0
chr16	71556000	71556999	0
chr16	71557000	71557999	11
chr16	71558000	71558999	16
chr16	71559000	71559999	24
chr16	71560000	71560999	0
chr16	71561000	71561999	9
chr16	71562000	71562999	13
chr16	71563000	71563999	8
chr16	71564000	71564999	11
chr16	71565000	71565999	9
chr16	71566000	71566999	0
chr16	71567000	71567999	12
chr16	71568000	71568999	15
chr16	71569000	71569999	1
chr16	71570000	71570999	0
chr16	71571000	71571999	14
chr16	71572000	71572999	17
chr16	71573000	71573999	11
chr16	71574000	71574999	7
chr16	71575000	71575999	17
chr16	71576000	71576999	0
chr16	71577000	71577999	2
chr16	71578000	71578999	14
chr16	71579000	71579999	0
chr16	71580000	71580999	2
chr16	71581000	71581999	28
chr16	71582000	71582999	9
chr16	71583000	71583999	0
chr16	71584000	71584999	4
chr16	71585000	71585999	0
chr16	71586000	71586999	13
chr16	71587000	71587999	16
chr16	71588000	71588999	6
chr16	71589000	71589999	14
chr16	71590000	71590999	8
chr16	71591000	71591999	3
chr16	71592000	71592999	23
chr16	71593000	71593999	0
chr16	71594000	71594999	0
chr16	71595000	71595999	13
chr16	71596000	71596999	20
chr16	71597000	71597999	0
chr16	71598000	71598999	6
chr16	71599000	71599999	0
chr16	71600000	71600999	1
chr16	71601000	71601999	5
chr16	71602000	71602999	8
chr16	71603000	71603999	5
chr16	71604000	71604999	0
chr16	71605000	71605999	16
chr16	71606000	71606999	12
chr16	71607000	71607999	7
chr16	71608000	71608999	17
chr16	71609000	71609999	8
chr16	71610000	71610999	13
chr16	71611000	71611999	8
chr16	71612000	71612999	15
chr16	71613000	71613999	0
chr16	71614000	71614999	5
chr16	71615000	71615999	15
chr16	71616000	71616999	4
chr16	71617000	71617999	3
chr16	71618000	71618999	2
chr16	71619000	71619999	4
chr16	71620000	71620999	11
chr16	71621000	71621999	6
chr16	71622000	71622999	0
chr16	71623000	71623999	30
chr16	71624000	71624999	11
chr16	71625000	71625999	4
chr16	71626000	71626999	26
chr16	71627000	71627999	18
chr16	71628000	71628999	1
chr16	71629000	71629999	5
chr16	71630000	71630999	4
chr16	71631000	71631999	4
chr16	71632000	71632999	36
chr16	71633000	71633999	8
chr16	71634000	71634999	9
chr16	71635000	71635999	0
chr16	71636000	71636999	11
chr16	71637000	71637999	9
chr16	71638000	71638999	13
chr16	71639000	71639999	13
chr16	71640000	71640999	0
chr16	71641000	71641999	1
chr16	71642000	71642999	23
chr16	71643000	71643999	0
chr16	71644000	71644999	7
chr16	71645000	71645999	9
chr16	71646000	71646999	0
chr16	71647000	71647999	9
chr16	71648000	71648999	7
chr16	71649000	71649999	15
chr16	71650000	71650999	5
chr16	71651000	71651999	10
chr16	71652000	71652999	0
chr16	71653000	71653999	8
chr16	71654000	71654999	10
chr16	71655000	71655999	1
chr16	71656000	71656999	6
chr16	71657000	71657999	14
chr16	71658000	71658999	7
chr16	71659000	71659999	7
chr16	71660000	71660999	16
chr16	71661000	71661999	11
chr16	71662000	71662999	17
chr16	71663000	71663999	2
chr16	71664000	71664999	6
chr16	71665000	71665999	0
chr16	71666000	71666999	10
chr16	71667000	71667999	4
chr16	71668000	71668999	7
chr16	71669000	71669999	18
chr16	71670000	71670999	4
chr16	71671000	71671999	16
chr16	71672000	71672999	7
chr16	71673000	71673999	0
chr16	71674000	71674999	11
chr16	71675000	71675999	22
chr16	71676000	71676999	0
chr16	71677000	71677999	2
chr16	71678000	71678999	13
chr16	71679000	71679999	21
chr16	71680000	71680999	0
chr16	71681000	71681999	0
chr16	71682000	71682999	8
chr16	71683000	71683999	0
chr16	71684000	71684999	9
chr16	71685000	71685999	4
chr16	71686000	71686999	7
chr16	71687000	71687999	0
chr16	71688000	71688999	0
chr16	71689000	71689999	0
chr16	71690000	71690999	0
chr16	71691000	71691999	5
chr16	71692000	71692999	0
chr16	71693000	71693999	0
chr16	71694000	71694999	0
chr16	71695000	71695999	10
chr16	71696000	71696999	32
chr16	71697000	71697999	14
chr16	71698000	71698999	22
chr16	71699000	71699999	11
chr16	71700000	71700999	8
chr16	71701000	71701999	0
chr16	71702000	71702999	5
chr16	71703000	71703999	7
chr16	71704000	71704999	0
chr16	71705000	71705999	0
chr16	71706000	71706999	8
chr16	71707000	71707999	0
chr16	71708000	71708999	6
chr16	71709000	71709999	9
chr16	71710000	71710999	0
chr16	71711000	71711999	4
chr16	71712000	71712999	3
chr16	71713000	71713999	14
chr16	71714000	71714999	1
chr16	71715000	71715999	0
chr16	71716000	71716999	6
chr16	71717000	71717999	0
chr16	71718000	71718999	4
chr16	71719000	71719999	14
chr16	71720000	71720999	19
chr16	71721000	71721999	12
chr16	71722000	71722999	7
chr16	71723000	71723999	13
chr16	71724000	71724999	6
chr16	71725000	71725999	5
chr16	71726000	71726999	31
chr16	71727000	71727999	6
chr16	71728000	71728999	12
chr16	71729000	71729999	9
chr16	71730000	71730999	18
chr16	71731000	71731999	0
chr16	71732000	71732999	6
chr16	71733000	71733999	17
chr16	71734000	71734999	0
chr16	71735000	71735999	22
chr16	71736000	71736999	1
chr16	71737000	71737999	9
chr16	71738000	71738999	0
chr16	71739000	71739999	49
chr16	71740000	71740999	18
chr16	71741000	71741999	8
chr16	71742000	71742999	7
chr16	71743000	71743999	14
chr16	71744000	71744999	2
chr16	71745000	71745999	3
chr16	71746000	71746999	4
chr16	71747000	71747999	8
chr16	71748000	71748999	11
chr16	71749000	71749999	0
chr16	71750000	71750999	8
chr16	71751000	71751999	19
chr16	71752000	71752999	8
chr16	71753000	71753999	4
chr16	71754000	71754999	1
chr16	71755000	71755999	7
chr16	71756000	71756999	0
chr16	71757000	71757999	0
chr16	71758000	71758999	0
chr16	71759000	71759999	0
chr16	71760000	71760999	0
chr16	71761000	71761999	22
chr16	71762000	71762999	2
chr16	71763000	71763999	5
chr16	71764000	71764999	26
chr16	71765000	71765999	0
chr16	71766000	71766999	11
chr16	71767000	71767999	15
chr16	71768000	71768999	7
chr16	71769000	71769999	11
chr16	71770000	71770999	22
chr16	71771000	71771999	15
chr16	71772000	71772999	2
chr16	71773000	71773999	0
chr16	71774000	71774999	4
chr16	71775000	71775999	17
chr16	71776000	71776999	27
chr16	71777000	71777999	0
chr16	71778000	71778999	0
chr16	71779000	71779999	7
chr16	71780000	71780999	5
chr16	71781000	71781999	21
chr16	71782000	71782999	1
chr16	71783000	71783999	0
chr16	71784000	71784999	0
chr16	71785000	71785999	0
chr16	71786000	71786999	0
chr16	71787000	71787999	0
chr16	71788000	71788999	0
chr16	71789000	71789999	0
chr16	71790000	71790999	0
chr16	71791000	71791999	0
chr16	71792000	71792999	0
chr16	71793000	71793999	24
chr16	71794000	71794999	7
chr16	71795000	71795999	57
chr16	71796000	71796999	24
chr16	71797000	71797999	0
chr16	71798000	71798999	10
chr16	71799000	71799999	0
chr16	71800000	71800999	2
chr16	71801000	71801999	15
chr16	71802000	71802999	16
chr16	71803000	71803999	0
chr16	71804000	71804999	15
chr16	71805000	71805999	6
chr16	71806000	71806999	15
chr16	71807000	71807999	2
chr16	71808000	71808999	1
chr16	71809000	71809999	20
chr16	71810000	71810999	5
chr16	71811000	71811999	4
chr16	71812000	71812999	11
chr16	71813000	71813999	11
chr16	71814000	71814999	19
chr16	71815000	71815999	0
chr16	71816000	71816999	19
chr16	71817000	71817999	17
chr16	71818000	71818999	3
chr16	71819000	71819999	15
chr16	71820000	71820999	4
chr16	71821000	71821999	0
chr16	71822000	71822999	11
chr16	71823000	71823999	8
chr16	71824000	71824999	21
chr16	71825000	71825999	12
chr16	71826000	71826999	30
chr16	71827000	71827999	2
chr16	71828000	71828999	16
chr16	71829000	71829999	9
chr16	71830000	71830999	17
chr16	71831000	71831999	19
chr16	71832000	71832999	2
chr16	71833000	71833999	2
chr16	71834000	71834999	16
chr16	71835000	71835999	10
chr16	71836000	71836999	38
chr16	71837000	71837999	25
chr16	71838000	71838999	19
chr16	71839000	71839999	12
chr16	71840000	71840999	0
chr16	71841000	71841999	9
chr16	71842000	71842999	7
chr16	71843000	71843999	39
chr16	71844000	71844999	16
chr16	71845000	71845999	13
chr16	71846000	71846999	6
chr16	71847000	71847999	20
chr16	71848000	71848999	8
chr16	71849000	71849999	10
chr16	71850000	71850999	1
chr16	71851000	71851999	8
chr16	71852000	71852999	30
chr16	71853000	71853999	7
chr16	71854000	71854999	44
chr16	71855000	71855999	32
chr16	71856000	71856999	19
chr16	71857000	71857999	14
chr16	71858000	71858999	4
chr16	71859000	71859999	8
chr16	71860000	71860999	29
chr16	71861000	71861999	26
chr16	71862000	71862999	10
chr16	71863000	71863999	1
chr16	71864000	71864999	51
chr16	71865000	71865999	11
chr16	71866000	71866999	12
chr16	71867000	71867999	3
chr16	71868000	71868999	20
chr16	71869000	71869999	26
chr16	71870000	71870999	15
chr16	71871000	71871999	35
chr16	71872000	71872999	5
chr16	71873000	71873999	14
chr16	71874000	71874999	6
chr16	71875000	71875999	8
chr16	71876000	71876999	28
chr16	71877000	71877999	13
chr16	71878000	71878999	7
chr16	71879000	71879999	25
chr16	71880000	71880999	1
chr16	71881000	71881999	8
chr16	71882000	71882999	3
chr16	71883000	71883999	0
chr16	71884000	71884999	15
chr16	71885000	71885999	37
chr16	71886000	71886999	23
chr16	71887000	71887999	8
chr16	71888000	71888999	1
chr16	71889000	71889999	8
chr16	71890000	71890999	0
chr16	71891000	71891999	11
chr16	71892000	71892999	0
chr16	71893000	71893999	0
chr16	71894000	71894999	16
chr16	71895000	71895999	28
chr16	71896000	71896999	4
chr16	71897000	71897999	2
chr16	71898000	71898999	5
chr16	71899000	71899999	17
chr16	71900000	71900999	0
chr16	71901000	71901999	15
chr16	71902000	71902999	0
chr16	71903000	71903999	14
chr16	71904000	71904999	14
chr16	71905000	71905999	4
chr16	71906000	71906999	1
chr16	71907000	71907999	19
chr16	71908000	71908999	24
chr16	71909000	71909999	28
chr16	71910000	71910999	16
chr16	71911000	71911999	0
chr16	71912000	71912999	2
chr16	71913000	71913999	13
chr16	71914000	71914999	16
chr16	71915000	71915999	19
chr16	71916000	71916999	17
chr16	71917000	71917999	0
chr16	71918000	71918999	0
chr16	71919000	71919999	0
chr16	71920000	71920999	0
chr16	71921000	71921999	10
chr16	71922000	71922999	9
chr16	71923000	71923999	18
chr16	71924000	71924999	15
chr16	71925000	71925999	8
chr16	71926000	71926999	7
chr16	71927000	71927999	10
chr16	71928000	71928999	11
chr16	71929000	71929999	0
chr16	71930000	71930999	0
chr16	71931000	71931999	0
chr16	71932000	71932999	4
chr16	71933000	71933999	3
chr16	71934000	71934999	0
chr16	71935000	71935999	7
chr16	71936000	71936999	3
chr16	71937000	71937999	12
chr16	71938000	71938999	0
chr16	71939000	71939999	0
chr16	71940000	71940999	0
chr16	71941000	71941999	0
chr16	71942000	71942999	2
chr16	71943000	71943999	11
chr16	71944000	71944999	13
chr16	71945000	71945999	11
chr16	71946000	71946999	8
chr16	71947000	71947999	0
chr16	71948000	71948999	0
chr16	71949000	71949999	2
chr16	71950000	71950999	0
chr16	71951000	71951999	40
chr16	71952000	71952999	37
chr16	71953000	71953999	12
chr16	71954000	71954999	0
chr16	71955000	71955999	0
chr16	71956000	71956999	14
chr16	71957000	71957999	25
chr16	71958000	71958999	0
chr16	71959000	71959999	9
chr16	71960000	71960999	10
chr16	71961000	71961999	0
chr16	71962000	71962999	6
chr16	71963000	71963999	24
chr16	71964000	71964999	0
chr16	71965000	71965999	14
chr16	71966000	71966999	7
chr16	71967000	71967999	18
chr16	71968000	71968999	7
chr16	71969000	71969999	0
chr16	71970000	71970999	4
chr16	71971000	71971999	24
chr16	71972000	71972999	2
chr16	71973000	71973999	7
chr16	71974000	71974999	0
chr16	71975000	71975999	4
chr16	71976000	71976999	0
chr16	71977000	71977999	7
chr16	71978000	71978999	9
chr16	71979000	71979999	18
chr16	71980000	71980999	0
chr16	71981000	71981999	22
chr16	71982000	71982999	11
chr16	71983000	71983999	26
chr16	71984000	71984999	0
chr16	71985000	71985999	20
chr16	71986000	71986999	8
chr16	71987000	71987999	0
chr16	71988000	71988999	3
chr16	71989000	71989999	3
chr16	71990000	71990999	6
chr16	71991000	71991999	10
chr16	71992000	71992999	0
chr16	71993000	71993999	33
chr16	71994000	71994999	10
chr16	71995000	71995999	4
chr16	71996000	71996999	8
chr16	71997000	71997999	7
chr16	71998000	71998999	1
chr16	71999000	71999999	0
chr16	72000000	72000999	8
chr16	72001000	72001999	0
chr16	72002000	72002999	0
chr16	72003000	72003999	10
chr16	72004000	72004999	0
chr16	72005000	72005999	10
chr16	72006000	72006999	8
chr16	72007000	72007999	23
chr16	72008000	72008999	22
chr16	72009000	72009999	10
chr16	72010000	72010999	13
chr16	72011000	72011999	8
chr16	72012000	72012999	13
chr16	72013000	72013999	0
chr16	72014000	72014999	0
chr16	72015000	72015999	4
chr16	72016000	72016999	13
chr16	72017000	72017999	3
chr16	72018000	72018999	0
chr16	72019000	72019999	8
chr16	72020000	72020999	0
chr16	72021000	72021999	0
chr16	72022000	72022999	0
chr16	72023000	72023999	0
chr16	72024000	72024999	5
chr16	72025000	72025999	7
chr16	72026000	72026999	0
chr16	72027000	72027999	5
chr16	72028000	72028999	11
chr16	72029000	72029999	4
chr16	72030000	72030999	1
chr16	72031000	72031999	0
chr16	72032000	72032999	2
chr16	72033000	72033999	0
chr16	72034000	72034999	11
chr16	72035000	72035999	8
chr16	72036000	72036999	0
chr16	72037000	72037999	2
chr16	72038000	72038999	18
chr16	72039000	72039999	1
chr16	72040000	72040999	7
chr16	72041000	72041999	13
chr16	72042000	72042999	4
chr16	72043000	72043999	0
chr16	72044000	72044999	9
chr16	72045000	72045999	7
chr16	72046000	72046999	0
chr16	72047000	72047999	24
chr16	72048000	72048999	8
chr16	72049000	72049999	4
chr16	72050000	72050999	9
chr16	72051000	72051999	0
chr16	72052000	72052999	5
chr16	72053000	72053999	1
chr16	72054000	72054999	23
chr16	72055000	72055999	5
chr16	72056000	72056999	0
chr16	72057000	72057999	0
chr16	72058000	72058999	4
chr16	72059000	72059999	0
chr16	72060000	72060999	0
chr16	72061000	72061999	0
chr16	72062000	72062999	20
chr16	72063000	72063999	0
chr16	72064000	72064999	19
chr16	72065000	72065999	0
chr16	72066000	72066999	11
chr16	72067000	72067999	10
chr16	72068000	72068999	11
chr16	72069000	72069999	12
chr16	72070000	72070999	0
chr16	72071000	72071999	1
chr16	72072000	72072999	0
chr16	72073000	72073999	0
chr16	72074000	72074999	0
chr16	72075000	72075999	10
chr16	72076000	72076999	16
chr16	72077000	72077999	29
chr16	72078000	72078999	0
chr16	72079000	72079999	8
chr16	72080000	72080999	3
chr16	72081000	72081999	0
chr16	72082000	72082999	0
chr16	72083000	72083999	1
chr16	72084000	72084999	8
chr16	72085000	72085999	11
chr16	72086000	72086999	24
chr16	72087000	72087999	7
chr16	72088000	72088999	19
chr16	72089000	72089999	15
chr16	72090000	72090999	9
chr16	72091000	72091999	7
chr16	72092000	72092999	3
chr16	72093000	72093999	0
chr16	72094000	72094999	0
chr16	72095000	72095999	0
chr16	72096000	72096999	0
chr16	72097000	72097999	26
chr16	72098000	72098999	0
chr16	72099000	72099999	24
chr16	72100000	72100999	46
chr16	72101000	72101999	10
chr16	72102000	72102999	13
chr16	72103000	72103999	10
chr16	72104000	72104999	11
chr16	72105000	72105999	0
chr16	72106000	72106999	0
chr16	72107000	72107999	1
chr16	72108000	72108999	12
chr16	72109000	72109999	4
chr16	72110000	72110999	3
chr16	72111000	72111999	22
chr16	72112000	72112999	5
chr16	72113000	72113999	17
chr16	72114000	72114999	34
chr16	72115000	72115999	23
chr16	72116000	72116999	2
chr16	72117000	72117999	3
chr16	72118000	72118999	6
chr16	72119000	72119999	15
chr16	72120000	72120999	1
chr16	72121000	72121999	4
chr16	72122000	72122999	13
chr16	72123000	72123999	17
chr16	72124000	72124999	0
chr16	72125000	72125999	0
chr16	72126000	72126999	5
chr16	72127000	72127999	10
chr16	72128000	72128999	9
chr16	72129000	72129999	0
chr16	72130000	72130999	4
chr16	72131000	72131999	18
chr16	72132000	72132999	7
chr16	72133000	72133999	0
chr16	72134000	72134999	6
chr16	72135000	72135999	19
chr16	72136000	72136999	2
chr16	72137000	72137999	0
chr16	72138000	72138999	24
chr16	72139000	72139999	0
chr16	72140000	72140999	8
chr16	72141000	72141999	15
chr16	72142000	72142999	8
chr16	72143000	72143999	7
chr16	72144000	72144999	0
chr16	72145000	72145999	16
chr16	72146000	72146999	5
chr16	72147000	72147999	19
chr16	72148000	72148999	32
chr16	72149000	72149999	0
chr16	72150000	72150999	0
chr16	72151000	72151999	0
chr16	72152000	72152999	33
chr16	72153000	72153999	0
chr16	72154000	72154999	16
chr16	72155000	72155999	14
chr16	72156000	72156999	2
chr16	72157000	72157999	4
chr16	72158000	72158999	21
chr16	72159000	72159999	12
chr16	72160000	72160999	2
chr16	72161000	72161999	6
chr16	72162000	72162999	6
chr16	72163000	72163999	0
chr16	72164000	72164999	0
chr16	72165000	72165999	4
chr16	72166000	72166999	6
chr16	72167000	72167999	12
chr16	72168000	72168999	8
chr16	72169000	72169999	11
chr16	72170000	72170999	0
chr16	72171000	72171999	13
chr16	72172000	72172999	0
chr16	72173000	72173999	10
chr16	72174000	72174999	0
chr16	72175000	72175999	14
chr16	72176000	72176999	3
chr16	72177000	72177999	14
chr16	72178000	72178999	14
chr16	72179000	72179999	8
chr16	72180000	72180999	0
chr16	72181000	72181999	3
chr16	72182000	72182999	30
chr16	72183000	72183999	7
chr16	72184000	72184999	1
chr16	72185000	72185999	3
chr16	72186000	72186999	22
chr16	72187000	72187999	10
chr16	72188000	72188999	13
chr16	72189000	72189999	8
chr16	72190000	72190999	23
chr16	72191000	72191999	4
chr16	72192000	72192999	10
chr16	72193000	72193999	5
chr16	72194000	72194999	3
chr16	72195000	72195999	8
chr16	72196000	72196999	3
chr16	72197000	72197999	5
chr16	72198000	72198999	0
chr16	72199000	72199999	0
chr16	72200000	72200999	0
chr16	72201000	72201999	6
chr16	72202000	72202999	7
chr16	72203000	72203999	2
chr16	72204000	72204999	1
chr16	72205000	72205999	19
chr16	72206000	72206999	2
chr16	72207000	72207999	0
chr16	72208000	72208999	0
chr16	72209000	72209999	0
chr16	72210000	72210999	9
chr16	72211000	72211999	5
chr16	72212000	72212999	36
chr16	72213000	72213999	13
chr16	72214000	72214999	0
chr16	72215000	72215999	13
chr16	72216000	72216999	16
chr16	72217000	72217999	1
chr16	72218000	72218999	0
chr16	72219000	72219999	11
chr16	72220000	72220999	5
chr16	72221000	72221999	8
chr16	72222000	72222999	0
chr16	72223000	72223999	20
chr16	72224000	72224999	27
chr16	72225000	72225999	2
chr16	72226000	72226999	19
chr16	72227000	72227999	0
chr16	72228000	72228999	1
chr16	72229000	72229999	4
chr16	72230000	72230999	14
chr16	72231000	72231999	0
chr16	72232000	72232999	9
chr16	72233000	72233999	17
chr16	72234000	72234999	10
chr16	72235000	72235999	10
chr16	72236000	72236999	0
chr16	72237000	72237999	0
chr16	72238000	72238999	24
chr16	72239000	72239999	19
chr16	72240000	72240999	12
chr16	72241000	72241999	2
chr16	72242000	72242999	33
chr16	72243000	72243999	5
chr16	72244000	72244999	7
chr16	72245000	72245999	4
chr16	72246000	72246999	11
chr16	72247000	72247999	7
chr16	72248000	72248999	0
chr16	72249000	72249999	15
chr16	72250000	72250999	9
chr16	72251000	72251999	0
chr16	72252000	72252999	0
chr16	72253000	72253999	13
chr16	72254000	72254999	8
chr16	72255000	72255999	5
chr16	72256000	72256999	15
chr16	72257000	72257999	12
chr16	72258000	72258999	15
chr16	72259000	72259999	10
chr16	72260000	72260999	11
chr16	72261000	72261999	3
chr16	72262000	72262999	2
chr16	72263000	72263999	0
chr16	72264000	72264999	18
chr16	72265000	72265999	17
chr16	72266000	72266999	4
chr16	72267000	72267999	0
chr16	72268000	72268999	2
chr16	72269000	72269999	7
chr16	72270000	72270999	0
chr16	72271000	72271999	5
chr16	72272000	72272999	36
chr16	72273000	72273999	0
chr16	72274000	72274999	6
chr16	72275000	72275999	19
chr16	72276000	72276999	0
chr16	72277000	72277999	4
chr16	72278000	72278999	0
chr16	72279000	72279999	15
chr16	72280000	72280999	27
chr16	72281000	72281999	26
chr16	72282000	72282999	16
chr16	72283000	72283999	5
chr16	72284000	72284999	18
chr16	72285000	72285999	4
chr16	72286000	72286999	0
chr16	72287000	72287999	19
chr16	72288000	72288999	9
chr16	72289000	72289999	5
chr16	72290000	72290999	0
chr16	72291000	72291999	35
chr16	72292000	72292999	4
chr16	72293000	72293999	14
chr16	72294000	72294999	10
chr16	72295000	72295999	13
chr16	72296000	72296999	13
chr16	72297000	72297999	1
chr16	72298000	72298999	7
chr16	72299000	72299999	21
chr16	72300000	72300999	1
chr16	72301000	72301999	3
chr16	72302000	72302999	25
chr16	72303000	72303999	7
chr16	72304000	72304999	6
chr16	72305000	72305999	0
chr16	72306000	72306999	6
chr16	72307000	72307999	5
chr16	72308000	72308999	19
chr16	72309000	72309999	4
chr16	72310000	72310999	7
chr16	72311000	72311999	8
chr16	72312000	72312999	4
chr16	72313000	72313999	7
chr16	72314000	72314999	11
chr16	72315000	72315999	5
chr16	72316000	72316999	0
chr16	72317000	72317999	19
chr16	72318000	72318999	3
chr16	72319000	72319999	8
chr16	72320000	72320999	10
chr16	72321000	72321999	4
chr16	72322000	72322999	7
chr16	72323000	72323999	25
chr16	72324000	72324999	0
chr16	72325000	72325999	26
chr16	72326000	72326999	4
chr16	72327000	72327999	3
chr16	72328000	72328999	6
chr16	72329000	72329999	17
chr16	72330000	72330999	17
chr16	72331000	72331999	8
chr16	72332000	72332999	0
chr16	72333000	72333999	29
chr16	72334000	72334999	13
chr16	72335000	72335999	18
chr16	72336000	72336999	11
chr16	72337000	72337999	6
chr16	72338000	72338999	3
chr16	72339000	72339999	11
chr16	72340000	72340999	5
chr16	72341000	72341999	14
chr16	72342000	72342999	0
chr16	72343000	72343999	7
chr16	72344000	72344999	41
chr16	72345000	72345999	0
chr16	72346000	72346999	0
chr16	72347000	72347999	8
chr16	72348000	72348999	30
chr16	72349000	72349999	7
chr16	72350000	72350999	18
chr16	72351000	72351999	16
chr16	72352000	72352999	0
chr16	72353000	72353999	40
chr16	72354000	72354999	21
chr16	72355000	72355999	27
chr16	72356000	72356999	16
chr16	72357000	72357999	9
chr16	72358000	72358999	2
chr16	72359000	72359999	27
chr16	72360000	72360999	13
chr16	72361000	72361999	23
chr16	72362000	72362999	18
chr16	72363000	72363999	20
chr16	72364000	72364999	5
chr16	72365000	72365999	5
chr16	72366000	72366999	5
chr16	72367000	72367999	0
chr16	72368000	72368999	0
chr16	72369000	72369999	0
chr16	72370000	72370999	3
chr16	72371000	72371999	27
chr16	72372000	72372999	7
chr16	72373000	72373999	12
chr16	72374000	72374999	9
chr16	72375000	72375999	4
chr16	72376000	72376999	13
chr16	72377000	72377999	0
chr16	72378000	72378999	0
chr16	72379000	72379999	2
chr16	72380000	72380999	2
chr16	72381000	72381999	20
chr16	72382000	72382999	12
chr16	72383000	72383999	22
chr16	72384000	72384999	0
chr16	72385000	72385999	31
chr16	72386000	72386999	0
chr16	72387000	72387999	3
chr16	72388000	72388999	0
chr16	72389000	72389999	3
chr16	72390000	72390999	23
chr16	72391000	72391999	13
chr16	72392000	72392999	7
chr16	72393000	72393999	8
chr16	72394000	72394999	4
chr16	72395000	72395999	9
chr16	72396000	72396999	10
chr16	72397000	72397999	8
chr16	72398000	72398999	28
chr16	72399000	72399999	5
chr16	72400000	72400999	0
chr16	72401000	72401999	11
chr16	72402000	72402999	0
chr16	72403000	72403999	6
chr16	72404000	72404999	7
chr16	72405000	72405999	4
chr16	72406000	72406999	0
chr16	72407000	72407999	0
chr16	72408000	72408999	25
chr16	72409000	72409999	8
chr16	72410000	72410999	6
chr16	72411000	72411999	0
chr16	72412000	72412999	3
chr16	72413000	72413999	12
chr16	72414000	72414999	15
chr16	72415000	72415999	4
chr16	72416000	72416999	0
chr16	72417000	72417999	19
chr16	72418000	72418999	7
chr16	72419000	72419999	23
chr16	72420000	72420999	0
chr16	72421000	72421999	0
chr16	72422000	72422999	8
chr16	72423000	72423999	7
chr16	72424000	72424999	4
chr16	72425000	72425999	3
chr16	72426000	72426999	0
chr16	72427000	72427999	1
chr16	72428000	72428999	25
chr16	72429000	72429999	4
chr16	72430000	72430999	14
chr16	72431000	72431999	15
chr16	72432000	72432999	3
chr16	72433000	72433999	30
chr16	72434000	72434999	4
chr16	72435000	72435999	4
chr16	72436000	72436999	29
chr16	72437000	72437999	19
chr16	72438000	72438999	13
chr16	72439000	72439999	7
chr16	72440000	72440999	30
chr16	72441000	72441999	8
chr16	72442000	72442999	0
chr16	72443000	72443999	0
chr16	72444000	72444999	6
chr16	72445000	72445999	9
chr16	72446000	72446999	2
chr16	72447000	72447999	15
chr16	72448000	72448999	3
chr16	72449000	72449999	0
chr16	72450000	72450999	5
chr16	72451000	72451999	5
chr16	72452000	72452999	10
chr16	72453000	72453999	8
chr16	72454000	72454999	6
chr16	72455000	72455999	6
chr16	72456000	72456999	4
chr16	72457000	72457999	2
chr16	72458000	72458999	12
chr16	72459000	72459999	6
chr16	72460000	72460999	11
chr16	72461000	72461999	2
chr16	72462000	72462999	10
chr16	72463000	72463999	11
chr16	72464000	72464999	6
chr16	72465000	72465999	13
chr16	72466000	72466999	9
chr16	72467000	72467999	8
chr16	72468000	72468999	7
chr16	72469000	72469999	1
chr16	72470000	72470999	7
chr16	72471000	72471999	0
chr16	72472000	72472999	2
chr16	72473000	72473999	4
chr16	72474000	72474999	3
chr16	72475000	72475999	4
chr16	72476000	72476999	4
chr16	72477000	72477999	8
chr16	72478000	72478999	5
chr16	72479000	72479999	0
chr16	72480000	72480999	3
chr16	72481000	72481999	21
chr16	72482000	72482999	0
chr16	72483000	72483999	4
chr16	72484000	72484999	0
chr16	72485000	72485999	5
chr16	72486000	72486999	4
chr16	72487000	72487999	2
chr16	72488000	72488999	3
chr16	72489000	72489999	14
chr16	72490000	72490999	0
chr16	72491000	72491999	0
chr16	72492000	72492999	2
chr16	72493000	72493999	8
chr16	72494000	72494999	0
chr16	72495000	72495999	13
chr16	72496000	72496999	0
chr16	72497000	72497999	12
chr16	72498000	72498999	0
chr16	72499000	72499999	25
chr16	72500000	72500999	26
chr16	72501000	72501999	9
chr16	72502000	72502999	3
chr16	72503000	72503999	19
chr16	72504000	72504999	17
chr16	72505000	72505999	7
chr16	72506000	72506999	6
chr16	72507000	72507999	0
chr16	72508000	72508999	0
chr16	72509000	72509999	27
chr16	72510000	72510999	0
chr16	72511000	72511999	1
chr16	72512000	72512999	4
chr16	72513000	72513999	5
chr16	72514000	72514999	7
chr16	72515000	72515999	1
chr16	72516000	72516999	0
chr16	72517000	72517999	12
chr16	72518000	72518999	22
chr16	72519000	72519999	10
chr16	72520000	72520999	31
chr16	72521000	72521999	29
chr16	72522000	72522999	22
chr16	72523000	72523999	9
chr16	72524000	72524999	0
chr16	72525000	72525999	15
chr16	72526000	72526999	0
chr16	72527000	72527999	4
chr16	72528000	72528999	5
chr16	72529000	72529999	20
chr16	72530000	72530999	7
chr16	72531000	72531999	11
chr16	72532000	72532999	3
chr16	72533000	72533999	2
chr16	72534000	72534999	5
chr16	72535000	72535999	0
chr16	72536000	72536999	12
chr16	72537000	72537999	5
chr16	72538000	72538999	0
chr16	72539000	72539999	4
chr16	72540000	72540999	10
chr16	72541000	72541999	14
chr16	72542000	72542999	9
chr16	72543000	72543999	7
chr16	72544000	72544999	3
chr16	72545000	72545999	4
chr16	72546000	72546999	17
chr16	72547000	72547999	2
chr16	72548000	72548999	0
chr16	72549000	72549999	0
chr16	72550000	72550999	3
chr16	72551000	72551999	12
chr16	72552000	72552999	0
chr16	72553000	72553999	23
chr16	72554000	72554999	19
chr16	72555000	72555999	0
chr16	72556000	72556999	0
chr16	72557000	72557999	4
chr16	72558000	72558999	11
chr16	72559000	72559999	13
chr16	72560000	72560999	0
chr16	72561000	72561999	20
chr16	72562000	72562999	24
chr16	72563000	72563999	0
chr16	72564000	72564999	16
chr16	72565000	72565999	0
chr16	72566000	72566999	0
chr16	72567000	72567999	15
chr16	72568000	72568999	3
chr16	72569000	72569999	7
chr16	72570000	72570999	2
chr16	72571000	72571999	0
chr16	72572000	72572999	12
chr16	72573000	72573999	17
chr16	72574000	72574999	26
chr16	72575000	72575999	0
chr16	72576000	72576999	0
chr16	72577000	72577999	2
chr16	72578000	72578999	0
chr16	72579000	72579999	11
chr16	72580000	72580999	13
chr16	72581000	72581999	0
chr16	72582000	72582999	6
chr16	72583000	72583999	6
chr16	72584000	72584999	26
chr16	72585000	72585999	5
chr16	72586000	72586999	7
chr16	72587000	72587999	12
chr16	72588000	72588999	16
chr16	72589000	72589999	0
chr16	72590000	72590999	12
chr16	72591000	72591999	14
chr16	72592000	72592999	13
chr16	72593000	72593999	8
chr16	72594000	72594999	6
chr16	72595000	72595999	8
chr16	72596000	72596999	2
chr16	72597000	72597999	0
chr16	72598000	72598999	0
chr16	72599000	72599999	0
chr16	72600000	72600999	0
chr16	72601000	72601999	0
chr16	72602000	72602999	2
chr16	72603000	72603999	0
chr16	72604000	72604999	11
chr16	72605000	72605999	7
chr16	72606000	72606999	0
chr16	72607000	72607999	7
chr16	72608000	72608999	7
chr16	72609000	72609999	7
chr16	72610000	72610999	1
chr16	72611000	72611999	3
chr16	72612000	72612999	6
chr16	72613000	72613999	10
chr16	72614000	72614999	23
chr16	72615000	72615999	28
chr16	72616000	72616999	11
chr16	72617000	72617999	24
chr16	72618000	72618999	2
chr16	72619000	72619999	0
chr16	72620000	72620999	4
chr16	72621000	72621999	24
chr16	72622000	72622999	0
chr16	72623000	72623999	1
chr16	72624000	72624999	0
chr16	72625000	72625999	0
chr16	72626000	72626999	0
chr16	72627000	72627999	0
chr16	72628000	72628999	0
chr16	72629000	72629999	0
chr16	72630000	72630999	0
chr16	72631000	72631999	4
chr16	72632000	72632999	4
chr16	72633000	72633999	22
chr16	72634000	72634999	0
chr16	72635000	72635999	9
chr16	72636000	72636999	14
chr16	72637000	72637999	7
chr16	72638000	72638999	13
chr16	72639000	72639999	8
chr16	72640000	72640999	36
chr16	72641000	72641999	19
chr16	72642000	72642999	34
chr16	72643000	72643999	22
chr16	72644000	72644999	0
chr16	72645000	72645999	20
chr16	72646000	72646999	9
chr16	72647000	72647999	5
chr16	72648000	72648999	0
chr16	72649000	72649999	5
chr16	72650000	72650999	4
chr16	72651000	72651999	5
chr16	72652000	72652999	16
chr16	72653000	72653999	3
chr16	72654000	72654999	16
chr16	72655000	72655999	26
chr16	72656000	72656999	34
chr16	72657000	72657999	6
chr16	72658000	72658999	0
chr16	72659000	72659999	13
chr16	72660000	72660999	28
chr16	72661000	72661999	0
chr16	72662000	72662999	0
chr16	72663000	72663999	22
chr16	72664000	72664999	6
chr16	72665000	72665999	7
chr16	72666000	72666999	13
chr16	72667000	72667999	3
chr16	72668000	72668999	0
chr16	72669000	72669999	8
chr16	72670000	72670999	14
chr16	72671000	72671999	1
chr16	72672000	72672999	0
chr16	72673000	72673999	20
chr16	72674000	72674999	2
chr16	72675000	72675999	30
chr16	72676000	72676999	2
chr16	72677000	72677999	4
chr16	72678000	72678999	14
chr16	72679000	72679999	12
chr16	72680000	72680999	1
chr16	72681000	72681999	8
chr16	72682000	72682999	27
chr16	72683000	72683999	7
chr16	72684000	72684999	0
chr16	72685000	72685999	2
chr16	72686000	72686999	5
chr16	72687000	72687999	20
chr16	72688000	72688999	21
chr16	72689000	72689999	12
chr16	72690000	72690999	10
chr16	72691000	72691999	14
chr16	72692000	72692999	2
chr16	72693000	72693999	11
chr16	72694000	72694999	0
chr16	72695000	72695999	12
chr16	72696000	72696999	9
chr16	72697000	72697999	0
chr16	72698000	72698999	0
chr16	72699000	72699999	7
chr16	72700000	72700999	12
chr16	72701000	72701999	10
chr16	72702000	72702999	10
chr16	72703000	72703999	2
chr16	72704000	72704999	20
chr16	72705000	72705999	8
chr16	72706000	72706999	8
chr16	72707000	72707999	0
chr16	72708000	72708999	8
chr16	72709000	72709999	17
chr16	72710000	72710999	18
chr16	72711000	72711999	0
chr16	72712000	72712999	0
chr16	72713000	72713999	26
chr16	72714000	72714999	10
chr16	72715000	72715999	8
chr16	72716000	72716999	11
chr16	72717000	72717999	8
chr16	72718000	72718999	14
chr16	72719000	72719999	14
chr16	72720000	72720999	9
chr16	72721000	72721999	30
chr16	72722000	72722999	8
chr16	72723000	72723999	0
chr16	72724000	72724999	7
chr16	72725000	72725999	0
chr16	72726000	72726999	0
chr16	72727000	72727999	0
chr16	72728000	72728999	0
chr16	72729000	72729999	0
chr16	72730000	72730999	0
chr16	72731000	72731999	2
chr16	72732000	72732999	0
chr16	72733000	72733999	5
chr16	72734000	72734999	7
chr16	72735000	72735999	3
chr16	72736000	72736999	18
chr16	72737000	72737999	4
chr16	72738000	72738999	13
chr16	72739000	72739999	2
chr16	72740000	72740999	0
chr16	72741000	72741999	22
chr16	72742000	72742999	16
chr16	72743000	72743999	11
chr16	72744000	72744999	12
chr16	72745000	72745999	10
chr16	72746000	72746999	6
chr16	72747000	72747999	16
chr16	72748000	72748999	1
chr16	72749000	72749999	15
chr16	72750000	72750999	17
chr16	72751000	72751999	31
chr16	72752000	72752999	3
chr16	72753000	72753999	22
chr16	72754000	72754999	5
chr16	72755000	72755999	17
chr16	72756000	72756999	2
chr16	72757000	72757999	1
chr16	72758000	72758999	2
chr16	72759000	72759999	9
chr16	72760000	72760999	1
chr16	72761000	72761999	6
chr16	72762000	72762999	6
chr16	72763000	72763999	0
chr16	72764000	72764999	0
chr16	72765000	72765999	0
chr16	72766000	72766999	34
chr16	72767000	72767999	0
chr16	72768000	72768999	4
chr16	72769000	72769999	2
chr16	72770000	72770999	6
chr16	72771000	72771999	12
chr16	72772000	72772999	4
chr16	72773000	72773999	2
chr16	72774000	72774999	12
chr16	72775000	72775999	4
chr16	72776000	72776999	15
chr16	72777000	72777999	0
chr16	72778000	72778999	27
chr16	72779000	72779999	22
chr16	72780000	72780999	0
chr16	72781000	72781999	22
chr16	72782000	72782999	21
chr16	72783000	72783999	17
chr16	72784000	72784999	20
chr16	72785000	72785999	12
chr16	72786000	72786999	10
chr16	72787000	72787999	0
chr16	72788000	72788999	16
chr16	72789000	72789999	9
chr16	72790000	72790999	5
chr16	72791000	72791999	0
chr16	72792000	72792999	5
chr16	72793000	72793999	9
chr16	72794000	72794999	3
chr16	72795000	72795999	30
chr16	72796000	72796999	0
chr16	72797000	72797999	7
chr16	72798000	72798999	8
chr16	72799000	72799999	20
chr16	72800000	72800999	10
chr16	72801000	72801999	4
chr16	72802000	72802999	3
chr16	72803000	72803999	8
chr16	72804000	72804999	19
chr16	72805000	72805999	8
chr16	72806000	72806999	4
chr16	72807000	72807999	1
chr16	72808000	72808999	3
chr16	72809000	72809999	2
chr16	72810000	72810999	5
chr16	72811000	72811999	10
chr16	72812000	72812999	12
chr16	72813000	72813999	14
chr16	72814000	72814999	0
chr16	72815000	72815999	0
chr16	72816000	72816999	10
chr16	72817000	72817999	0
chr16	72818000	72818999	5
chr16	72819000	72819999	24
chr16	72820000	72820999	25
chr16	72821000	72821999	27
chr16	72822000	72822999	12
chr16	72823000	72823999	15
chr16	72824000	72824999	35
chr16	72825000	72825999	13
chr16	72826000	72826999	31
chr16	72827000	72827999	0
chr16	72828000	72828999	11
chr16	72829000	72829999	14
chr16	72830000	72830999	2
chr16	72831000	72831999	21
chr16	72832000	72832999	8
chr16	72833000	72833999	9
chr16	72834000	72834999	0
chr16	72835000	72835999	5
chr16	72836000	72836999	5
chr16	72837000	72837999	11
chr16	72838000	72838999	20
chr16	72839000	72839999	5
chr16	72840000	72840999	0
chr16	72841000	72841999	2
chr16	72842000	72842999	4
chr16	72843000	72843999	19
chr16	72844000	72844999	14
chr16	72845000	72845999	4
chr16	72846000	72846999	7
chr16	72847000	72847999	1
chr16	72848000	72848999	0
chr16	72849000	72849999	0
chr16	72850000	72850999	2
chr16	72851000	72851999	0
chr16	72852000	72852999	3
chr16	72853000	72853999	8
chr16	72854000	72854999	29
chr16	72855000	72855999	10
chr16	72856000	72856999	9
chr16	72857000	72857999	0
chr16	72858000	72858999	21
chr16	72859000	72859999	7
chr16	72860000	72860999	5
chr16	72861000	72861999	8
chr16	72862000	72862999	6
chr16	72863000	72863999	6
chr16	72864000	72864999	4
chr16	72865000	72865999	0
chr16	72866000	72866999	0
chr16	72867000	72867999	24
chr16	72868000	72868999	6
chr16	72869000	72869999	0
chr16	72870000	72870999	11
chr16	72871000	72871999	16
chr16	72872000	72872999	2
chr16	72873000	72873999	3
chr16	72874000	72874999	3
chr16	72875000	72875999	7
chr16	72876000	72876999	8
chr16	72877000	72877999	5
chr16	72878000	72878999	0
chr16	72879000	72879999	20
chr16	72880000	72880999	7
chr16	72881000	72881999	8
chr16	72882000	72882999	5
chr16	72883000	72883999	7
chr16	72884000	72884999	2
chr16	72885000	72885999	4
chr16	72886000	72886999	18
chr16	72887000	72887999	6
chr16	72888000	72888999	11
chr16	72889000	72889999	15
chr16	72890000	72890999	9
chr16	72891000	72891999	9
chr16	72892000	72892999	0
chr16	72893000	72893999	11
chr16	72894000	72894999	0
chr16	72895000	72895999	13
chr16	72896000	72896999	0
chr16	72897000	72897999	9
chr16	72898000	72898999	19
chr16	72899000	72899999	8
chr16	72900000	72900999	8
chr16	72901000	72901999	23
chr16	72902000	72902999	0
chr16	72903000	72903999	8
chr16	72904000	72904999	2
chr16	72905000	72905999	5
chr16	72906000	72906999	13
chr16	72907000	72907999	6
chr16	72908000	72908999	6
chr16	72909000	72909999	7
chr16	72910000	72910999	16
chr16	72911000	72911999	9
chr16	72912000	72912999	4
chr16	72913000	72913999	12
chr16	72914000	72914999	14
chr16	72915000	72915999	15
chr16	72916000	72916999	0
chr16	72917000	72917999	0
chr16	72918000	72918999	6
chr16	72919000	72919999	3
chr16	72920000	72920999	31
chr16	72921000	72921999	16
chr16	72922000	72922999	0
chr16	72923000	72923999	0
chr16	72924000	72924999	31
chr16	72925000	72925999	18
chr16	72926000	72926999	10
chr16	72927000	72927999	3
chr16	72928000	72928999	0
chr16	72929000	72929999	10
chr16	72930000	72930999	21
chr16	72931000	72931999	2
chr16	72932000	72932999	10
chr16	72933000	72933999	0
chr16	72934000	72934999	16
chr16	72935000	72935999	16
chr16	72936000	72936999	9
chr16	72937000	72937999	19
chr16	72938000	72938999	0
chr16	72939000	72939999	14
chr16	72940000	72940999	0
chr16	72941000	72941999	5
chr16	72942000	72942999	6
chr16	72943000	72943999	16
chr16	72944000	72944999	7
chr16	72945000	72945999	17
chr16	72946000	72946999	0
chr16	72947000	72947999	13
chr16	72948000	72948999	24
chr16	72949000	72949999	11
chr16	72950000	72950999	3
chr16	72951000	72951999	23
chr16	72952000	72952999	14
chr16	72953000	72953999	4
chr16	72954000	72954999	7
chr16	72955000	72955999	21
chr16	72956000	72956999	0
chr16	72957000	72957999	5
chr16	72958000	72958999	0
chr16	72959000	72959999	10
chr16	72960000	72960999	0
chr16	72961000	72961999	23
chr16	72962000	72962999	0
chr16	72963000	72963999	7
chr16	72964000	72964999	4
chr16	72965000	72965999	0
chr16	72966000	72966999	2
chr16	72967000	72967999	16
chr16	72968000	72968999	20
chr16	72969000	72969999	10
chr16	72970000	72970999	0
chr16	72971000	72971999	22
chr16	72972000	72972999	8
chr16	72973000	72973999	20
chr16	72974000	72974999	12
chr16	72975000	72975999	5
chr16	72976000	72976999	4
chr16	72977000	72977999	23
chr16	72978000	72978999	8
chr16	72979000	72979999	23
chr16	72980000	72980999	12
chr16	72981000	72981999	36
chr16	72982000	72982999	39
chr16	72983000	72983999	0
chr16	72984000	72984999	7
chr16	72985000	72985999	7
chr16	72986000	72986999	4
chr16	72987000	72987999	3
chr16	72988000	72988999	7
chr16	72989000	72989999	16
chr16	72990000	72990999	4
chr16	72991000	72991999	17
chr16	72992000	72992999	11
chr16	72993000	72993999	19
chr16	72994000	72994999	0
chr16	72995000	72995999	5
chr16	72996000	72996999	0
chr16	72997000	72997999	0
chr16	72998000	72998999	27
chr16	72999000	72999999	18
chr16	73000000	73000999	0
chr16	73001000	73001999	18
chr16	73002000	73002999	2
chr16	73003000	73003999	1
chr16	73004000	73004999	7
chr16	73005000	73005999	0
chr16	73006000	73006999	1
chr16	73007000	73007999	8
chr16	73008000	73008999	21
chr16	73009000	73009999	9
chr16	73010000	73010999	4
chr16	73011000	73011999	0
chr16	73012000	73012999	12
chr16	73013000	73013999	11
chr16	73014000	73014999	14
chr16	73015000	73015999	0
chr16	73016000	73016999	32
chr16	73017000	73017999	18
chr16	73018000	73018999	9
chr16	73019000	73019999	8
chr16	73020000	73020999	0
chr16	73021000	73021999	4
chr16	73022000	73022999	8
chr16	73023000	73023999	16
chr16	73024000	73024999	8
chr16	73025000	73025999	0
chr16	73026000	73026999	11
chr16	73027000	73027999	0
chr16	73028000	73028999	11
chr16	73029000	73029999	5
chr16	73030000	73030999	12
chr16	73031000	73031999	5
chr16	73032000	73032999	4
chr16	73033000	73033999	3
chr16	73034000	73034999	31
chr16	73035000	73035999	23
chr16	73036000	73036999	13
chr16	73037000	73037999	0
chr16	73038000	73038999	18
chr16	73039000	73039999	28
chr16	73040000	73040999	24
chr16	73041000	73041999	15
chr16	73042000	73042999	6
chr16	73043000	73043999	15
chr16	73044000	73044999	3
chr16	73045000	73045999	9
chr16	73046000	73046999	22
chr16	73047000	73047999	17
chr16	73048000	73048999	17
chr16	73049000	73049999	11
chr16	73050000	73050999	14
chr16	73051000	73051999	2
chr16	73052000	73052999	13
chr16	73053000	73053999	16
chr16	73054000	73054999	7
chr16	73055000	73055999	5
chr16	73056000	73056999	21
chr16	73057000	73057999	5
chr16	73058000	73058999	0
chr16	73059000	73059999	3
chr16	73060000	73060999	15
chr16	73061000	73061999	7
chr16	73062000	73062999	14
chr16	73063000	73063999	8
chr16	73064000	73064999	4
chr16	73065000	73065999	25
chr16	73066000	73066999	12
chr16	73067000	73067999	26
chr16	73068000	73068999	6
chr16	73069000	73069999	7
chr16	73070000	73070999	0
chr16	73071000	73071999	15
chr16	73072000	73072999	1
chr16	73073000	73073999	15
chr16	73074000	73074999	27
chr16	73075000	73075999	10
chr16	73076000	73076999	4
chr16	73077000	73077999	12
chr16	73078000	73078999	1
chr16	73079000	73079999	20
chr16	73080000	73080999	7
chr16	73081000	73081999	35
chr16	73082000	73082999	24
chr16	73083000	73083999	7
chr16	73084000	73084999	8
chr16	73085000	73085999	9
chr16	73086000	73086999	20
chr16	73087000	73087999	8
chr16	73088000	73088999	15
chr16	73089000	73089999	24
chr16	73090000	73090999	11
chr16	73091000	73091999	39
chr16	73092000	73092999	13
chr16	73093000	73093999	12
chr16	73094000	73094999	8
chr16	73095000	73095999	1
chr16	73096000	73096999	11
chr16	73097000	73097999	19
chr16	73098000	73098999	0
chr16	73099000	73099999	31
chr16	73100000	73100999	7
chr16	73101000	73101999	11
chr16	73102000	73102999	4
chr16	73103000	73103999	17
chr16	73104000	73104999	19
chr16	73105000	73105999	1
chr16	73106000	73106999	11
chr16	73107000	73107999	0
chr16	73108000	73108999	2
chr16	73109000	73109999	1
chr16	73110000	73110999	0
chr16	73111000	73111999	6
chr16	73112000	73112999	0
chr16	73113000	73113999	18
chr16	73114000	73114999	7
chr16	73115000	73115999	16
chr16	73116000	73116999	19
chr16	73117000	73117999	10
chr16	73118000	73118999	5
chr16	73119000	73119999	12
chr16	73120000	73120999	5
chr16	73121000	73121999	12
chr16	73122000	73122999	11
chr16	73123000	73123999	5
chr16	73124000	73124999	11
chr16	73125000	73125999	9
chr16	73126000	73126999	0
chr16	73127000	73127999	2
chr16	73128000	73128999	7
chr16	73129000	73129999	21
chr16	73130000	73130999	27
chr16	73131000	73131999	2
chr16	73132000	73132999	31
chr16	73133000	73133999	15
chr16	73134000	73134999	6
chr16	73135000	73135999	5
chr16	73136000	73136999	27
chr16	73137000	73137999	5
chr16	73138000	73138999	9
chr16	73139000	73139999	7
chr16	73140000	73140999	18
chr16	73141000	73141999	8
chr16	73142000	73142999	0
chr16	73143000	73143999	0
chr16	73144000	73144999	0
chr16	73145000	73145999	0
chr16	73146000	73146999	19
chr16	73147000	73147999	2
chr16	73148000	73148999	4
chr16	73149000	73149999	14
chr16	73150000	73150999	1
chr16	73151000	73151999	21
chr16	73152000	73152999	14
chr16	73153000	73153999	17
chr16	73154000	73154999	1
chr16	73155000	73155999	15
chr16	73156000	73156999	20
chr16	73157000	73157999	13
chr16	73158000	73158999	17
chr16	73159000	73159999	10
chr16	73160000	73160999	26
chr16	73161000	73161999	5
chr16	73162000	73162999	13
chr16	73163000	73163999	17
chr16	73164000	73164999	12
chr16	73165000	73165999	8
chr16	73166000	73166999	6
chr16	73167000	73167999	7
chr16	73168000	73168999	0
chr16	73169000	73169999	29
chr16	73170000	73170999	9
chr16	73171000	73171999	4
chr16	73172000	73172999	2
chr16	73173000	73173999	3
chr16	73174000	73174999	6
chr16	73175000	73175999	5
chr16	73176000	73176999	13
chr16	73177000	73177999	19
chr16	73178000	73178999	17
chr16	73179000	73179999	26
chr16	73180000	73180999	10
chr16	73181000	73181999	6
chr16	73182000	73182999	30
chr16	73183000	73183999	12
chr16	73184000	73184999	15
chr16	73185000	73185999	7
chr16	73186000	73186999	18
chr16	73187000	73187999	19
chr16	73188000	73188999	0
chr16	73189000	73189999	16
chr16	73190000	73190999	20
chr16	73191000	73191999	0
chr16	73192000	73192999	9
chr16	73193000	73193999	2
chr16	73194000	73194999	15
chr16	73195000	73195999	14
chr16	73196000	73196999	0
chr16	73197000	73197999	19
chr16	73198000	73198999	11
chr16	73199000	73199999	8
chr16	73200000	73200999	15
chr16	73201000	73201999	10
chr16	73202000	73202999	19
chr16	73203000	73203999	4
chr16	73204000	73204999	8
chr16	73205000	73205999	20
chr16	73206000	73206999	14
chr16	73207000	73207999	1
chr16	73208000	73208999	4
chr16	73209000	73209999	6
chr16	73210000	73210999	12
chr16	73211000	73211999	7
chr16	73212000	73212999	18
chr16	73213000	73213999	6
chr16	73214000	73214999	5
chr16	73215000	73215999	9
chr16	73216000	73216999	3
chr16	73217000	73217999	6
chr16	73218000	73218999	9
chr16	73219000	73219999	29
chr16	73220000	73220999	20
chr16	73221000	73221999	0
chr16	73222000	73222999	8
chr16	73223000	73223999	12
chr16	73224000	73224999	6
chr16	73225000	73225999	0
chr16	73226000	73226999	3
chr16	73227000	73227999	10
chr16	73228000	73228999	11
chr16	73229000	73229999	13
chr16	73230000	73230999	8
chr16	73231000	73231999	12
chr16	73232000	73232999	5
chr16	73233000	73233999	18
chr16	73234000	73234999	1
chr16	73235000	73235999	29
chr16	73236000	73236999	7
chr16	73237000	73237999	10
chr16	73238000	73238999	2
chr16	73239000	73239999	18
chr16	73240000	73240999	10
chr16	73241000	73241999	9
chr16	73242000	73242999	3
chr16	73243000	73243999	0
chr16	73244000	73244999	10
chr16	73245000	73245999	8
chr16	73246000	73246999	8
chr16	73247000	73247999	0
chr16	73248000	73248999	21
chr16	73249000	73249999	21
chr16	73250000	73250999	9
chr16	73251000	73251999	31
chr16	73252000	73252999	7
chr16	73253000	73253999	15
chr16	73254000	73254999	0
chr16	73255000	73255999	32
chr16	73256000	73256999	5
chr16	73257000	73257999	3
chr16	73258000	73258999	0
chr16	73259000	73259999	2
chr16	73260000	73260999	26
chr16	73261000	73261999	0
chr16	73262000	73262999	9
chr16	73263000	73263999	0
chr16	73264000	73264999	14
chr16	73265000	73265999	8
chr16	73266000	73266999	4
chr16	73267000	73267999	6
chr16	73268000	73268999	4
chr16	73269000	73269999	17
chr16	73270000	73270999	13
chr16	73271000	73271999	19
chr16	73272000	73272999	8
chr16	73273000	73273999	0
chr16	73274000	73274999	0
chr16	73275000	73275999	3
chr16	73276000	73276999	15
chr16	73277000	73277999	4
chr16	73278000	73278999	15
chr16	73279000	73279999	13
chr16	73280000	73280999	15
chr16	73281000	73281999	3
chr16	73282000	73282999	10
chr16	73283000	73283999	6
chr16	73284000	73284999	18
chr16	73285000	73285999	22
chr16	73286000	73286999	5
chr16	73287000	73287999	0
chr16	73288000	73288999	1
chr16	73289000	73289999	5
chr16	73290000	73290999	7
chr16	73291000	73291999	10
chr16	73292000	73292999	0
chr16	73293000	73293999	6
chr16	73294000	73294999	8
chr16	73295000	73295999	33
chr16	73296000	73296999	0
chr16	73297000	73297999	4
chr16	73298000	73298999	9
chr16	73299000	73299999	12
chr16	73300000	73300999	0
chr16	73301000	73301999	15
chr16	73302000	73302999	18
chr16	73303000	73303999	12
chr16	73304000	73304999	5
chr16	73305000	73305999	11
chr16	73306000	73306999	50
chr16	73307000	73307999	12
chr16	73308000	73308999	0
chr16	73309000	73309999	0
chr16	73310000	73310999	0
chr16	73311000	73311999	17
chr16	73312000	73312999	4
chr16	73313000	73313999	25
chr16	73314000	73314999	12
chr16	73315000	73315999	17
chr16	73316000	73316999	1
chr16	73317000	73317999	0
chr16	73318000	73318999	8
chr16	73319000	73319999	5
chr16	73320000	73320999	10
chr16	73321000	73321999	13
chr16	73322000	73322999	0
chr16	73323000	73323999	15
chr16	73324000	73324999	11
chr16	73325000	73325999	1
chr16	73326000	73326999	0
chr16	73327000	73327999	17
chr16	73328000	73328999	8
chr16	73329000	73329999	6
chr16	73330000	73330999	18
chr16	73331000	73331999	0
chr16	73332000	73332999	15
chr16	73333000	73333999	6
chr16	73334000	73334999	0
chr16	73335000	73335999	21
chr16	73336000	73336999	4
chr16	73337000	73337999	6
chr16	73338000	73338999	0
chr16	73339000	73339999	27
chr16	73340000	73340999	16
chr16	73341000	73341999	11
chr16	73342000	73342999	17
chr16	73343000	73343999	0
chr16	73344000	73344999	7
chr16	73345000	73345999	17
chr16	73346000	73346999	7
chr16	73347000	73347999	3
chr16	73348000	73348999	24
chr16	73349000	73349999	1
chr16	73350000	73350999	0
chr16	73351000	73351999	9
chr16	73352000	73352999	3
chr16	73353000	73353999	12
chr16	73354000	73354999	4
chr16	73355000	73355999	0
chr16	73356000	73356999	0
chr16	73357000	73357999	13
chr16	73358000	73358999	0
chr16	73359000	73359999	1
chr16	73360000	73360999	0
chr16	73361000	73361999	17
chr16	73362000	73362999	13
chr16	73363000	73363999	13
chr16	73364000	73364999	3
chr16	73365000	73365999	8
chr16	73366000	73366999	5
chr16	73367000	73367999	5
chr16	73368000	73368999	19
chr16	73369000	73369999	10
chr16	73370000	73370999	2
chr16	73371000	73371999	4
chr16	73372000	73372999	8
chr16	73373000	73373999	11
chr16	73374000	73374999	5
chr16	73375000	73375999	4
chr16	73376000	73376999	13
chr16	73377000	73377999	10
chr16	73378000	73378999	0
chr16	73379000	73379999	2
chr16	73380000	73380999	5
chr16	73381000	73381999	0
chr16	73382000	73382999	16
chr16	73383000	73383999	38
chr16	73384000	73384999	4
chr16	73385000	73385999	0
chr16	73386000	73386999	0
chr16	73387000	73387999	11
chr16	73388000	73388999	0
chr16	73389000	73389999	24
chr16	73390000	73390999	16
chr16	73391000	73391999	3
chr16	73392000	73392999	3
chr16	73393000	73393999	14
chr16	73394000	73394999	0
chr16	73395000	73395999	11
chr16	73396000	73396999	9
chr16	73397000	73397999	26
chr16	73398000	73398999	0
chr16	73399000	73399999	20
chr16	73400000	73400999	18
chr16	73401000	73401999	0
chr16	73402000	73402999	7
chr16	73403000	73403999	27
chr16	73404000	73404999	0
chr16	73405000	73405999	14
chr16	73406000	73406999	24
chr16	73407000	73407999	7
chr16	73408000	73408999	0
chr16	73409000	73409999	0
chr16	73410000	73410999	0
chr16	73411000	73411999	6
chr16	73412000	73412999	0
chr16	73413000	73413999	12
chr16	73414000	73414999	0
chr16	73415000	73415999	0
chr16	73416000	73416999	0
chr16	73417000	73417999	5
chr16	73418000	73418999	1
chr16	73419000	73419999	5
chr16	73420000	73420999	0
chr16	73421000	73421999	9
chr16	73422000	73422999	0
chr16	73423000	73423999	2
chr16	73424000	73424999	11
chr16	73425000	73425999	29
chr16	73426000	73426999	13
chr16	73427000	73427999	6
chr16	73428000	73428999	14
chr16	73429000	73429999	5
chr16	73430000	73430999	3
chr16	73431000	73431999	16
chr16	73432000	73432999	1
chr16	73433000	73433999	6
chr16	73434000	73434999	2
chr16	73435000	73435999	24
chr16	73436000	73436999	14
chr16	73437000	73437999	25
chr16	73438000	73438999	0
chr16	73439000	73439999	9
chr16	73440000	73440999	0
chr16	73441000	73441999	7
chr16	73442000	73442999	1
chr16	73443000	73443999	6
chr16	73444000	73444999	0
chr16	73445000	73445999	11
chr16	73446000	73446999	0
chr16	73447000	73447999	16
chr16	73448000	73448999	14
chr16	73449000	73449999	3
chr16	73450000	73450999	0
chr16	73451000	73451999	7
chr16	73452000	73452999	10
chr16	73453000	73453999	9
chr16	73454000	73454999	18
chr16	73455000	73455999	10
chr16	73456000	73456999	19
chr16	73457000	73457999	14
chr16	73458000	73458999	3
chr16	73459000	73459999	4
chr16	73460000	73460999	9
chr16	73461000	73461999	19
chr16	73462000	73462999	8
chr16	73463000	73463999	21
chr16	73464000	73464999	0
chr16	73465000	73465999	11
chr16	73466000	73466999	16
chr16	73467000	73467999	0
chr16	73468000	73468999	40
chr16	73469000	73469999	0
chr16	73470000	73470999	17
chr16	73471000	73471999	14
chr16	73472000	73472999	15
chr16	73473000	73473999	10
chr16	73474000	73474999	1
chr16	73475000	73475999	18
chr16	73476000	73476999	5
chr16	73477000	73477999	4
chr16	73478000	73478999	8
chr16	73479000	73479999	0
chr16	73480000	73480999	16
chr16	73481000	73481999	9
chr16	73482000	73482999	10
chr16	73483000	73483999	25
chr16	73484000	73484999	14
chr16	73485000	73485999	9
chr16	73486000	73486999	6
chr16	73487000	73487999	7
chr16	73488000	73488999	34
chr16	73489000	73489999	25
chr16	73490000	73490999	7
chr16	73491000	73491999	14
chr16	73492000	73492999	0
chr16	73493000	73493999	6
chr16	73494000	73494999	2
chr16	73495000	73495999	0
chr16	73496000	73496999	7
chr16	73497000	73497999	10
chr16	73498000	73498999	4
chr16	73499000	73499999	0
chr16	73500000	73500999	3
chr16	73501000	73501999	29
chr16	73502000	73502999	7
chr16	73503000	73503999	0
chr16	73504000	73504999	5
chr16	73505000	73505999	20
chr16	73506000	73506999	7
chr16	73507000	73507999	12
chr16	73508000	73508999	10
chr16	73509000	73509999	2
chr16	73510000	73510999	0
chr16	73511000	73511999	0
chr16	73512000	73512999	11
chr16	73513000	73513999	0
chr16	73514000	73514999	8
chr16	73515000	73515999	4
chr16	73516000	73516999	9
chr16	73517000	73517999	0
chr16	73518000	73518999	0
chr16	73519000	73519999	6
chr16	73520000	73520999	28
chr16	73521000	73521999	16
chr16	73522000	73522999	18
chr16	73523000	73523999	0
chr16	73524000	73524999	9
chr16	73525000	73525999	11
chr16	73526000	73526999	10
chr16	73527000	73527999	11
chr16	73528000	73528999	6
chr16	73529000	73529999	6
chr16	73530000	73530999	26
chr16	73531000	73531999	9
chr16	73532000	73532999	0
chr16	73533000	73533999	13
chr16	73534000	73534999	0
chr16	73535000	73535999	0
chr16	73536000	73536999	9
chr16	73537000	73537999	12
chr16	73538000	73538999	7
chr16	73539000	73539999	18
chr16	73540000	73540999	15
chr16	73541000	73541999	0
chr16	73542000	73542999	11
chr16	73543000	73543999	15
chr16	73544000	73544999	2
chr16	73545000	73545999	8
chr16	73546000	73546999	10
chr16	73547000	73547999	0
chr16	73548000	73548999	0
chr16	73549000	73549999	0
chr16	73550000	73550999	0
chr16	73551000	73551999	0
chr16	73552000	73552999	0
chr16	73553000	73553999	0
chr16	73554000	73554999	7
chr16	73555000	73555999	5
chr16	73556000	73556999	44
chr16	73557000	73557999	0
chr16	73558000	73558999	4
chr16	73559000	73559999	12
chr16	73560000	73560999	8
chr16	73561000	73561999	11
chr16	73562000	73562999	17
chr16	73563000	73563999	21
chr16	73564000	73564999	15
chr16	73565000	73565999	18
chr16	73566000	73566999	16
chr16	73567000	73567999	2
chr16	73568000	73568999	0
chr16	73569000	73569999	1
chr16	73570000	73570999	0
chr16	73571000	73571999	4
chr16	73572000	73572999	8
chr16	73573000	73573999	2
chr16	73574000	73574999	8
chr16	73575000	73575999	8
chr16	73576000	73576999	3
chr16	73577000	73577999	5
chr16	73578000	73578999	30
chr16	73579000	73579999	0
chr16	73580000	73580999	8
chr16	73581000	73581999	12
chr16	73582000	73582999	0
chr16	73583000	73583999	0
chr16	73584000	73584999	0
chr16	73585000	73585999	7
chr16	73586000	73586999	27
chr16	73587000	73587999	4
chr16	73588000	73588999	15
chr16	73589000	73589999	13
chr16	73590000	73590999	17
chr16	73591000	73591999	9
chr16	73592000	73592999	9
chr16	73593000	73593999	5
chr16	73594000	73594999	4
chr16	73595000	73595999	28
chr16	73596000	73596999	25
chr16	73597000	73597999	1
chr16	73598000	73598999	3
chr16	73599000	73599999	7
chr16	73600000	73600999	10
chr16	73601000	73601999	7
chr16	73602000	73602999	3
chr16	73603000	73603999	4
chr16	73604000	73604999	4
chr16	73605000	73605999	3
chr16	73606000	73606999	5
chr16	73607000	73607999	0
chr16	73608000	73608999	6
chr16	73609000	73609999	8
chr16	73610000	73610999	15
chr16	73611000	73611999	7
chr16	73612000	73612999	7
chr16	73613000	73613999	1
chr16	73614000	73614999	2
chr16	73615000	73615999	16
chr16	73616000	73616999	10
chr16	73617000	73617999	0
chr16	73618000	73618999	9
chr16	73619000	73619999	2
chr16	73620000	73620999	11
chr16	73621000	73621999	17
chr16	73622000	73622999	9
chr16	73623000	73623999	0
chr16	73624000	73624999	10
chr16	73625000	73625999	14
chr16	73626000	73626999	4
chr16	73627000	73627999	16
chr16	73628000	73628999	3
chr16	73629000	73629999	15
chr16	73630000	73630999	19
chr16	73631000	73631999	13
chr16	73632000	73632999	13
chr16	73633000	73633999	20
chr16	73634000	73634999	0
chr16	73635000	73635999	0
chr16	73636000	73636999	11
chr16	73637000	73637999	0
chr16	73638000	73638999	5
chr16	73639000	73639999	10
chr16	73640000	73640999	0
chr16	73641000	73641999	22
chr16	73642000	73642999	10
chr16	73643000	73643999	6
chr16	73644000	73644999	30
chr16	73645000	73645999	13
chr16	73646000	73646999	4
chr16	73647000	73647999	22
chr16	73648000	73648999	9
chr16	73649000	73649999	7
chr16	73650000	73650999	20
chr16	73651000	73651999	16
chr16	73652000	73652999	35
chr16	73653000	73653999	0
chr16	73654000	73654999	0
chr16	73655000	73655999	36
chr16	73656000	73656999	0
chr16	73657000	73657999	0
chr16	73658000	73658999	0
chr16	73659000	73659999	0
chr16	73660000	73660999	0
chr16	73661000	73661999	0
chr16	73662000	73662999	0
chr16	73663000	73663999	0
chr16	73664000	73664999	5
chr16	73665000	73665999	16
chr16	73666000	73666999	14
chr16	73667000	73667999	23
chr16	73668000	73668999	10
chr16	73669000	73669999	17
chr16	73670000	73670999	3
chr16	73671000	73671999	0
chr16	73672000	73672999	6
chr16	73673000	73673999	33
chr16	73674000	73674999	17
chr16	73675000	73675999	9
chr16	73676000	73676999	12
chr16	73677000	73677999	0
chr16	73678000	73678999	18
chr16	73679000	73679999	17
chr16	73680000	73680999	8
chr16	73681000	73681999	0
chr16	73682000	73682999	0
chr16	73683000	73683999	0
chr16	73684000	73684999	0
chr16	73685000	73685999	5
chr16	73686000	73686999	0
chr16	73687000	73687999	0
chr16	73688000	73688999	2
chr16	73689000	73689999	18
chr16	73690000	73690999	18
chr16	73691000	73691999	0
chr16	73692000	73692999	0
chr16	73693000	73693999	7
chr16	73694000	73694999	14
chr16	73695000	73695999	0
chr16	73696000	73696999	8
chr16	73697000	73697999	10
chr16	73698000	73698999	4
chr16	73699000	73699999	0
chr16	73700000	73700999	2
chr16	73701000	73701999	0
chr16	73702000	73702999	0
chr16	73703000	73703999	11
chr16	73704000	73704999	5
chr16	73705000	73705999	17
chr16	73706000	73706999	16
chr16	73707000	73707999	24
chr16	73708000	73708999	6
chr16	73709000	73709999	0
chr16	73710000	73710999	5
chr16	73711000	73711999	0
chr16	73712000	73712999	8
chr16	73713000	73713999	9
chr16	73714000	73714999	0
chr16	73715000	73715999	1
chr16	73716000	73716999	0
chr16	73717000	73717999	2
chr16	73718000	73718999	0
chr16	73719000	73719999	13
chr16	73720000	73720999	2
chr16	73721000	73721999	9
chr16	73722000	73722999	12
chr16	73723000	73723999	14
chr16	73724000	73724999	36
chr16	73725000	73725999	0
chr16	73726000	73726999	24
chr16	73727000	73727999	0
chr16	73728000	73728999	4
chr16	73729000	73729999	11
chr16	73730000	73730999	13
chr16	73731000	73731999	0
chr16	73732000	73732999	0
chr16	73733000	73733999	0
chr16	73734000	73734999	0
chr16	73735000	73735999	0
chr16	73736000	73736999	0
chr16	73737000	73737999	6
chr16	73738000	73738999	7
chr16	73739000	73739999	15
chr16	73740000	73740999	15
chr16	73741000	73741999	4
chr16	73742000	73742999	12
chr16	73743000	73743999	0
chr16	73744000	73744999	10
chr16	73745000	73745999	0
chr16	73746000	73746999	3
chr16	73747000	73747999	0
chr16	73748000	73748999	4
chr16	73749000	73749999	0
chr16	73750000	73750999	9
chr16	73751000	73751999	0
chr16	73752000	73752999	17
chr16	73753000	73753999	26
chr16	73754000	73754999	26
chr16	73755000	73755999	21
chr16	73756000	73756999	21
chr16	73757000	73757999	0
chr16	73758000	73758999	9
chr16	73759000	73759999	17
chr16	73760000	73760999	28
chr16	73761000	73761999	0
chr16	73762000	73762999	10
chr16	73763000	73763999	15
chr16	73764000	73764999	7
chr16	73765000	73765999	3
chr16	73766000	73766999	5
chr16	73767000	73767999	8
chr16	73768000	73768999	9
chr16	73769000	73769999	16
chr16	73770000	73770999	6
chr16	73771000	73771999	0
chr16	73772000	73772999	2
chr16	73773000	73773999	0
chr16	73774000	73774999	7
chr16	73775000	73775999	0
chr16	73776000	73776999	12
chr16	73777000	73777999	13
chr16	73778000	73778999	3
chr16	73779000	73779999	0
chr16	73780000	73780999	8
chr16	73781000	73781999	0
chr16	73782000	73782999	6
chr16	73783000	73783999	9
chr16	73784000	73784999	8
chr16	73785000	73785999	14
chr16	73786000	73786999	0
chr16	73787000	73787999	18
chr16	73788000	73788999	29
chr16	73789000	73789999	15
chr16	73790000	73790999	20
chr16	73791000	73791999	2
chr16	73792000	73792999	0
chr16	73793000	73793999	4
chr16	73794000	73794999	11
chr16	73795000	73795999	0
chr16	73796000	73796999	17
chr16	73797000	73797999	0
chr16	73798000	73798999	0
chr16	73799000	73799999	0
chr16	73800000	73800999	16
chr16	73801000	73801999	0
chr16	73802000	73802999	0
chr16	73803000	73803999	0
chr16	73804000	73804999	7
chr16	73805000	73805999	17
chr16	73806000	73806999	24
chr16	73807000	73807999	24
chr16	73808000	73808999	41
chr16	73809000	73809999	38
chr16	73810000	73810999	0
chr16	73811000	73811999	11
chr16	73812000	73812999	6
chr16	73813000	73813999	10
chr16	73814000	73814999	11
chr16	73815000	73815999	0
chr16	73816000	73816999	3
chr16	73817000	73817999	0
chr16	73818000	73818999	3
chr16	73819000	73819999	0
chr16	73820000	73820999	7
chr16	73821000	73821999	5
chr16	73822000	73822999	0
chr16	73823000	73823999	12
chr16	73824000	73824999	10
chr16	73825000	73825999	18
chr16	73826000	73826999	0
chr16	73827000	73827999	21
chr16	73828000	73828999	13
chr16	73829000	73829999	14
chr16	73830000	73830999	16
chr16	73831000	73831999	7
chr16	73832000	73832999	0
chr16	73833000	73833999	3
chr16	73834000	73834999	1
chr16	73835000	73835999	10
chr16	73836000	73836999	1
chr16	73837000	73837999	5
chr16	73838000	73838999	5
chr16	73839000	73839999	0
chr16	73840000	73840999	0
chr16	73841000	73841999	4
chr16	73842000	73842999	1
chr16	73843000	73843999	16
chr16	73844000	73844999	9
chr16	73845000	73845999	11
chr16	73846000	73846999	0
chr16	73847000	73847999	4
chr16	73848000	73848999	1
chr16	73849000	73849999	9
chr16	73850000	73850999	28
chr16	73851000	73851999	24
chr16	73852000	73852999	17
chr16	73853000	73853999	24
chr16	73854000	73854999	14
chr16	73855000	73855999	22
chr16	73856000	73856999	22
chr16	73857000	73857999	0
chr16	73858000	73858999	18
chr16	73859000	73859999	3
chr16	73860000	73860999	37
chr16	73861000	73861999	7
chr16	73862000	73862999	5
chr16	73863000	73863999	5
chr16	73864000	73864999	6
chr16	73865000	73865999	0
chr16	73866000	73866999	2
chr16	73867000	73867999	17
chr16	73868000	73868999	12
chr16	73869000	73869999	17
chr16	73870000	73870999	17
chr16	73871000	73871999	1
chr16	73872000	73872999	7
chr16	73873000	73873999	5
chr16	73874000	73874999	8
chr16	73875000	73875999	19
chr16	73876000	73876999	18
chr16	73877000	73877999	27
chr16	73878000	73878999	0
chr16	73879000	73879999	23
chr16	73880000	73880999	4
chr16	73881000	73881999	5
chr16	73882000	73882999	9
chr16	73883000	73883999	16
chr16	73884000	73884999	0
chr16	73885000	73885999	0
chr16	73886000	73886999	2
chr16	73887000	73887999	10
chr16	73888000	73888999	5
chr16	73889000	73889999	0
chr16	73890000	73890999	14
chr16	73891000	73891999	23
chr16	73892000	73892999	10
chr16	73893000	73893999	0
chr16	73894000	73894999	14
chr16	73895000	73895999	2
chr16	73896000	73896999	0
chr16	73897000	73897999	22
chr16	73898000	73898999	0
chr16	73899000	73899999	9
chr16	73900000	73900999	8
chr16	73901000	73901999	23
chr16	73902000	73902999	5
chr16	73903000	73903999	0
chr16	73904000	73904999	8
chr16	73905000	73905999	0
chr16	73906000	73906999	25
chr16	73907000	73907999	0
chr16	73908000	73908999	10
chr16	73909000	73909999	12
chr16	73910000	73910999	0
chr16	73911000	73911999	11
chr16	73912000	73912999	2
chr16	73913000	73913999	17
chr16	73914000	73914999	0
chr16	73915000	73915999	13
chr16	73916000	73916999	19
chr16	73917000	73917999	15
chr16	73918000	73918999	19
chr16	73919000	73919999	1
chr16	73920000	73920999	0
chr16	73921000	73921999	0
chr16	73922000	73922999	11
chr16	73923000	73923999	0
chr16	73924000	73924999	27
chr16	73925000	73925999	0
chr16	73926000	73926999	17
chr16	73927000	73927999	12
chr16	73928000	73928999	18
chr16	73929000	73929999	2
chr16	73930000	73930999	0
chr16	73931000	73931999	0
chr16	73932000	73932999	0
chr16	73933000	73933999	16
chr16	73934000	73934999	2
chr16	73935000	73935999	0
chr16	73936000	73936999	13
chr16	73937000	73937999	6
chr16	73938000	73938999	2
chr16	73939000	73939999	5
chr16	73940000	73940999	0
chr16	73941000	73941999	8
chr16	73942000	73942999	34
chr16	73943000	73943999	0
chr16	73944000	73944999	8
chr16	73945000	73945999	6
chr16	73946000	73946999	5
chr16	73947000	73947999	17
chr16	73948000	73948999	0
chr16	73949000	73949999	0
chr16	73950000	73950999	26
chr16	73951000	73951999	0
chr16	73952000	73952999	12
chr16	73953000	73953999	4
chr16	73954000	73954999	0
chr16	73955000	73955999	3
chr16	73956000	73956999	15
chr16	73957000	73957999	13
chr16	73958000	73958999	8
chr16	73959000	73959999	0
chr16	73960000	73960999	13
chr16	73961000	73961999	9
chr16	73962000	73962999	0
chr16	73963000	73963999	3
chr16	73964000	73964999	11
chr16	73965000	73965999	0
chr16	73966000	73966999	22
chr16	73967000	73967999	21
chr16	73968000	73968999	6
chr16	73969000	73969999	6
chr16	73970000	73970999	0
chr16	73971000	73971999	0
chr16	73972000	73972999	0
chr16	73973000	73973999	4
chr16	73974000	73974999	10
chr16	73975000	73975999	17
chr16	73976000	73976999	23
chr16	73977000	73977999	0
chr16	73978000	73978999	0
chr16	73979000	73979999	23
chr16	73980000	73980999	10
chr16	73981000	73981999	0
chr16	73982000	73982999	7
chr16	73983000	73983999	13
chr16	73984000	73984999	6
chr16	73985000	73985999	16
chr16	73986000	73986999	0
chr16	73987000	73987999	3
chr16	73988000	73988999	43
chr16	73989000	73989999	2
chr16	73990000	73990999	8
chr16	73991000	73991999	0
chr16	73992000	73992999	0
chr16	73993000	73993999	0
chr16	73994000	73994999	0
chr16	73995000	73995999	0
chr16	73996000	73996999	0
chr16	73997000	73997999	0
chr16	73998000	73998999	0
chr16	73999000	73999999	0
chr16	74000000	74000999	1
chr16	74001000	74001999	24
chr16	74002000	74002999	0
chr16	74003000	74003999	2
chr16	74004000	74004999	11
chr16	74005000	74005999	19
chr16	74006000	74006999	0
chr16	74007000	74007999	17
chr16	74008000	74008999	17
chr16	74009000	74009999	0
chr16	74010000	74010999	0
chr16	74011000	74011999	35
chr16	74012000	74012999	5
chr16	74013000	74013999	11
chr16	74014000	74014999	0
chr16	74015000	74015999	6
chr16	74016000	74016999	4
chr16	74017000	74017999	14
chr16	74018000	74018999	20
chr16	74019000	74019999	8
chr16	74020000	74020999	5
chr16	74021000	74021999	5
chr16	74022000	74022999	21
chr16	74023000	74023999	0
chr16	74024000	74024999	9
chr16	74025000	74025999	18
chr16	74026000	74026999	4
chr16	74027000	74027999	2
chr16	74028000	74028999	48
chr16	74029000	74029999	1
chr16	74030000	74030999	27
chr16	74031000	74031999	6
chr16	74032000	74032999	11
chr16	74033000	74033999	22
chr16	74034000	74034999	23
chr16	74035000	74035999	0
chr16	74036000	74036999	2
chr16	74037000	74037999	4
chr16	74038000	74038999	0
chr16	74039000	74039999	0
chr16	74040000	74040999	10
chr16	74041000	74041999	7
chr16	74042000	74042999	11
chr16	74043000	74043999	0
chr16	74044000	74044999	0
chr16	74045000	74045999	5
chr16	74046000	74046999	0
chr16	74047000	74047999	9
chr16	74048000	74048999	16
chr16	74049000	74049999	7
chr16	74050000	74050999	0
chr16	74051000	74051999	33
chr16	74052000	74052999	0
chr16	74053000	74053999	20
chr16	74054000	74054999	4
chr16	74055000	74055999	14
chr16	74056000	74056999	1
chr16	74057000	74057999	24
chr16	74058000	74058999	13
chr16	74059000	74059999	8
chr16	74060000	74060999	8
chr16	74061000	74061999	4
chr16	74062000	74062999	13
chr16	74063000	74063999	8
chr16	74064000	74064999	4
chr16	74065000	74065999	3
chr16	74066000	74066999	4
chr16	74067000	74067999	19
chr16	74068000	74068999	0
chr16	74069000	74069999	4
chr16	74070000	74070999	0
chr16	74071000	74071999	0
chr16	74072000	74072999	17
chr16	74073000	74073999	7
chr16	74074000	74074999	0
chr16	74075000	74075999	2
chr16	74076000	74076999	2
chr16	74077000	74077999	5
chr16	74078000	74078999	4
chr16	74079000	74079999	0
chr16	74080000	74080999	3
chr16	74081000	74081999	6
chr16	74082000	74082999	6
chr16	74083000	74083999	7
chr16	74084000	74084999	10
chr16	74085000	74085999	14
chr16	74086000	74086999	6
chr16	74087000	74087999	11
chr16	74088000	74088999	0
chr16	74089000	74089999	0
chr16	74090000	74090999	14
chr16	74091000	74091999	27
chr16	74092000	74092999	0
chr16	74093000	74093999	6
chr16	74094000	74094999	8
chr16	74095000	74095999	13
chr16	74096000	74096999	13
chr16	74097000	74097999	7
chr16	74098000	74098999	0
chr16	74099000	74099999	13
chr16	74100000	74100999	1
chr16	74101000	74101999	11
chr16	74102000	74102999	3
chr16	74103000	74103999	11
chr16	74104000	74104999	14
chr16	74105000	74105999	10
chr16	74106000	74106999	0
chr16	74107000	74107999	2
chr16	74108000	74108999	4
chr16	74109000	74109999	11
chr16	74110000	74110999	0
chr16	74111000	74111999	0
chr16	74112000	74112999	19
chr16	74113000	74113999	10
chr16	74114000	74114999	4
chr16	74115000	74115999	1
chr16	74116000	74116999	3
chr16	74117000	74117999	12
chr16	74118000	74118999	18
chr16	74119000	74119999	3
chr16	74120000	74120999	23
chr16	74121000	74121999	3
chr16	74122000	74122999	22
chr16	74123000	74123999	12
chr16	74124000	74124999	0
chr16	74125000	74125999	8
chr16	74126000	74126999	13
chr16	74127000	74127999	21
chr16	74128000	74128999	1
chr16	74129000	74129999	5
chr16	74130000	74130999	23
chr16	74131000	74131999	6
chr16	74132000	74132999	5
chr16	74133000	74133999	5
chr16	74134000	74134999	3
chr16	74135000	74135999	7
chr16	74136000	74136999	10
chr16	74137000	74137999	26
chr16	74138000	74138999	0
chr16	74139000	74139999	9
chr16	74140000	74140999	13
chr16	74141000	74141999	4
chr16	74142000	74142999	27
chr16	74143000	74143999	5
chr16	74144000	74144999	6
chr16	74145000	74145999	10
chr16	74146000	74146999	0
chr16	74147000	74147999	12
chr16	74148000	74148999	12
chr16	74149000	74149999	5
chr16	74150000	74150999	9
chr16	74151000	74151999	0
chr16	74152000	74152999	11
chr16	74153000	74153999	10
chr16	74154000	74154999	0
chr16	74155000	74155999	0
chr16	74156000	74156999	0
chr16	74157000	74157999	15
chr16	74158000	74158999	18
chr16	74159000	74159999	12
chr16	74160000	74160999	5
chr16	74161000	74161999	10
chr16	74162000	74162999	23
chr16	74163000	74163999	15
chr16	74164000	74164999	13
chr16	74165000	74165999	0
chr16	74166000	74166999	12
chr16	74167000	74167999	5
chr16	74168000	74168999	13
chr16	74169000	74169999	24
chr16	74170000	74170999	11
chr16	74171000	74171999	24
chr16	74172000	74172999	11
chr16	74173000	74173999	42
chr16	74174000	74174999	0
chr16	74175000	74175999	0
chr16	74176000	74176999	5
chr16	74177000	74177999	0
chr16	74178000	74178999	2
chr16	74179000	74179999	37
chr16	74180000	74180999	4
chr16	74181000	74181999	14
chr16	74182000	74182999	131
chr16	74183000	74183999	32
chr16	74184000	74184999	13
chr16	74185000	74185999	21
chr16	74186000	74186999	25
chr16	74187000	74187999	9
chr16	74188000	74188999	73
chr16	74189000	74189999	16
chr16	74190000	74190999	15
chr16	74191000	74191999	23
chr16	74192000	74192999	3
chr16	74193000	74193999	6
chr16	74194000	74194999	0
chr16	74195000	74195999	4
chr16	74196000	74196999	2
chr16	74197000	74197999	0
chr16	74198000	74198999	5
chr16	74199000	74199999	3
chr16	74200000	74200999	0
chr16	74201000	74201999	9
chr16	74202000	74202999	8
chr16	74203000	74203999	0
chr16	74204000	74204999	13
chr16	74205000	74205999	4
chr16	74206000	74206999	0
chr16	74207000	74207999	0
chr16	74208000	74208999	0
chr16	74209000	74209999	0
chr16	74210000	74210999	0
chr16	74211000	74211999	0
chr16	74212000	74212999	0
chr16	74213000	74213999	10
chr16	74214000	74214999	0
chr16	74215000	74215999	9
chr16	74216000	74216999	3
chr16	74217000	74217999	9
chr16	74218000	74218999	3
chr16	74219000	74219999	8
chr16	74220000	74220999	23
chr16	74221000	74221999	0
chr16	74222000	74222999	13
chr16	74223000	74223999	2
chr16	74224000	74224999	0
chr16	74225000	74225999	11
chr16	74226000	74226999	2
chr16	74227000	74227999	6
chr16	74228000	74228999	20
chr16	74229000	74229999	7
chr16	74230000	74230999	19
chr16	74231000	74231999	4
chr16	74232000	74232999	7
chr16	74233000	74233999	7
chr16	74234000	74234999	8
chr16	74235000	74235999	0
chr16	74236000	74236999	34
chr16	74237000	74237999	23
chr16	74238000	74238999	15
chr16	74239000	74239999	20
chr16	74240000	74240999	5
chr16	74241000	74241999	6
chr16	74242000	74242999	35
chr16	74243000	74243999	22
chr16	74244000	74244999	4
chr16	74245000	74245999	0
chr16	74246000	74246999	0
chr16	74247000	74247999	12
chr16	74248000	74248999	3
chr16	74249000	74249999	3
chr16	74250000	74250999	24
chr16	74251000	74251999	8
chr16	74252000	74252999	7
chr16	74253000	74253999	0
chr16	74254000	74254999	11
chr16	74255000	74255999	0
chr16	74256000	74256999	0
chr16	74257000	74257999	33
chr16	74258000	74258999	0
chr16	74259000	74259999	21
chr16	74260000	74260999	10
chr16	74261000	74261999	3
chr16	74262000	74262999	14
chr16	74263000	74263999	23
chr16	74264000	74264999	4
chr16	74265000	74265999	0
chr16	74266000	74266999	0
chr16	74267000	74267999	9
chr16	74268000	74268999	8
chr16	74269000	74269999	25
chr16	74270000	74270999	8
chr16	74271000	74271999	17
chr16	74272000	74272999	0
chr16	74273000	74273999	2
chr16	74274000	74274999	19
chr16	74275000	74275999	11
chr16	74276000	74276999	9
chr16	74277000	74277999	13
chr16	74278000	74278999	10
chr16	74279000	74279999	17
chr16	74280000	74280999	3
chr16	74281000	74281999	0
chr16	74282000	74282999	0
chr16	74283000	74283999	17
chr16	74284000	74284999	3
chr16	74285000	74285999	8
chr16	74286000	74286999	11
chr16	74287000	74287999	16
chr16	74288000	74288999	16
chr16	74289000	74289999	1
chr16	74290000	74290999	1
chr16	74291000	74291999	0
chr16	74292000	74292999	1
chr16	74293000	74293999	22
chr16	74294000	74294999	3
chr16	74295000	74295999	17
chr16	74296000	74296999	5
chr16	74297000	74297999	10
chr16	74298000	74298999	8
chr16	74299000	74299999	20
chr16	74300000	74300999	7
chr16	74301000	74301999	3
chr16	74302000	74302999	0
chr16	74303000	74303999	5
chr16	74304000	74304999	6
chr16	74305000	74305999	15
chr16	74306000	74306999	9
chr16	74307000	74307999	1
chr16	74308000	74308999	8
chr16	74309000	74309999	9
chr16	74310000	74310999	15
chr16	74311000	74311999	0
chr16	74312000	74312999	14
chr16	74313000	74313999	0
chr16	74314000	74314999	10
chr16	74315000	74315999	0
chr16	74316000	74316999	23
chr16	74317000	74317999	12
chr16	74318000	74318999	3
chr16	74319000	74319999	4
chr16	74320000	74320999	17
chr16	74321000	74321999	0
chr16	74322000	74322999	19
chr16	74323000	74323999	28
chr16	74324000	74324999	8
chr16	74325000	74325999	0
chr16	74326000	74326999	0
chr16	74327000	74327999	10
chr16	74328000	74328999	0
chr16	74329000	74329999	18
chr16	74330000	74330999	18
chr16	74331000	74331999	0
chr16	74332000	74332999	22
chr16	74333000	74333999	0
chr16	74334000	74334999	24
chr16	74335000	74335999	16
chr16	74336000	74336999	6
chr16	74337000	74337999	4
chr16	74338000	74338999	0
chr16	74339000	74339999	0
chr16	74340000	74340999	0
chr16	74341000	74341999	11
chr16	74342000	74342999	13
chr16	74343000	74343999	15
chr16	74344000	74344999	5
chr16	74345000	74345999	0
chr16	74346000	74346999	1
chr16	74347000	74347999	4
chr16	74348000	74348999	0
chr16	74349000	74349999	0
chr16	74350000	74350999	14
chr16	74351000	74351999	7
chr16	74352000	74352999	3
chr16	74353000	74353999	1
chr16	74354000	74354999	15
chr16	74355000	74355999	14
chr16	74356000	74356999	1
chr16	74357000	74357999	0
chr16	74358000	74358999	0
chr16	74359000	74359999	0
chr16	74360000	74360999	0
chr16	74361000	74361999	0
chr16	74362000	74362999	0
chr16	74363000	74363999	31
chr16	74364000	74364999	12
chr16	74365000	74365999	0
chr16	74366000	74366999	0
chr16	74367000	74367999	0
chr16	74368000	74368999	0
chr16	74369000	74369999	1
chr16	74370000	74370999	20
chr16	74371000	74371999	2
chr16	74372000	74372999	10
chr16	74373000	74373999	8
chr16	74374000	74374999	46
chr16	74375000	74375999	28
chr16	74376000	74376999	16
chr16	74377000	74377999	11
chr16	74378000	74378999	0
chr16	74379000	74379999	21
chr16	74380000	74380999	0
chr16	74381000	74381999	4
chr16	74382000	74382999	19
chr16	74383000	74383999	7
chr16	74384000	74384999	0
chr16	74385000	74385999	5
chr16	74386000	74386999	11
chr16	74387000	74387999	0
chr16	74388000	74388999	0
chr16	74389000	74389999	4
chr16	74390000	74390999	13
chr16	74391000	74391999	9
chr16	74392000	74392999	19
chr16	74393000	74393999	0
chr16	74394000	74394999	0
chr16	74395000	74395999	2
chr16	74396000	74396999	0
chr16	74397000	74397999	7
chr16	74398000	74398999	23
chr16	74399000	74399999	18
chr16	74400000	74400999	19
chr16	74401000	74401999	6
chr16	74402000	74402999	6
chr16	74403000	74403999	38
chr16	74404000	74404999	25
chr16	74405000	74405999	0
chr16	74406000	74406999	0
chr16	74407000	74407999	9
chr16	74408000	74408999	0
chr16	74409000	74409999	5
chr16	74410000	74410999	13
chr16	74411000	74411999	24
chr16	74412000	74412999	22
chr16	74413000	74413999	33
chr16	74414000	74414999	0
chr16	74415000	74415999	7
chr16	74416000	74416999	4
chr16	74417000	74417999	0
chr16	74418000	74418999	25
chr16	74419000	74419999	1
chr16	74420000	74420999	14
chr16	74421000	74421999	21
chr16	74422000	74422999	11
chr16	74423000	74423999	17
chr16	74424000	74424999	34
chr16	74425000	74425999	0
chr16	74426000	74426999	7
chr16	74427000	74427999	21
chr16	74428000	74428999	8
chr16	74429000	74429999	6
chr16	74430000	74430999	26
chr16	74431000	74431999	16
chr16	74432000	74432999	8
chr16	74433000	74433999	19
chr16	74434000	74434999	16
chr16	74435000	74435999	0
chr16	74436000	74436999	3
chr16	74437000	74437999	14
chr16	74438000	74438999	7
chr16	74439000	74439999	9
chr16	74440000	74440999	18
chr16	74441000	74441999	0
chr16	74442000	74442999	10
chr16	74443000	74443999	23
chr16	74444000	74444999	13
chr16	74445000	74445999	6
chr16	74446000	74446999	7
chr16	74447000	74447999	4
chr16	74448000	74448999	8
chr16	74449000	74449999	16
chr16	74450000	74450999	0
chr16	74451000	74451999	3
chr16	74452000	74452999	15
chr16	74453000	74453999	21
chr16	74454000	74454999	5
chr16	74455000	74455999	14
chr16	74456000	74456999	9
chr16	74457000	74457999	6
chr16	74458000	74458999	15
chr16	74459000	74459999	0
chr16	74460000	74460999	11
chr16	74461000	74461999	0
chr16	74462000	74462999	4
chr16	74463000	74463999	18
chr16	74464000	74464999	26
chr16	74465000	74465999	0
chr16	74466000	74466999	12
chr16	74467000	74467999	19
chr16	74468000	74468999	20
chr16	74469000	74469999	20
chr16	74470000	74470999	5
chr16	74471000	74471999	31
chr16	74472000	74472999	17
chr16	74473000	74473999	16
chr16	74474000	74474999	3
chr16	74475000	74475999	2
chr16	74476000	74476999	6
chr16	74477000	74477999	0
chr16	74478000	74478999	13
chr16	74479000	74479999	5
chr16	74480000	74480999	2
chr16	74481000	74481999	26
chr16	74482000	74482999	7
chr16	74483000	74483999	6
chr16	74484000	74484999	26
chr16	74485000	74485999	3
chr16	74486000	74486999	0
chr16	74487000	74487999	17
chr16	74488000	74488999	3
chr16	74489000	74489999	2
chr16	74490000	74490999	16
chr16	74491000	74491999	0
chr16	74492000	74492999	2
chr16	74493000	74493999	2
chr16	74494000	74494999	17
chr16	74495000	74495999	0
chr16	74496000	74496999	43
chr16	74497000	74497999	0
chr16	74498000	74498999	0
chr16	74499000	74499999	17
chr16	74500000	74500999	12
chr16	74501000	74501999	12
chr16	74502000	74502999	0
chr16	74503000	74503999	38
chr16	74504000	74504999	13
chr16	74505000	74505999	11
chr16	74506000	74506999	14
chr16	74507000	74507999	0
chr16	74508000	74508999	0
chr16	74509000	74509999	2
chr16	74510000	74510999	16
chr16	74511000	74511999	9
chr16	74512000	74512999	7
chr16	74513000	74513999	16
chr16	74514000	74514999	6
chr16	74515000	74515999	3
chr16	74516000	74516999	12
chr16	74517000	74517999	8
chr16	74518000	74518999	1
chr16	74519000	74519999	5
chr16	74520000	74520999	0
chr16	74521000	74521999	29
chr16	74522000	74522999	0
chr16	74523000	74523999	1
chr16	74524000	74524999	0
chr16	74525000	74525999	21
chr16	74526000	74526999	27
chr16	74527000	74527999	3
chr16	74528000	74528999	26
chr16	74529000	74529999	12
chr16	74530000	74530999	5
chr16	74531000	74531999	10
chr16	74532000	74532999	23
chr16	74533000	74533999	0
chr16	74534000	74534999	23
chr16	74535000	74535999	7
chr16	74536000	74536999	2
chr16	74537000	74537999	12
chr16	74538000	74538999	3
chr16	74539000	74539999	0
chr16	74540000	74540999	8
chr16	74541000	74541999	4
chr16	74542000	74542999	0
chr16	74543000	74543999	17
chr16	74544000	74544999	0
chr16	74545000	74545999	44
chr16	74546000	74546999	16
chr16	74547000	74547999	0
chr16	74548000	74548999	8
chr16	74549000	74549999	11
chr16	74550000	74550999	0
chr16	74551000	74551999	0
chr16	74552000	74552999	0
chr16	74553000	74553999	0
chr16	74554000	74554999	0
chr16	74555000	74555999	2
chr16	74556000	74556999	0
chr16	74557000	74557999	7
chr16	74558000	74558999	0
chr16	74559000	74559999	0
chr16	74560000	74560999	12
chr16	74561000	74561999	11
chr16	74562000	74562999	8
chr16	74563000	74563999	4
chr16	74564000	74564999	0
chr16	74565000	74565999	0
chr16	74566000	74566999	0
chr16	74567000	74567999	9
chr16	74568000	74568999	10
chr16	74569000	74569999	21
chr16	74570000	74570999	8
chr16	74571000	74571999	21
chr16	74572000	74572999	3
chr16	74573000	74573999	18
chr16	74574000	74574999	9
chr16	74575000	74575999	10
chr16	74576000	74576999	6
chr16	74577000	74577999	16
chr16	74578000	74578999	6
chr16	74579000	74579999	0
chr16	74580000	74580999	9
chr16	74581000	74581999	2
chr16	74582000	74582999	18
chr16	74583000	74583999	24
chr16	74584000	74584999	1
chr16	74585000	74585999	0
chr16	74586000	74586999	16
chr16	74587000	74587999	0
chr16	74588000	74588999	13
chr16	74589000	74589999	24
chr16	74590000	74590999	20
chr16	74591000	74591999	4
chr16	74592000	74592999	18
chr16	74593000	74593999	12
chr16	74594000	74594999	10
chr16	74595000	74595999	27
chr16	74596000	74596999	6
chr16	74597000	74597999	4
chr16	74598000	74598999	24
chr16	74599000	74599999	24
chr16	74600000	74600999	14
chr16	74601000	74601999	3
chr16	74602000	74602999	0
chr16	74603000	74603999	16
chr16	74604000	74604999	11
chr16	74605000	74605999	2
chr16	74606000	74606999	4
chr16	74607000	74607999	6
chr16	74608000	74608999	2
chr16	74609000	74609999	0
chr16	74610000	74610999	8
chr16	74611000	74611999	13
chr16	74612000	74612999	2
chr16	74613000	74613999	11
chr16	74614000	74614999	9
chr16	74615000	74615999	15
chr16	74616000	74616999	17
chr16	74617000	74617999	11
chr16	74618000	74618999	41
chr16	74619000	74619999	0
chr16	74620000	74620999	14
chr16	74621000	74621999	13
chr16	74622000	74622999	8
chr16	74623000	74623999	10
chr16	74624000	74624999	7
chr16	74625000	74625999	6
chr16	74626000	74626999	8
chr16	74627000	74627999	11
chr16	74628000	74628999	0
chr16	74629000	74629999	15
chr16	74630000	74630999	4
chr16	74631000	74631999	25
chr16	74632000	74632999	4
chr16	74633000	74633999	0
chr16	74634000	74634999	0
chr16	74635000	74635999	2
chr16	74636000	74636999	7
chr16	74637000	74637999	2
chr16	74638000	74638999	0
chr16	74639000	74639999	2
chr16	74640000	74640999	4
chr16	74641000	74641999	0
chr16	74642000	74642999	19
chr16	74643000	74643999	8
chr16	74644000	74644999	4
chr16	74645000	74645999	9
chr16	74646000	74646999	0
chr16	74647000	74647999	8
chr16	74648000	74648999	0
chr16	74649000	74649999	0
chr16	74650000	74650999	8
chr16	74651000	74651999	19
chr16	74652000	74652999	13
chr16	74653000	74653999	0
chr16	74654000	74654999	10
chr16	74655000	74655999	3
chr16	74656000	74656999	16
chr16	74657000	74657999	1
chr16	74658000	74658999	5
chr16	74659000	74659999	0
chr16	74660000	74660999	0
chr16	74661000	74661999	20
chr16	74662000	74662999	0
chr16	74663000	74663999	6
chr16	74664000	74664999	15
chr16	74665000	74665999	7
chr16	74666000	74666999	18
chr16	74667000	74667999	0
chr16	74668000	74668999	8
chr16	74669000	74669999	3
chr16	74670000	74670999	9
chr16	74671000	74671999	0
chr16	74672000	74672999	0
chr16	74673000	74673999	29
chr16	74674000	74674999	23
chr16	74675000	74675999	9
chr16	74676000	74676999	25
chr16	74677000	74677999	0
chr16	74678000	74678999	26
chr16	74679000	74679999	8
chr16	74680000	74680999	0
chr16	74681000	74681999	0
chr16	74682000	74682999	5
chr16	74683000	74683999	4
chr16	74684000	74684999	20
chr16	74685000	74685999	10
chr16	74686000	74686999	0
chr16	74687000	74687999	21
chr16	74688000	74688999	6
chr16	74689000	74689999	10
chr16	74690000	74690999	10
chr16	74691000	74691999	3
chr16	74692000	74692999	4
chr16	74693000	74693999	0
chr16	74694000	74694999	0
chr16	74695000	74695999	19
chr16	74696000	74696999	2
chr16	74697000	74697999	12
chr16	74698000	74698999	12
chr16	74699000	74699999	5
chr16	74700000	74700999	4
chr16	74701000	74701999	1
chr16	74702000	74702999	0
chr16	74703000	74703999	20
chr16	74704000	74704999	0
chr16	74705000	74705999	0
chr16	74706000	74706999	1
chr16	74707000	74707999	4
chr16	74708000	74708999	3
chr16	74709000	74709999	0
chr16	74710000	74710999	9
chr16	74711000	74711999	5
chr16	74712000	74712999	8
chr16	74713000	74713999	10
chr16	74714000	74714999	0
chr16	74715000	74715999	0
chr16	74716000	74716999	3
chr16	74717000	74717999	3
chr16	74718000	74718999	6
chr16	74719000	74719999	5
chr16	74720000	74720999	11
chr16	74721000	74721999	0
chr16	74722000	74722999	17
chr16	74723000	74723999	31
chr16	74724000	74724999	0
chr16	74725000	74725999	17
chr16	74726000	74726999	0
chr16	74727000	74727999	0
chr16	74728000	74728999	15
chr16	74729000	74729999	8
chr16	74730000	74730999	35
chr16	74731000	74731999	0
chr16	74732000	74732999	0
chr16	74733000	74733999	4
chr16	74734000	74734999	1
chr16	74735000	74735999	0
chr16	74736000	74736999	6
chr16	74737000	74737999	0
chr16	74738000	74738999	9
chr16	74739000	74739999	11
chr16	74740000	74740999	6
chr16	74741000	74741999	24
chr16	74742000	74742999	12
chr16	74743000	74743999	16
chr16	74744000	74744999	1
chr16	74745000	74745999	0
chr16	74746000	74746999	0
chr16	74747000	74747999	0
chr16	74748000	74748999	17
chr16	74749000	74749999	0
chr16	74750000	74750999	16
chr16	74751000	74751999	15
chr16	74752000	74752999	0
chr16	74753000	74753999	9
chr16	74754000	74754999	16
chr16	74755000	74755999	6
chr16	74756000	74756999	10
chr16	74757000	74757999	1
chr16	74758000	74758999	45
chr16	74759000	74759999	15
chr16	74760000	74760999	14
chr16	74761000	74761999	10
chr16	74762000	74762999	3
chr16	74763000	74763999	11
chr16	74764000	74764999	1
chr16	74765000	74765999	8
chr16	74766000	74766999	23
chr16	74767000	74767999	3
chr16	74768000	74768999	3
chr16	74769000	74769999	0
chr16	74770000	74770999	0
chr16	74771000	74771999	11
chr16	74772000	74772999	0
chr16	74773000	74773999	0
chr16	74774000	74774999	0
chr16	74775000	74775999	0
chr16	74776000	74776999	0
chr16	74777000	74777999	0
chr16	74778000	74778999	0
chr16	74779000	74779999	18
chr16	74780000	74780999	5
chr16	74781000	74781999	4
chr16	74782000	74782999	0
chr16	74783000	74783999	0
chr16	74784000	74784999	17
chr16	74785000	74785999	14
chr16	74786000	74786999	21
chr16	74787000	74787999	0
chr16	74788000	74788999	5
chr16	74789000	74789999	3
chr16	74790000	74790999	2
chr16	74791000	74791999	9
chr16	74792000	74792999	6
chr16	74793000	74793999	8
chr16	74794000	74794999	14
chr16	74795000	74795999	37
chr16	74796000	74796999	1
chr16	74797000	74797999	15
chr16	74798000	74798999	0
chr16	74799000	74799999	5
chr16	74800000	74800999	14
chr16	74801000	74801999	6
chr16	74802000	74802999	9
chr16	74803000	74803999	3
chr16	74804000	74804999	0
chr16	74805000	74805999	12
chr16	74806000	74806999	7
chr16	74807000	74807999	13
chr16	74808000	74808999	0
chr16	74809000	74809999	7
chr16	74810000	74810999	3
chr16	74811000	74811999	8
chr16	74812000	74812999	0
chr16	74813000	74813999	9
chr16	74814000	74814999	29
chr16	74815000	74815999	1
chr16	74816000	74816999	26
chr16	74817000	74817999	19
chr16	74818000	74818999	0
chr16	74819000	74819999	12
chr16	74820000	74820999	6
chr16	74821000	74821999	2
chr16	74822000	74822999	15
chr16	74823000	74823999	15
chr16	74824000	74824999	6
chr16	74825000	74825999	21
chr16	74826000	74826999	7
chr16	74827000	74827999	1
chr16	74828000	74828999	14
chr16	74829000	74829999	14
chr16	74830000	74830999	7
chr16	74831000	74831999	9
chr16	74832000	74832999	4
chr16	74833000	74833999	20
chr16	74834000	74834999	0
chr16	74835000	74835999	29
chr16	74836000	74836999	4
chr16	74837000	74837999	0
chr16	74838000	74838999	3
chr16	74839000	74839999	0
chr16	74840000	74840999	0
chr16	74841000	74841999	17
chr16	74842000	74842999	0
chr16	74843000	74843999	7
chr16	74844000	74844999	0
chr16	74845000	74845999	15
chr16	74846000	74846999	0
chr16	74847000	74847999	0
chr16	74848000	74848999	4
chr16	74849000	74849999	12
chr16	74850000	74850999	1
chr16	74851000	74851999	8
chr16	74852000	74852999	16
chr16	74853000	74853999	3
chr16	74854000	74854999	6
chr16	74855000	74855999	0
chr16	74856000	74856999	12
chr16	74857000	74857999	0
chr16	74858000	74858999	0
chr16	74859000	74859999	10
chr16	74860000	74860999	7
chr16	74861000	74861999	7
chr16	74862000	74862999	7
chr16	74863000	74863999	2
chr16	74864000	74864999	47
chr16	74865000	74865999	0
chr16	74866000	74866999	18
chr16	74867000	74867999	25
chr16	74868000	74868999	6
chr16	74869000	74869999	0
chr16	74870000	74870999	11
chr16	74871000	74871999	11
chr16	74872000	74872999	0
chr16	74873000	74873999	12
chr16	74874000	74874999	0
chr16	74875000	74875999	0
chr16	74876000	74876999	0
chr16	74877000	74877999	0
chr16	74878000	74878999	0
chr16	74879000	74879999	5
chr16	74880000	74880999	2
chr16	74881000	74881999	1
chr16	74882000	74882999	15
chr16	74883000	74883999	8
chr16	74884000	74884999	0
chr16	74885000	74885999	19
chr16	74886000	74886999	7
chr16	74887000	74887999	9
chr16	74888000	74888999	16
chr16	74889000	74889999	0
chr16	74890000	74890999	8
chr16	74891000	74891999	15
chr16	74892000	74892999	6
chr16	74893000	74893999	0
chr16	74894000	74894999	0
chr16	74895000	74895999	22
chr16	74896000	74896999	0
chr16	74897000	74897999	0
chr16	74898000	74898999	9
chr16	74899000	74899999	0
chr16	74900000	74900999	8
chr16	74901000	74901999	0
chr16	74902000	74902999	2
chr16	74903000	74903999	23
chr16	74904000	74904999	3
chr16	74905000	74905999	0
chr16	74906000	74906999	9
chr16	74907000	74907999	3
chr16	74908000	74908999	4
chr16	74909000	74909999	11
chr16	74910000	74910999	0
chr16	74911000	74911999	6
chr16	74912000	74912999	9
chr16	74913000	74913999	0
chr16	74914000	74914999	8
chr16	74915000	74915999	0
chr16	74916000	74916999	19
chr16	74917000	74917999	23
chr16	74918000	74918999	0
chr16	74919000	74919999	4
chr16	74920000	74920999	20
chr16	74921000	74921999	0
chr16	74922000	74922999	20
chr16	74923000	74923999	6
chr16	74924000	74924999	0
chr16	74925000	74925999	4
chr16	74926000	74926999	1
chr16	74927000	74927999	8
chr16	74928000	74928999	25
chr16	74929000	74929999	16
chr16	74930000	74930999	0
chr16	74931000	74931999	4
chr16	74932000	74932999	0
chr16	74933000	74933999	11
chr16	74934000	74934999	8
chr16	74935000	74935999	0
chr16	74936000	74936999	13
chr16	74937000	74937999	0
chr16	74938000	74938999	4
chr16	74939000	74939999	3
chr16	74940000	74940999	9
chr16	74941000	74941999	7
chr16	74942000	74942999	0
chr16	74943000	74943999	8
chr16	74944000	74944999	15
chr16	74945000	74945999	10
chr16	74946000	74946999	0
chr16	74947000	74947999	0
chr16	74948000	74948999	0
chr16	74949000	74949999	13
chr16	74950000	74950999	2
chr16	74951000	74951999	8
chr16	74952000	74952999	0
chr16	74953000	74953999	13
chr16	74954000	74954999	12
chr16	74955000	74955999	0
chr16	74956000	74956999	0
chr16	74957000	74957999	0
chr16	74958000	74958999	10
chr16	74959000	74959999	4
chr16	74960000	74960999	27
chr16	74961000	74961999	15
chr16	74962000	74962999	0
chr16	74963000	74963999	9
chr16	74964000	74964999	3
chr16	74965000	74965999	4
chr16	74966000	74966999	0
chr16	74967000	74967999	31
chr16	74968000	74968999	0
chr16	74969000	74969999	4
chr16	74970000	74970999	0
chr16	74971000	74971999	7
chr16	74972000	74972999	0
chr16	74973000	74973999	0
chr16	74974000	74974999	0
chr16	74975000	74975999	0
chr16	74976000	74976999	0
chr16	74977000	74977999	0
chr16	74978000	74978999	11
chr16	74979000	74979999	0
chr16	74980000	74980999	8
chr16	74981000	74981999	4
chr16	74982000	74982999	0
chr16	74983000	74983999	11
chr16	74984000	74984999	9
chr16	74985000	74985999	0
chr16	74986000	74986999	7
chr16	74987000	74987999	0
chr16	74988000	74988999	29
chr16	74989000	74989999	2
chr16	74990000	74990999	16
chr16	74991000	74991999	6
chr16	74992000	74992999	5
chr16	74993000	74993999	0
chr16	74994000	74994999	11
chr16	74995000	74995999	2
chr16	74996000	74996999	5
chr16	74997000	74997999	8
chr16	74998000	74998999	1
chr16	74999000	74999999	0
chr16	75000000	75000999	8
chr16	75001000	75001999	4
chr16	75002000	75002999	0
chr16	75003000	75003999	5
chr16	75004000	75004999	0
chr16	75005000	75005999	0
chr16	75006000	75006999	0
chr16	75007000	75007999	0
chr16	75008000	75008999	12
chr16	75009000	75009999	37
chr16	75010000	75010999	36
chr16	75011000	75011999	15
chr16	75012000	75012999	0
chr16	75013000	75013999	12
chr16	75014000	75014999	0
chr16	75015000	75015999	7
chr16	75016000	75016999	8
chr16	75017000	75017999	16
chr16	75018000	75018999	14
chr16	75019000	75019999	31
chr16	75020000	75020999	11
chr16	75021000	75021999	0
chr16	75022000	75022999	2
chr16	75023000	75023999	21
chr16	75024000	75024999	0
chr16	75025000	75025999	6
chr16	75026000	75026999	0
chr16	75027000	75027999	5
chr16	75028000	75028999	0
chr16	75029000	75029999	1
chr16	75030000	75030999	28
chr16	75031000	75031999	0
chr16	75032000	75032999	25
chr16	75033000	75033999	0
chr16	75034000	75034999	0
chr16	75035000	75035999	21
chr16	75036000	75036999	8
chr16	75037000	75037999	4
chr16	75038000	75038999	0
chr16	75039000	75039999	2
chr16	75040000	75040999	15
chr16	75041000	75041999	1
chr16	75042000	75042999	13
chr16	75043000	75043999	26
chr16	75044000	75044999	10
chr16	75045000	75045999	6
chr16	75046000	75046999	3
chr16	75047000	75047999	3
chr16	75048000	75048999	15
chr16	75049000	75049999	8
chr16	75050000	75050999	0
chr16	75051000	75051999	4
chr16	75052000	75052999	0
chr16	75053000	75053999	21
chr16	75054000	75054999	10
chr16	75055000	75055999	0
chr16	75056000	75056999	4
chr16	75057000	75057999	0
chr16	75058000	75058999	27
chr16	75059000	75059999	36
chr16	75060000	75060999	17
chr16	75061000	75061999	0
chr16	75062000	75062999	3
chr16	75063000	75063999	12
chr16	75064000	75064999	0
chr16	75065000	75065999	0
chr16	75066000	75066999	21
chr16	75067000	75067999	10
chr16	75068000	75068999	28
chr16	75069000	75069999	6
chr16	75070000	75070999	0
chr16	75071000	75071999	12
chr16	75072000	75072999	15
chr16	75073000	75073999	22
chr16	75074000	75074999	5
chr16	75075000	75075999	9
chr16	75076000	75076999	8
chr16	75077000	75077999	12
chr16	75078000	75078999	6
chr16	75079000	75079999	0
chr16	75080000	75080999	30
chr16	75081000	75081999	6
chr16	75082000	75082999	3
chr16	75083000	75083999	17
chr16	75084000	75084999	25
chr16	75085000	75085999	6
chr16	75086000	75086999	13
chr16	75087000	75087999	19
chr16	75088000	75088999	0
chr16	75089000	75089999	4
chr16	75090000	75090999	16
chr16	75091000	75091999	0
chr16	75092000	75092999	9
chr16	75093000	75093999	0
chr16	75094000	75094999	10
chr16	75095000	75095999	9
chr16	75096000	75096999	1
chr16	75097000	75097999	8
chr16	75098000	75098999	13
chr16	75099000	75099999	1
chr16	75100000	75100999	2
chr16	75101000	75101999	5
chr16	75102000	75102999	5
chr16	75103000	75103999	0
chr16	75104000	75104999	7
chr16	75105000	75105999	9
chr16	75106000	75106999	6
chr16	75107000	75107999	3
chr16	75108000	75108999	10
chr16	75109000	75109999	13
chr16	75110000	75110999	0
chr16	75111000	75111999	5
chr16	75112000	75112999	0
chr16	75113000	75113999	0
chr16	75114000	75114999	1
chr16	75115000	75115999	7
chr16	75116000	75116999	4
chr16	75117000	75117999	14
chr16	75118000	75118999	1
chr16	75119000	75119999	18
chr16	75120000	75120999	15
chr16	75121000	75121999	18
chr16	75122000	75122999	12
chr16	75123000	75123999	5
chr16	75124000	75124999	15
chr16	75125000	75125999	0
chr16	75126000	75126999	28
chr16	75127000	75127999	6
chr16	75128000	75128999	11
chr16	75129000	75129999	9
chr16	75130000	75130999	0
chr16	75131000	75131999	9
chr16	75132000	75132999	11
chr16	75133000	75133999	20
chr16	75134000	75134999	8
chr16	75135000	75135999	14
chr16	75136000	75136999	6
chr16	75137000	75137999	14
chr16	75138000	75138999	6
chr16	75139000	75139999	13
chr16	75140000	75140999	10
chr16	75141000	75141999	5
chr16	75142000	75142999	0
chr16	75143000	75143999	0
chr16	75144000	75144999	0
chr16	75145000	75145999	12
chr16	75146000	75146999	1
chr16	75147000	75147999	0
chr16	75148000	75148999	1
chr16	75149000	75149999	13
chr16	75150000	75150999	8
chr16	75151000	75151999	0
chr16	75152000	75152999	6
chr16	75153000	75153999	2
chr16	75154000	75154999	11
chr16	75155000	75155999	17
chr16	75156000	75156999	0
chr16	75157000	75157999	4
chr16	75158000	75158999	0
chr16	75159000	75159999	0
chr16	75160000	75160999	0
chr16	75161000	75161999	7
chr16	75162000	75162999	8
chr16	75163000	75163999	0
chr16	75164000	75164999	17
chr16	75165000	75165999	6
chr16	75166000	75166999	23
chr16	75167000	75167999	0
chr16	75168000	75168999	3
chr16	75169000	75169999	14
chr16	75170000	75170999	0
chr16	75171000	75171999	11
chr16	75172000	75172999	24
chr16	75173000	75173999	1
chr16	75174000	75174999	14
chr16	75175000	75175999	9
chr16	75176000	75176999	20
chr16	75177000	75177999	11
chr16	75178000	75178999	5
chr16	75179000	75179999	1
chr16	75180000	75180999	0
chr16	75181000	75181999	27
chr16	75182000	75182999	11
chr16	75183000	75183999	9
chr16	75184000	75184999	0
chr16	75185000	75185999	5
chr16	75186000	75186999	15
chr16	75187000	75187999	22
chr16	75188000	75188999	8
chr16	75189000	75189999	17
chr16	75190000	75190999	11
chr16	75191000	75191999	2
chr16	75192000	75192999	3
chr16	75193000	75193999	13
chr16	75194000	75194999	13
chr16	75195000	75195999	3
chr16	75196000	75196999	3
chr16	75197000	75197999	17
chr16	75198000	75198999	10
chr16	75199000	75199999	8
chr16	75200000	75200999	5
chr16	75201000	75201999	18
chr16	75202000	75202999	5
chr16	75203000	75203999	4
chr16	75204000	75204999	19
chr16	75205000	75205999	1
chr16	75206000	75206999	5
chr16	75207000	75207999	16
chr16	75208000	75208999	0
chr16	75209000	75209999	1
chr16	75210000	75210999	10
chr16	75211000	75211999	12
chr16	75212000	75212999	8
chr16	75213000	75213999	23
chr16	75214000	75214999	1
chr16	75215000	75215999	9
chr16	75216000	75216999	6
chr16	75217000	75217999	19
chr16	75218000	75218999	0
chr16	75219000	75219999	23
chr16	75220000	75220999	10
chr16	75221000	75221999	4
chr16	75222000	75222999	8
chr16	75223000	75223999	3
chr16	75224000	75224999	11
chr16	75225000	75225999	14
chr16	75226000	75226999	0
chr16	75227000	75227999	0
chr16	75228000	75228999	0
chr16	75229000	75229999	0
chr16	75230000	75230999	0
chr16	75231000	75231999	13
chr16	75232000	75232999	8
chr16	75233000	75233999	23
chr16	75234000	75234999	12
chr16	75235000	75235999	0
chr16	75236000	75236999	7
chr16	75237000	75237999	0
chr16	75238000	75238999	14
chr16	75239000	75239999	14
chr16	75240000	75240999	2
chr16	75241000	75241999	2
chr16	75242000	75242999	40
chr16	75243000	75243999	12
chr16	75244000	75244999	3
chr16	75245000	75245999	10
chr16	75246000	75246999	6
chr16	75247000	75247999	0
chr16	75248000	75248999	11
chr16	75249000	75249999	11
chr16	75250000	75250999	9
chr16	75251000	75251999	22
chr16	75252000	75252999	0
chr16	75253000	75253999	0
chr16	75254000	75254999	20
chr16	75255000	75255999	22
chr16	75256000	75256999	7
chr16	75257000	75257999	6
chr16	75258000	75258999	7
chr16	75259000	75259999	5
chr16	75260000	75260999	7
chr16	75261000	75261999	18
chr16	75262000	75262999	22
chr16	75263000	75263999	19
chr16	75264000	75264999	4
chr16	75265000	75265999	2
chr16	75266000	75266999	13
chr16	75267000	75267999	4
chr16	75268000	75268999	7
chr16	75269000	75269999	11
chr16	75270000	75270999	20
chr16	75271000	75271999	0
chr16	75272000	75272999	0
chr16	75273000	75273999	0
chr16	75274000	75274999	0
chr16	75275000	75275999	0
chr16	75276000	75276999	8
chr16	75277000	75277999	5
chr16	75278000	75278999	7
chr16	75279000	75279999	6
chr16	75280000	75280999	0
chr16	75281000	75281999	0
chr16	75282000	75282999	7
chr16	75283000	75283999	0
chr16	75284000	75284999	0
chr16	75285000	75285999	0
chr16	75286000	75286999	5
chr16	75287000	75287999	24
chr16	75288000	75288999	2
chr16	75289000	75289999	3
chr16	75290000	75290999	15
chr16	75291000	75291999	0
chr16	75292000	75292999	5
chr16	75293000	75293999	6
chr16	75294000	75294999	19
chr16	75295000	75295999	0
chr16	75296000	75296999	2
chr16	75297000	75297999	13
chr16	75298000	75298999	0
chr16	75299000	75299999	0
chr16	75300000	75300999	6
chr16	75301000	75301999	1
chr16	75302000	75302999	0
chr16	75303000	75303999	15
chr16	75304000	75304999	11
chr16	75305000	75305999	0
chr16	75306000	75306999	0
chr16	75307000	75307999	0
chr16	75308000	75308999	0
chr16	75309000	75309999	3
chr16	75310000	75310999	0
chr16	75311000	75311999	4
chr16	75312000	75312999	5
chr16	75313000	75313999	2
chr16	75314000	75314999	2
chr16	75315000	75315999	2
chr16	75316000	75316999	34
chr16	75317000	75317999	6
chr16	75318000	75318999	3
chr16	75319000	75319999	2
chr16	75320000	75320999	19
chr16	75321000	75321999	1
chr16	75322000	75322999	18
chr16	75323000	75323999	4
chr16	75324000	75324999	2
chr16	75325000	75325999	8
chr16	75326000	75326999	0
chr16	75327000	75327999	17
chr16	75328000	75328999	1
chr16	75329000	75329999	0
chr16	75330000	75330999	2
chr16	75331000	75331999	3
chr16	75332000	75332999	38
chr16	75333000	75333999	28
chr16	75334000	75334999	4
chr16	75335000	75335999	0
chr16	75336000	75336999	0
chr16	75337000	75337999	0
chr16	75338000	75338999	11
chr16	75339000	75339999	12
chr16	75340000	75340999	20
chr16	75341000	75341999	19
chr16	75342000	75342999	1
chr16	75343000	75343999	9
chr16	75344000	75344999	19
chr16	75345000	75345999	12
chr16	75346000	75346999	3
chr16	75347000	75347999	1
chr16	75348000	75348999	2
chr16	75349000	75349999	8
chr16	75350000	75350999	16
chr16	75351000	75351999	9
chr16	75352000	75352999	11
chr16	75353000	75353999	6
chr16	75354000	75354999	0
chr16	75355000	75355999	2
chr16	75356000	75356999	0
chr16	75357000	75357999	7
chr16	75358000	75358999	9
chr16	75359000	75359999	4
chr16	75360000	75360999	4
chr16	75361000	75361999	45
chr16	75362000	75362999	6
chr16	75363000	75363999	0
chr16	75364000	75364999	31
chr16	75365000	75365999	12
chr16	75366000	75366999	5
chr16	75367000	75367999	5
chr16	75368000	75368999	3
chr16	75369000	75369999	23
chr16	75370000	75370999	0
chr16	75371000	75371999	12
chr16	75372000	75372999	9
chr16	75373000	75373999	24
chr16	75374000	75374999	8
chr16	75375000	75375999	32
chr16	75376000	75376999	9
chr16	75377000	75377999	0
chr16	75378000	75378999	0
chr16	75379000	75379999	3
chr16	75380000	75380999	1
chr16	75381000	75381999	0
chr16	75382000	75382999	12
chr16	75383000	75383999	0
chr16	75384000	75384999	0
chr16	75385000	75385999	0
chr16	75386000	75386999	13
chr16	75387000	75387999	9
chr16	75388000	75388999	0
chr16	75389000	75389999	6
chr16	75390000	75390999	21
chr16	75391000	75391999	12
chr16	75392000	75392999	1
chr16	75393000	75393999	2
chr16	75394000	75394999	16
chr16	75395000	75395999	11
chr16	75396000	75396999	24
chr16	75397000	75397999	0
chr16	75398000	75398999	15
chr16	75399000	75399999	4
chr16	75400000	75400999	0
chr16	75401000	75401999	7
chr16	75402000	75402999	0
chr16	75403000	75403999	13
chr16	75404000	75404999	3
chr16	75405000	75405999	19
chr16	75406000	75406999	14
chr16	75407000	75407999	12
chr16	75408000	75408999	0
chr16	75409000	75409999	1
chr16	75410000	75410999	6
chr16	75411000	75411999	11
chr16	75412000	75412999	8
chr16	75413000	75413999	9
chr16	75414000	75414999	0
chr16	75415000	75415999	10
chr16	75416000	75416999	10
chr16	75417000	75417999	18
chr16	75418000	75418999	8
chr16	75419000	75419999	4
chr16	75420000	75420999	11
chr16	75421000	75421999	47
chr16	75422000	75422999	12
chr16	75423000	75423999	8
chr16	75424000	75424999	6
chr16	75425000	75425999	0
chr16	75426000	75426999	11
chr16	75427000	75427999	8
chr16	75428000	75428999	0
chr16	75429000	75429999	13
chr16	75430000	75430999	4
chr16	75431000	75431999	19
chr16	75432000	75432999	13
chr16	75433000	75433999	8
chr16	75434000	75434999	12
chr16	75435000	75435999	13
chr16	75436000	75436999	7
chr16	75437000	75437999	31
chr16	75438000	75438999	13
chr16	75439000	75439999	7
chr16	75440000	75440999	22
chr16	75441000	75441999	7
chr16	75442000	75442999	19
chr16	75443000	75443999	0
chr16	75444000	75444999	15
chr16	75445000	75445999	9
chr16	75446000	75446999	13
chr16	75447000	75447999	7
chr16	75448000	75448999	17
chr16	75449000	75449999	4
chr16	75450000	75450999	2
chr16	75451000	75451999	9
chr16	75452000	75452999	2
chr16	75453000	75453999	13
chr16	75454000	75454999	7
chr16	75455000	75455999	0
chr16	75456000	75456999	14
chr16	75457000	75457999	27
chr16	75458000	75458999	4
chr16	75459000	75459999	11
chr16	75460000	75460999	8
chr16	75461000	75461999	16
chr16	75462000	75462999	24
chr16	75463000	75463999	4
chr16	75464000	75464999	12
chr16	75465000	75465999	11
chr16	75466000	75466999	9
chr16	75467000	75467999	0
chr16	75468000	75468999	1
chr16	75469000	75469999	1
chr16	75470000	75470999	8
chr16	75471000	75471999	17
chr16	75472000	75472999	8
chr16	75473000	75473999	0
chr16	75474000	75474999	30
chr16	75475000	75475999	0
chr16	75476000	75476999	1
chr16	75477000	75477999	5
chr16	75478000	75478999	0
chr16	75479000	75479999	1
chr16	75480000	75480999	8
chr16	75481000	75481999	5
chr16	75482000	75482999	19
chr16	75483000	75483999	6
chr16	75484000	75484999	13
chr16	75485000	75485999	5
chr16	75486000	75486999	0
chr16	75487000	75487999	10
chr16	75488000	75488999	3
chr16	75489000	75489999	16
chr16	75490000	75490999	1
chr16	75491000	75491999	11
chr16	75492000	75492999	18
chr16	75493000	75493999	8
chr16	75494000	75494999	12
chr16	75495000	75495999	0
chr16	75496000	75496999	32
chr16	75497000	75497999	15
chr16	75498000	75498999	0
chr16	75499000	75499999	0
chr16	75500000	75500999	13
chr16	75501000	75501999	17
chr16	75502000	75502999	9
chr16	75503000	75503999	1
chr16	75504000	75504999	4
chr16	75505000	75505999	5
chr16	75506000	75506999	11
chr16	75507000	75507999	10
chr16	75508000	75508999	16
chr16	75509000	75509999	29
chr16	75510000	75510999	30
chr16	75511000	75511999	4
chr16	75512000	75512999	13
chr16	75513000	75513999	4
chr16	75514000	75514999	0
chr16	75515000	75515999	11
chr16	75516000	75516999	5
chr16	75517000	75517999	11
chr16	75518000	75518999	1
chr16	75519000	75519999	10
chr16	75520000	75520999	6
chr16	75521000	75521999	9
chr16	75522000	75522999	0
chr16	75523000	75523999	1
chr16	75524000	75524999	7
chr16	75525000	75525999	2
chr16	75526000	75526999	0
chr16	75527000	75527999	10
chr16	75528000	75528999	0
chr16	75529000	75529999	8
chr16	75530000	75530999	6
chr16	75531000	75531999	23
chr16	75532000	75532999	2
chr16	75533000	75533999	21
chr16	75534000	75534999	5
chr16	75535000	75535999	5
chr16	75536000	75536999	12
chr16	75537000	75537999	9
chr16	75538000	75538999	0
chr16	75539000	75539999	12
chr16	75540000	75540999	18
chr16	75541000	75541999	18
chr16	75542000	75542999	4
chr16	75543000	75543999	5
chr16	75544000	75544999	1
chr16	75545000	75545999	0
chr16	75546000	75546999	15
chr16	75547000	75547999	15
chr16	75548000	75548999	21
chr16	75549000	75549999	11
chr16	75550000	75550999	8
chr16	75551000	75551999	0
chr16	75552000	75552999	9
chr16	75553000	75553999	19
chr16	75554000	75554999	2
chr16	75555000	75555999	20
chr16	75556000	75556999	8
chr16	75557000	75557999	30
chr16	75558000	75558999	1
chr16	75559000	75559999	5
chr16	75560000	75560999	10
chr16	75561000	75561999	16
chr16	75562000	75562999	6
chr16	75563000	75563999	16
chr16	75564000	75564999	3
chr16	75565000	75565999	6
chr16	75566000	75566999	4
chr16	75567000	75567999	7
chr16	75568000	75568999	0
chr16	75569000	75569999	0
chr16	75570000	75570999	0
chr16	75571000	75571999	0
chr16	75572000	75572999	23
chr16	75573000	75573999	4
chr16	75574000	75574999	10
chr16	75575000	75575999	17
chr16	75576000	75576999	30
chr16	75577000	75577999	7
chr16	75578000	75578999	6
chr16	75579000	75579999	0
chr16	75580000	75580999	13
chr16	75581000	75581999	6
chr16	75582000	75582999	20
chr16	75583000	75583999	0
chr16	75584000	75584999	0
chr16	75585000	75585999	0
chr16	75586000	75586999	23
chr16	75587000	75587999	1
chr16	75588000	75588999	6
chr16	75589000	75589999	9
chr16	75590000	75590999	15
chr16	75591000	75591999	0
chr16	75592000	75592999	47
chr16	75593000	75593999	55
chr16	75594000	75594999	18
chr16	75595000	75595999	8
chr16	75596000	75596999	19
chr16	75597000	75597999	10
chr16	75598000	75598999	0
chr16	75599000	75599999	15
chr16	75600000	75600999	15
chr16	75601000	75601999	0
chr16	75602000	75602999	0
chr16	75603000	75603999	4
chr16	75604000	75604999	0
chr16	75605000	75605999	3
chr16	75606000	75606999	7
chr16	75607000	75607999	0
chr16	75608000	75608999	30
chr16	75609000	75609999	6
chr16	75610000	75610999	29
chr16	75611000	75611999	0
chr16	75612000	75612999	4
chr16	75613000	75613999	17
chr16	75614000	75614999	0
chr16	75615000	75615999	0
chr16	75616000	75616999	19
chr16	75617000	75617999	10
chr16	75618000	75618999	1
chr16	75619000	75619999	3
chr16	75620000	75620999	24
chr16	75621000	75621999	0
chr16	75622000	75622999	7
chr16	75623000	75623999	18
chr16	75624000	75624999	0
chr16	75625000	75625999	0
chr16	75626000	75626999	10
chr16	75627000	75627999	8
chr16	75628000	75628999	3
chr16	75629000	75629999	2
chr16	75630000	75630999	0
chr16	75631000	75631999	6
chr16	75632000	75632999	0
chr16	75633000	75633999	11
chr16	75634000	75634999	2
chr16	75635000	75635999	0
chr16	75636000	75636999	0
chr16	75637000	75637999	0
chr16	75638000	75638999	4
chr16	75639000	75639999	0
chr16	75640000	75640999	5
chr16	75641000	75641999	4
chr16	75642000	75642999	6
chr16	75643000	75643999	15
chr16	75644000	75644999	2
chr16	75645000	75645999	1
chr16	75646000	75646999	9
chr16	75647000	75647999	11
chr16	75648000	75648999	13
chr16	75649000	75649999	0
chr16	75650000	75650999	0
chr16	75651000	75651999	22
chr16	75652000	75652999	9
chr16	75653000	75653999	8
chr16	75654000	75654999	7
chr16	75655000	75655999	23
chr16	75656000	75656999	6
chr16	75657000	75657999	12
chr16	75658000	75658999	8
chr16	75659000	75659999	4
chr16	75660000	75660999	0
chr16	75661000	75661999	21
chr16	75662000	75662999	0
chr16	75663000	75663999	20
chr16	75664000	75664999	3
chr16	75665000	75665999	0
chr16	75666000	75666999	15
chr16	75667000	75667999	6
chr16	75668000	75668999	17
chr16	75669000	75669999	7
chr16	75670000	75670999	4
chr16	75671000	75671999	14
chr16	75672000	75672999	8
chr16	75673000	75673999	4
chr16	75674000	75674999	19
chr16	75675000	75675999	13
chr16	75676000	75676999	14
chr16	75677000	75677999	26
chr16	75678000	75678999	0
chr16	75679000	75679999	8
chr16	75680000	75680999	6
chr16	75681000	75681999	19
chr16	75682000	75682999	4
chr16	75683000	75683999	4
chr16	75684000	75684999	7
chr16	75685000	75685999	12
chr16	75686000	75686999	0
chr16	75687000	75687999	0
chr16	75688000	75688999	0
chr16	75689000	75689999	0
chr16	75690000	75690999	0
chr16	75691000	75691999	0
chr16	75692000	75692999	0
chr16	75693000	75693999	41
chr16	75694000	75694999	22
chr16	75695000	75695999	19
chr16	75696000	75696999	16
chr16	75697000	75697999	14
chr16	75698000	75698999	9
chr16	75699000	75699999	10
chr16	75700000	75700999	11
chr16	75701000	75701999	0
chr16	75702000	75702999	6
chr16	75703000	75703999	4
chr16	75704000	75704999	22
chr16	75705000	75705999	13
chr16	75706000	75706999	8
chr16	75707000	75707999	17
chr16	75708000	75708999	6
chr16	75709000	75709999	37
chr16	75710000	75710999	0
chr16	75711000	75711999	4
chr16	75712000	75712999	31
chr16	75713000	75713999	43
chr16	75714000	75714999	32
chr16	75715000	75715999	0
chr16	75716000	75716999	5
chr16	75717000	75717999	36
chr16	75718000	75718999	7
chr16	75719000	75719999	8
chr16	75720000	75720999	0
chr16	75721000	75721999	16
chr16	75722000	75722999	11
chr16	75723000	75723999	20
chr16	75724000	75724999	3
chr16	75725000	75725999	9
chr16	75726000	75726999	3
chr16	75727000	75727999	10
chr16	75728000	75728999	0
chr16	75729000	75729999	0
chr16	75730000	75730999	4
chr16	75731000	75731999	0
chr16	75732000	75732999	0
chr16	75733000	75733999	0
chr16	75734000	75734999	20
chr16	75735000	75735999	3
chr16	75736000	75736999	20
chr16	75737000	75737999	0
chr16	75738000	75738999	0
chr16	75739000	75739999	0
chr16	75740000	75740999	0
chr16	75741000	75741999	0
chr16	75742000	75742999	0
chr16	75743000	75743999	4
chr16	75744000	75744999	6
chr16	75745000	75745999	0
chr16	75746000	75746999	7
chr16	75747000	75747999	12
chr16	75748000	75748999	17
chr16	75749000	75749999	13
chr16	75750000	75750999	7
chr16	75751000	75751999	10
chr16	75752000	75752999	14
chr16	75753000	75753999	3
chr16	75754000	75754999	3
chr16	75755000	75755999	15
chr16	75756000	75756999	3
chr16	75757000	75757999	0
chr16	75758000	75758999	0
chr16	75759000	75759999	14
chr16	75760000	75760999	9
chr16	75761000	75761999	13
chr16	75762000	75762999	17
chr16	75763000	75763999	11
chr16	75764000	75764999	13
chr16	75765000	75765999	8
chr16	75766000	75766999	115
chr16	75767000	75767999	128
chr16	75768000	75768999	17
chr16	75769000	75769999	11
chr16	75770000	75770999	0
chr16	75771000	75771999	0
chr16	75772000	75772999	18
chr16	75773000	75773999	13
chr16	75774000	75774999	6
chr16	75775000	75775999	3
chr16	75776000	75776999	0
chr16	75777000	75777999	0
chr16	75778000	75778999	9
chr16	75779000	75779999	15
chr16	75780000	75780999	8
chr16	75781000	75781999	27
chr16	75782000	75782999	3
chr16	75783000	75783999	0
chr16	75784000	75784999	5
chr16	75785000	75785999	0
chr16	75786000	75786999	9
chr16	75787000	75787999	14
chr16	75788000	75788999	3
chr16	75789000	75789999	0
chr16	75790000	75790999	7
chr16	75791000	75791999	21
chr16	75792000	75792999	59
chr16	75793000	75793999	0
chr16	75794000	75794999	21
chr16	75795000	75795999	15
chr16	75796000	75796999	0
chr16	75797000	75797999	6
chr16	75798000	75798999	3
chr16	75799000	75799999	15
chr16	75800000	75800999	0
chr16	75801000	75801999	0
chr16	75802000	75802999	0
chr16	75803000	75803999	8
chr16	75804000	75804999	0
chr16	75805000	75805999	0
chr16	75806000	75806999	13
chr16	75807000	75807999	3
chr16	75808000	75808999	8
chr16	75809000	75809999	39
chr16	75810000	75810999	0
chr16	75811000	75811999	9
chr16	75812000	75812999	0
chr16	75813000	75813999	1
chr16	75814000	75814999	12
chr16	75815000	75815999	33
chr16	75816000	75816999	22
chr16	75817000	75817999	0
chr16	75818000	75818999	17
chr16	75819000	75819999	21
chr16	75820000	75820999	6
chr16	75821000	75821999	13
chr16	75822000	75822999	3
chr16	75823000	75823999	0
chr16	75824000	75824999	13
chr16	75825000	75825999	16
chr16	75826000	75826999	2
chr16	75827000	75827999	9
chr16	75828000	75828999	0
chr16	75829000	75829999	28
chr16	75830000	75830999	6
chr16	75831000	75831999	19
chr16	75832000	75832999	15
chr16	75833000	75833999	27
chr16	75834000	75834999	8
chr16	75835000	75835999	47
chr16	75836000	75836999	5
chr16	75837000	75837999	11
chr16	75838000	75838999	11
chr16	75839000	75839999	22
chr16	75840000	75840999	19
chr16	75841000	75841999	11
chr16	75842000	75842999	3
chr16	75843000	75843999	26
chr16	75844000	75844999	0
chr16	75845000	75845999	24
chr16	75846000	75846999	35
chr16	75847000	75847999	24
chr16	75848000	75848999	6
chr16	75849000	75849999	6
chr16	75850000	75850999	16
chr16	75851000	75851999	12
chr16	75852000	75852999	0
chr16	75853000	75853999	2
chr16	75854000	75854999	25
chr16	75855000	75855999	8
chr16	75856000	75856999	22
chr16	75857000	75857999	14
chr16	75858000	75858999	23
chr16	75859000	75859999	25
chr16	75860000	75860999	8
chr16	75861000	75861999	18
chr16	75862000	75862999	10
chr16	75863000	75863999	4
chr16	75864000	75864999	12
chr16	75865000	75865999	19
chr16	75866000	75866999	3
chr16	75867000	75867999	13
chr16	75868000	75868999	17
chr16	75869000	75869999	10
chr16	75870000	75870999	24
chr16	75871000	75871999	11
chr16	75872000	75872999	1
chr16	75873000	75873999	3
chr16	75874000	75874999	2
chr16	75875000	75875999	15
chr16	75876000	75876999	17
chr16	75877000	75877999	0
chr16	75878000	75878999	12
chr16	75879000	75879999	13
chr16	75880000	75880999	11
chr16	75881000	75881999	41
chr16	75882000	75882999	6
chr16	75883000	75883999	0
chr16	75884000	75884999	29
chr16	75885000	75885999	0
chr16	75886000	75886999	6
chr16	75887000	75887999	12
chr16	75888000	75888999	3
chr16	75889000	75889999	6
chr16	75890000	75890999	24
chr16	75891000	75891999	5
chr16	75892000	75892999	25
chr16	75893000	75893999	5
chr16	75894000	75894999	0
chr16	75895000	75895999	5
chr16	75896000	75896999	0
chr16	75897000	75897999	6
chr16	75898000	75898999	10
chr16	75899000	75899999	0
chr16	75900000	75900999	24
chr16	75901000	75901999	15
chr16	75902000	75902999	17
chr16	75903000	75903999	25
chr16	75904000	75904999	6
chr16	75905000	75905999	0
chr16	75906000	75906999	18
chr16	75907000	75907999	0
chr16	75908000	75908999	2
chr16	75909000	75909999	4
chr16	75910000	75910999	1
chr16	75911000	75911999	13
chr16	75912000	75912999	1
chr16	75913000	75913999	19
chr16	75914000	75914999	0
chr16	75915000	75915999	6
chr16	75916000	75916999	0
chr16	75917000	75917999	1
chr16	75918000	75918999	0
chr16	75919000	75919999	1
chr16	75920000	75920999	21
chr16	75921000	75921999	31
chr16	75922000	75922999	4
chr16	75923000	75923999	7
chr16	75924000	75924999	9
chr16	75925000	75925999	9
chr16	75926000	75926999	8
chr16	75927000	75927999	22
chr16	75928000	75928999	4
chr16	75929000	75929999	4
chr16	75930000	75930999	3
chr16	75931000	75931999	9
chr16	75932000	75932999	8
chr16	75933000	75933999	3
chr16	75934000	75934999	3
chr16	75935000	75935999	2
chr16	75936000	75936999	3
chr16	75937000	75937999	0
chr16	75938000	75938999	15
chr16	75939000	75939999	3
chr16	75940000	75940999	1
chr16	75941000	75941999	10
chr16	75942000	75942999	0
chr16	75943000	75943999	0
chr16	75944000	75944999	17
chr16	75945000	75945999	0
chr16	75946000	75946999	12
chr16	75947000	75947999	0
chr16	75948000	75948999	10
chr16	75949000	75949999	14
chr16	75950000	75950999	13
chr16	75951000	75951999	6
chr16	75952000	75952999	0
chr16	75953000	75953999	0
chr16	75954000	75954999	0
chr16	75955000	75955999	0
chr16	75956000	75956999	0
chr16	75957000	75957999	0
chr16	75958000	75958999	0
chr16	75959000	75959999	5
chr16	75960000	75960999	21
chr16	75961000	75961999	22
chr16	75962000	75962999	0
chr16	75963000	75963999	0
chr16	75964000	75964999	10
chr16	75965000	75965999	21
chr16	75966000	75966999	11
chr16	75967000	75967999	0
chr16	75968000	75968999	5
chr16	75969000	75969999	34
chr16	75970000	75970999	13
chr16	75971000	75971999	25
chr16	75972000	75972999	3
chr16	75973000	75973999	14
chr16	75974000	75974999	5
chr16	75975000	75975999	1
chr16	75976000	75976999	19
chr16	75977000	75977999	13
chr16	75978000	75978999	2
chr16	75979000	75979999	6
chr16	75980000	75980999	12
chr16	75981000	75981999	16
chr16	75982000	75982999	3
chr16	75983000	75983999	0
chr16	75984000	75984999	1
chr16	75985000	75985999	11
chr16	75986000	75986999	34
chr16	75987000	75987999	10
chr16	75988000	75988999	1
chr16	75989000	75989999	5
chr16	75990000	75990999	5
chr16	75991000	75991999	0
chr16	75992000	75992999	3
chr16	75993000	75993999	0
chr16	75994000	75994999	0
chr16	75995000	75995999	0
chr16	75996000	75996999	1
chr16	75997000	75997999	0
chr16	75998000	75998999	9
chr16	75999000	75999999	0
chr16	76000000	76000999	5
chr16	76001000	76001999	24
chr16	76002000	76002999	4
chr16	76003000	76003999	22
chr16	76004000	76004999	1
chr16	76005000	76005999	12
chr16	76006000	76006999	16
chr16	76007000	76007999	7
chr16	76008000	76008999	11
chr16	76009000	76009999	9
chr16	76010000	76010999	9
chr16	76011000	76011999	10
chr16	76012000	76012999	6
chr16	76013000	76013999	1
chr16	76014000	76014999	0
chr16	76015000	76015999	0
chr16	76016000	76016999	0
chr16	76017000	76017999	19
chr16	76018000	76018999	0
chr16	76019000	76019999	20
chr16	76020000	76020999	3
chr16	76021000	76021999	9
chr16	76022000	76022999	12
chr16	76023000	76023999	15
chr16	76024000	76024999	0
chr16	76025000	76025999	8
chr16	76026000	76026999	1
chr16	76027000	76027999	2
chr16	76028000	76028999	6
chr16	76029000	76029999	6
chr16	76030000	76030999	4
chr16	76031000	76031999	0
chr16	76032000	76032999	10
chr16	76033000	76033999	0
chr16	76034000	76034999	35
chr16	76035000	76035999	13
chr16	76036000	76036999	0
chr16	76037000	76037999	9
chr16	76038000	76038999	0
chr16	76039000	76039999	1
chr16	76040000	76040999	8
chr16	76041000	76041999	7
chr16	76042000	76042999	0
chr16	76043000	76043999	10
chr16	76044000	76044999	28
chr16	76045000	76045999	8
chr16	76046000	76046999	8
chr16	76047000	76047999	6
chr16	76048000	76048999	34
chr16	76049000	76049999	4
chr16	76050000	76050999	3
chr16	76051000	76051999	6
chr16	76052000	76052999	13
chr16	76053000	76053999	6
chr16	76054000	76054999	17
chr16	76055000	76055999	3
chr16	76056000	76056999	20
chr16	76057000	76057999	0
chr16	76058000	76058999	0
chr16	76059000	76059999	0
chr16	76060000	76060999	0
chr16	76061000	76061999	0
chr16	76062000	76062999	0
chr16	76063000	76063999	0
chr16	76064000	76064999	0
chr16	76065000	76065999	14
chr16	76066000	76066999	0
chr16	76067000	76067999	0
chr16	76068000	76068999	12
chr16	76069000	76069999	26
chr16	76070000	76070999	15
chr16	76071000	76071999	6
chr16	76072000	76072999	7
chr16	76073000	76073999	3
chr16	76074000	76074999	8
chr16	76075000	76075999	22
chr16	76076000	76076999	11
chr16	76077000	76077999	7
chr16	76078000	76078999	0
chr16	76079000	76079999	0
chr16	76080000	76080999	0
chr16	76081000	76081999	6
chr16	76082000	76082999	8
chr16	76083000	76083999	0
chr16	76084000	76084999	16
chr16	76085000	76085999	28
chr16	76086000	76086999	22
chr16	76087000	76087999	16
chr16	76088000	76088999	12
chr16	76089000	76089999	8
chr16	76090000	76090999	0
chr16	76091000	76091999	0
chr16	76092000	76092999	16
chr16	76093000	76093999	3
chr16	76094000	76094999	0
chr16	76095000	76095999	1
chr16	76096000	76096999	0
chr16	76097000	76097999	21
chr16	76098000	76098999	19
chr16	76099000	76099999	25
chr16	76100000	76100999	9
chr16	76101000	76101999	0
chr16	76102000	76102999	9
chr16	76103000	76103999	4
chr16	76104000	76104999	5
chr16	76105000	76105999	6
chr16	76106000	76106999	2
chr16	76107000	76107999	10
chr16	76108000	76108999	19
chr16	76109000	76109999	7
chr16	76110000	76110999	7
chr16	76111000	76111999	12
chr16	76112000	76112999	28
chr16	76113000	76113999	2
chr16	76114000	76114999	11
chr16	76115000	76115999	14
chr16	76116000	76116999	11
chr16	76117000	76117999	8
chr16	76118000	76118999	0
chr16	76119000	76119999	11
chr16	76120000	76120999	4
chr16	76121000	76121999	29
chr16	76122000	76122999	10
chr16	76123000	76123999	3
chr16	76124000	76124999	13
chr16	76125000	76125999	12
chr16	76126000	76126999	4
chr16	76127000	76127999	0
chr16	76128000	76128999	2
chr16	76129000	76129999	9
chr16	76130000	76130999	65
chr16	76131000	76131999	6
chr16	76132000	76132999	9
chr16	76133000	76133999	34
chr16	76134000	76134999	5
chr16	76135000	76135999	0
chr16	76136000	76136999	0
chr16	76137000	76137999	4
chr16	76138000	76138999	0
chr16	76139000	76139999	1
chr16	76140000	76140999	0
chr16	76141000	76141999	0
chr16	76142000	76142999	0
chr16	76143000	76143999	0
chr16	76144000	76144999	14
chr16	76145000	76145999	21
chr16	76146000	76146999	28
chr16	76147000	76147999	0
chr16	76148000	76148999	19
chr16	76149000	76149999	9
chr16	76150000	76150999	15
chr16	76151000	76151999	1
chr16	76152000	76152999	10
chr16	76153000	76153999	8
chr16	76154000	76154999	42
chr16	76155000	76155999	0
chr16	76156000	76156999	0
chr16	76157000	76157999	11
chr16	76158000	76158999	14
chr16	76159000	76159999	13
chr16	76160000	76160999	2
chr16	76161000	76161999	22
chr16	76162000	76162999	5
chr16	76163000	76163999	31
chr16	76164000	76164999	16
chr16	76165000	76165999	8
chr16	76166000	76166999	14
chr16	76167000	76167999	18
chr16	76168000	76168999	14
chr16	76169000	76169999	1
chr16	76170000	76170999	0
chr16	76171000	76171999	0
chr16	76172000	76172999	0
chr16	76173000	76173999	0
chr16	76174000	76174999	0
chr16	76175000	76175999	0
chr16	76176000	76176999	16
chr16	76177000	76177999	0
chr16	76178000	76178999	0
chr16	76179000	76179999	9
chr16	76180000	76180999	13
chr16	76181000	76181999	7
chr16	76182000	76182999	15
chr16	76183000	76183999	37
chr16	76184000	76184999	0
chr16	76185000	76185999	6
chr16	76186000	76186999	3
chr16	76187000	76187999	4
chr16	76188000	76188999	17
chr16	76189000	76189999	0
chr16	76190000	76190999	11
chr16	76191000	76191999	12
chr16	76192000	76192999	10
chr16	76193000	76193999	4
chr16	76194000	76194999	0
chr16	76195000	76195999	8
chr16	76196000	76196999	0
chr16	76197000	76197999	12
chr16	76198000	76198999	15
chr16	76199000	76199999	8
chr16	76200000	76200999	5
chr16	76201000	76201999	38
chr16	76202000	76202999	66
chr16	76203000	76203999	20
chr16	76204000	76204999	9
chr16	76205000	76205999	5
chr16	76206000	76206999	9
chr16	76207000	76207999	4
chr16	76208000	76208999	8
chr16	76209000	76209999	15
chr16	76210000	76210999	7
chr16	76211000	76211999	12
chr16	76212000	76212999	4
chr16	76213000	76213999	9
chr16	76214000	76214999	0
chr16	76215000	76215999	35
chr16	76216000	76216999	26
chr16	76217000	76217999	16
chr16	76218000	76218999	104
chr16	76219000	76219999	83
chr16	76220000	76220999	6
chr16	76221000	76221999	46
chr16	76222000	76222999	11
chr16	76223000	76223999	6
chr16	76224000	76224999	11
chr16	76225000	76225999	38
chr16	76226000	76226999	25
chr16	76227000	76227999	0
chr16	76228000	76228999	41
chr16	76229000	76229999	22
chr16	76230000	76230999	26
chr16	76231000	76231999	78
chr16	76232000	76232999	94
chr16	76233000	76233999	3
chr16	76234000	76234999	23
chr16	76235000	76235999	1
chr16	76236000	76236999	3
chr16	76237000	76237999	16
chr16	76238000	76238999	7
chr16	76239000	76239999	5
chr16	76240000	76240999	8
chr16	76241000	76241999	0
chr16	76242000	76242999	61
chr16	76243000	76243999	69
chr16	76244000	76244999	1
chr16	76245000	76245999	3
chr16	76246000	76246999	11
chr16	76247000	76247999	25
chr16	76248000	76248999	40
chr16	76249000	76249999	36
chr16	76250000	76250999	3
chr16	76251000	76251999	10
chr16	76252000	76252999	0
chr16	76253000	76253999	37
chr16	76254000	76254999	22
chr16	76255000	76255999	11
chr16	76256000	76256999	0
chr16	76257000	76257999	5
chr16	76258000	76258999	1
chr16	76259000	76259999	11
chr16	76260000	76260999	16
chr16	76261000	76261999	13
chr16	76262000	76262999	5
chr16	76263000	76263999	13
chr16	76264000	76264999	15
chr16	76265000	76265999	9
chr16	76266000	76266999	19
chr16	76267000	76267999	12
chr16	76268000	76268999	52
chr16	76269000	76269999	21
chr16	76270000	76270999	20
chr16	76271000	76271999	0
chr16	76272000	76272999	0
chr16	76273000	76273999	23
chr16	76274000	76274999	5
chr16	76275000	76275999	10
chr16	76276000	76276999	18
chr16	76277000	76277999	6
chr16	76278000	76278999	19
chr16	76279000	76279999	4
chr16	76280000	76280999	33
chr16	76281000	76281999	16
chr16	76282000	76282999	10
chr16	76283000	76283999	10
chr16	76284000	76284999	11
chr16	76285000	76285999	44
chr16	76286000	76286999	6
chr16	76287000	76287999	4
chr16	76288000	76288999	1
chr16	76289000	76289999	4
chr16	76290000	76290999	0
chr16	76291000	76291999	4
chr16	76292000	76292999	4
chr16	76293000	76293999	36
chr16	76294000	76294999	24
chr16	76295000	76295999	12
chr16	76296000	76296999	34
chr16	76297000	76297999	0
chr16	76298000	76298999	0
chr16	76299000	76299999	24
chr16	76300000	76300999	18
chr16	76301000	76301999	10
chr16	76302000	76302999	27
chr16	76303000	76303999	0
chr16	76304000	76304999	10
chr16	76305000	76305999	8
chr16	76306000	76306999	16
chr16	76307000	76307999	5
chr16	76308000	76308999	0
chr16	76309000	76309999	1
chr16	76310000	76310999	13
chr16	76311000	76311999	5
chr16	76312000	76312999	11
chr16	76313000	76313999	0
chr16	76314000	76314999	32
chr16	76315000	76315999	35
chr16	76316000	76316999	4
chr16	76317000	76317999	4
chr16	76318000	76318999	25
chr16	76319000	76319999	13
chr16	76320000	76320999	24
chr16	76321000	76321999	11
chr16	76322000	76322999	13
chr16	76323000	76323999	18
chr16	76324000	76324999	24
chr16	76325000	76325999	32
chr16	76326000	76326999	25
chr16	76327000	76327999	8
chr16	76328000	76328999	4
chr16	76329000	76329999	18
chr16	76330000	76330999	3
chr16	76331000	76331999	16
chr16	76332000	76332999	31
chr16	76333000	76333999	17
chr16	76334000	76334999	17
chr16	76335000	76335999	16
chr16	76336000	76336999	16
chr16	76337000	76337999	44
chr16	76338000	76338999	9
chr16	76339000	76339999	35
chr16	76340000	76340999	12
chr16	76341000	76341999	27
chr16	76342000	76342999	23
chr16	76343000	76343999	21
chr16	76344000	76344999	35
chr16	76345000	76345999	8
chr16	76346000	76346999	63
chr16	76347000	76347999	0
chr16	76348000	76348999	25
chr16	76349000	76349999	24
chr16	76350000	76350999	15
chr16	76351000	76351999	28
chr16	76352000	76352999	12
chr16	76353000	76353999	3
chr16	76354000	76354999	59
chr16	76355000	76355999	19
chr16	76356000	76356999	32
chr16	76357000	76357999	46
chr16	76358000	76358999	6
chr16	76359000	76359999	10
chr16	76360000	76360999	1
chr16	76361000	76361999	8
chr16	76362000	76362999	19
chr16	76363000	76363999	4
chr16	76364000	76364999	27
chr16	76365000	76365999	43
chr16	76366000	76366999	2
chr16	76367000	76367999	13
chr16	76368000	76368999	21
chr16	76369000	76369999	2
chr16	76370000	76370999	109
chr16	76371000	76371999	29
chr16	76372000	76372999	37
chr16	76373000	76373999	126
chr16	76374000	76374999	9
chr16	76375000	76375999	10
chr16	76376000	76376999	7
chr16	76377000	76377999	6
chr16	76378000	76378999	19
chr16	76379000	76379999	2
chr16	76380000	76380999	30
chr16	76381000	76381999	12
chr16	76382000	76382999	7
chr16	76383000	76383999	11
chr16	76384000	76384999	11
chr16	76385000	76385999	0
chr16	76386000	76386999	8
chr16	76387000	76387999	7
chr16	76388000	76388999	0
chr16	76389000	76389999	0
chr16	76390000	76390999	1
chr16	76391000	76391999	4
chr16	76392000	76392999	0
chr16	76393000	76393999	29
chr16	76394000	76394999	9
chr16	76395000	76395999	8
chr16	76396000	76396999	17
chr16	76397000	76397999	15
chr16	76398000	76398999	0
chr16	76399000	76399999	40
chr16	76400000	76400999	3
chr16	76401000	76401999	3
chr16	76402000	76402999	0
chr16	76403000	76403999	9
chr16	76404000	76404999	4
chr16	76405000	76405999	11
chr16	76406000	76406999	3
chr16	76407000	76407999	4
chr16	76408000	76408999	21
chr16	76409000	76409999	1
chr16	76410000	76410999	12
chr16	76411000	76411999	40
chr16	76412000	76412999	5
chr16	76413000	76413999	12
chr16	76414000	76414999	32
chr16	76415000	76415999	15
chr16	76416000	76416999	3
chr16	76417000	76417999	4
chr16	76418000	76418999	0
chr16	76419000	76419999	5
chr16	76420000	76420999	43
chr16	76421000	76421999	20
chr16	76422000	76422999	46
chr16	76423000	76423999	0
chr16	76424000	76424999	11
chr16	76425000	76425999	3
chr16	76426000	76426999	12
chr16	76427000	76427999	0
chr16	76428000	76428999	17
chr16	76429000	76429999	50
chr16	76430000	76430999	4
chr16	76431000	76431999	15
chr16	76432000	76432999	160
chr16	76433000	76433999	35
chr16	76434000	76434999	18
chr16	76435000	76435999	12
chr16	76436000	76436999	0
chr16	76437000	76437999	3
chr16	76438000	76438999	0
chr16	76439000	76439999	7
chr16	76440000	76440999	3
chr16	76441000	76441999	8
chr16	76442000	76442999	2
chr16	76443000	76443999	16
chr16	76444000	76444999	16
chr16	76445000	76445999	20
chr16	76446000	76446999	9
chr16	76447000	76447999	6
chr16	76448000	76448999	16
chr16	76449000	76449999	2
chr16	76450000	76450999	7
chr16	76451000	76451999	4
chr16	76452000	76452999	18
chr16	76453000	76453999	11
chr16	76454000	76454999	9
chr16	76455000	76455999	1
chr16	76456000	76456999	10
chr16	76457000	76457999	12
chr16	76458000	76458999	7
chr16	76459000	76459999	1
chr16	76460000	76460999	15
chr16	76461000	76461999	13
chr16	76462000	76462999	7
chr16	76463000	76463999	6
chr16	76464000	76464999	29
chr16	76465000	76465999	7
chr16	76466000	76466999	29
chr16	76467000	76467999	9
chr16	76468000	76468999	14
chr16	76469000	76469999	26
chr16	76470000	76470999	6
chr16	76471000	76471999	19
chr16	76472000	76472999	28
chr16	76473000	76473999	0
chr16	76474000	76474999	23
chr16	76475000	76475999	15
chr16	76476000	76476999	4
chr16	76477000	76477999	1
chr16	76478000	76478999	33
chr16	76479000	76479999	15
chr16	76480000	76480999	25
chr16	76481000	76481999	0
chr16	76482000	76482999	8
chr16	76483000	76483999	3
chr16	76484000	76484999	7
chr16	76485000	76485999	2
chr16	76486000	76486999	4
chr16	76487000	76487999	0
chr16	76488000	76488999	17
chr16	76489000	76489999	0
chr16	76490000	76490999	4
chr16	76491000	76491999	0
chr16	76492000	76492999	0
chr16	76493000	76493999	4
chr16	76494000	76494999	0
chr16	76495000	76495999	0
chr16	76496000	76496999	0
chr16	76497000	76497999	30
chr16	76498000	76498999	0
chr16	76499000	76499999	17
chr16	76500000	76500999	10
chr16	76501000	76501999	20
chr16	76502000	76502999	12
chr16	76503000	76503999	2
chr16	76504000	76504999	20
chr16	76505000	76505999	0
chr16	76506000	76506999	1
chr16	76507000	76507999	0
chr16	76508000	76508999	11
chr16	76509000	76509999	1
chr16	76510000	76510999	18
chr16	76511000	76511999	27
chr16	76512000	76512999	4
chr16	76513000	76513999	0
chr16	76514000	76514999	0
chr16	76515000	76515999	0
chr16	76516000	76516999	0
chr16	76517000	76517999	0
chr16	76518000	76518999	0
chr16	76519000	76519999	21
chr16	76520000	76520999	10
chr16	76521000	76521999	8
chr16	76522000	76522999	12
chr16	76523000	76523999	9
chr16	76524000	76524999	10
chr16	76525000	76525999	7
chr16	76526000	76526999	17
chr16	76527000	76527999	16
chr16	76528000	76528999	20
chr16	76529000	76529999	3
chr16	76530000	76530999	0
chr16	76531000	76531999	19
chr16	76532000	76532999	32
chr16	76533000	76533999	6
chr16	76534000	76534999	7
chr16	76535000	76535999	16
chr16	76536000	76536999	6
chr16	76537000	76537999	17
chr16	76538000	76538999	3
chr16	76539000	76539999	18
chr16	76540000	76540999	21
chr16	76541000	76541999	4
chr16	76542000	76542999	1
chr16	76543000	76543999	28
chr16	76544000	76544999	4
chr16	76545000	76545999	30
chr16	76546000	76546999	6
chr16	76547000	76547999	0
chr16	76548000	76548999	25
chr16	76549000	76549999	0
chr16	76550000	76550999	7
chr16	76551000	76551999	4
chr16	76552000	76552999	0
chr16	76553000	76553999	16
chr16	76554000	76554999	15
chr16	76555000	76555999	35
chr16	76556000	76556999	0
chr16	76557000	76557999	11
chr16	76558000	76558999	3
chr16	76559000	76559999	18
chr16	76560000	76560999	22
chr16	76561000	76561999	8
chr16	76562000	76562999	3
chr16	76563000	76563999	0
chr16	76564000	76564999	4
chr16	76565000	76565999	8
chr16	76566000	76566999	0
chr16	76567000	76567999	0
chr16	76568000	76568999	2
chr16	76569000	76569999	0
chr16	76570000	76570999	13
chr16	76571000	76571999	8
chr16	76572000	76572999	18
chr16	76573000	76573999	8
chr16	76574000	76574999	5
chr16	76575000	76575999	1
chr16	76576000	76576999	33
chr16	76577000	76577999	18
chr16	76578000	76578999	7
chr16	76579000	76579999	3
chr16	76580000	76580999	3
chr16	76581000	76581999	6
chr16	76582000	76582999	0
chr16	76583000	76583999	0
chr16	76584000	76584999	0
chr16	76585000	76585999	12
chr16	76586000	76586999	2
chr16	76587000	76587999	18
chr16	76588000	76588999	21
chr16	76589000	76589999	15
chr16	76590000	76590999	0
chr16	76591000	76591999	27
chr16	76592000	76592999	0
chr16	76593000	76593999	0
chr16	76594000	76594999	1
chr16	76595000	76595999	8
chr16	76596000	76596999	0
chr16	76597000	76597999	12
chr16	76598000	76598999	3
chr16	76599000	76599999	8
chr16	76600000	76600999	14
chr16	76601000	76601999	5
chr16	76602000	76602999	0
chr16	76603000	76603999	9
chr16	76604000	76604999	0
chr16	76605000	76605999	0
chr16	76606000	76606999	11
chr16	76607000	76607999	10
chr16	76608000	76608999	15
chr16	76609000	76609999	40
chr16	76610000	76610999	21
chr16	76611000	76611999	0
chr16	76612000	76612999	7
chr16	76613000	76613999	14
chr16	76614000	76614999	0
chr16	76615000	76615999	0
chr16	76616000	76616999	11
chr16	76617000	76617999	0
chr16	76618000	76618999	35
chr16	76619000	76619999	27
chr16	76620000	76620999	14
chr16	76621000	76621999	33
chr16	76622000	76622999	5
chr16	76623000	76623999	2
chr16	76624000	76624999	1
chr16	76625000	76625999	15
chr16	76626000	76626999	0
chr16	76627000	76627999	9
chr16	76628000	76628999	0
chr16	76629000	76629999	6
chr16	76630000	76630999	0
chr16	76631000	76631999	0
chr16	76632000	76632999	1
chr16	76633000	76633999	35
chr16	76634000	76634999	18
chr16	76635000	76635999	0
chr16	76636000	76636999	0
chr16	76637000	76637999	0
chr16	76638000	76638999	0
chr16	76639000	76639999	0
chr16	76640000	76640999	0
chr16	76641000	76641999	0
chr16	76642000	76642999	6
chr16	76643000	76643999	0
chr16	76644000	76644999	15
chr16	76645000	76645999	14
chr16	76646000	76646999	5
chr16	76647000	76647999	0
chr16	76648000	76648999	0
chr16	76649000	76649999	12
chr16	76650000	76650999	2
chr16	76651000	76651999	5
chr16	76652000	76652999	8
chr16	76653000	76653999	14
chr16	76654000	76654999	22
chr16	76655000	76655999	4
chr16	76656000	76656999	8
chr16	76657000	76657999	0
chr16	76658000	76658999	9
chr16	76659000	76659999	11
chr16	76660000	76660999	5
chr16	76661000	76661999	10
chr16	76662000	76662999	6
chr16	76663000	76663999	0
chr16	76664000	76664999	1
chr16	76665000	76665999	3
chr16	76666000	76666999	17
chr16	76667000	76667999	4
chr16	76668000	76668999	18
chr16	76669000	76669999	6
chr16	76670000	76670999	13
chr16	76671000	76671999	11
chr16	76672000	76672999	0
chr16	76673000	76673999	9
chr16	76674000	76674999	0
chr16	76675000	76675999	21
chr16	76676000	76676999	17
chr16	76677000	76677999	13
chr16	76678000	76678999	29
chr16	76679000	76679999	0
chr16	76680000	76680999	12
chr16	76681000	76681999	0
chr16	76682000	76682999	2
chr16	76683000	76683999	11
chr16	76684000	76684999	5
chr16	76685000	76685999	5
chr16	76686000	76686999	0
chr16	76687000	76687999	16
chr16	76688000	76688999	32
chr16	76689000	76689999	3
chr16	76690000	76690999	0
chr16	76691000	76691999	0
chr16	76692000	76692999	14
chr16	76693000	76693999	3
chr16	76694000	76694999	12
chr16	76695000	76695999	9
chr16	76696000	76696999	2
chr16	76697000	76697999	20
chr16	76698000	76698999	10
chr16	76699000	76699999	8
chr16	76700000	76700999	0
chr16	76701000	76701999	3
chr16	76702000	76702999	31
chr16	76703000	76703999	9
chr16	76704000	76704999	4
chr16	76705000	76705999	9
chr16	76706000	76706999	8
chr16	76707000	76707999	17
chr16	76708000	76708999	13
chr16	76709000	76709999	17
chr16	76710000	76710999	0
chr16	76711000	76711999	4
chr16	76712000	76712999	0
chr16	76713000	76713999	1
chr16	76714000	76714999	5
chr16	76715000	76715999	21
chr16	76716000	76716999	20
chr16	76717000	76717999	0
chr16	76718000	76718999	19
chr16	76719000	76719999	6
chr16	76720000	76720999	14
chr16	76721000	76721999	0
chr16	76722000	76722999	24
chr16	76723000	76723999	5
chr16	76724000	76724999	4
chr16	76725000	76725999	3
chr16	76726000	76726999	13
chr16	76727000	76727999	9
chr16	76728000	76728999	2
chr16	76729000	76729999	11
chr16	76730000	76730999	5
chr16	76731000	76731999	19
chr16	76732000	76732999	2
chr16	76733000	76733999	12
chr16	76734000	76734999	5
chr16	76735000	76735999	11
chr16	76736000	76736999	9
chr16	76737000	76737999	13
chr16	76738000	76738999	19
chr16	76739000	76739999	3
chr16	76740000	76740999	22
chr16	76741000	76741999	14
chr16	76742000	76742999	23
chr16	76743000	76743999	18
chr16	76744000	76744999	21
chr16	76745000	76745999	19
chr16	76746000	76746999	44
chr16	76747000	76747999	7
chr16	76748000	76748999	0
chr16	76749000	76749999	19
chr16	76750000	76750999	8
chr16	76751000	76751999	13
chr16	76752000	76752999	7
chr16	76753000	76753999	22
chr16	76754000	76754999	0
chr16	76755000	76755999	13
chr16	76756000	76756999	3
chr16	76757000	76757999	21
chr16	76758000	76758999	14
chr16	76759000	76759999	3
chr16	76760000	76760999	1
chr16	76761000	76761999	10
chr16	76762000	76762999	16
chr16	76763000	76763999	0
chr16	76764000	76764999	13
chr16	76765000	76765999	22
chr16	76766000	76766999	22
chr16	76767000	76767999	10
chr16	76768000	76768999	6
chr16	76769000	76769999	0
chr16	76770000	76770999	22
chr16	76771000	76771999	26
chr16	76772000	76772999	17
chr16	76773000	76773999	32
chr16	76774000	76774999	4
chr16	76775000	76775999	5
chr16	76776000	76776999	20
chr16	76777000	76777999	2
chr16	76778000	76778999	0
chr16	76779000	76779999	15
chr16	76780000	76780999	0
chr16	76781000	76781999	8
chr16	76782000	76782999	0
chr16	76783000	76783999	10
chr16	76784000	76784999	2
chr16	76785000	76785999	7
chr16	76786000	76786999	25
chr16	76787000	76787999	29
chr16	76788000	76788999	11
chr16	76789000	76789999	0
chr16	76790000	76790999	0
chr16	76791000	76791999	0
chr16	76792000	76792999	0
chr16	76793000	76793999	0
chr16	76794000	76794999	0
chr16	76795000	76795999	13
chr16	76796000	76796999	9
chr16	76797000	76797999	0
chr16	76798000	76798999	10
chr16	76799000	76799999	17
chr16	76800000	76800999	18
chr16	76801000	76801999	6
chr16	76802000	76802999	0
chr16	76803000	76803999	8
chr16	76804000	76804999	11
chr16	76805000	76805999	4
chr16	76806000	76806999	7
chr16	76807000	76807999	13
chr16	76808000	76808999	2
chr16	76809000	76809999	11
chr16	76810000	76810999	5
chr16	76811000	76811999	0
chr16	76812000	76812999	0
chr16	76813000	76813999	7
chr16	76814000	76814999	3
chr16	76815000	76815999	0
chr16	76816000	76816999	17
chr16	76817000	76817999	29
chr16	76818000	76818999	2
chr16	76819000	76819999	25
chr16	76820000	76820999	12
chr16	76821000	76821999	7
chr16	76822000	76822999	6
chr16	76823000	76823999	1
chr16	76824000	76824999	14
chr16	76825000	76825999	38
chr16	76826000	76826999	30
chr16	76827000	76827999	10
chr16	76828000	76828999	0
chr16	76829000	76829999	13
chr16	76830000	76830999	6
chr16	76831000	76831999	3
chr16	76832000	76832999	0
chr16	76833000	76833999	7
chr16	76834000	76834999	9
chr16	76835000	76835999	6
chr16	76836000	76836999	15
chr16	76837000	76837999	5
chr16	76838000	76838999	16
chr16	76839000	76839999	22
chr16	76840000	76840999	4
chr16	76841000	76841999	20
chr16	76842000	76842999	1
chr16	76843000	76843999	5
chr16	76844000	76844999	13
chr16	76845000	76845999	29
chr16	76846000	76846999	0
chr16	76847000	76847999	0
chr16	76848000	76848999	0
chr16	76849000	76849999	0
chr16	76850000	76850999	20
chr16	76851000	76851999	30
chr16	76852000	76852999	0
chr16	76853000	76853999	16
chr16	76854000	76854999	8
chr16	76855000	76855999	3
chr16	76856000	76856999	0
chr16	76857000	76857999	8
chr16	76858000	76858999	39
chr16	76859000	76859999	7
chr16	76860000	76860999	10
chr16	76861000	76861999	11
chr16	76862000	76862999	0
chr16	76863000	76863999	23
chr16	76864000	76864999	32
chr16	76865000	76865999	8
chr16	76866000	76866999	4
chr16	76867000	76867999	9
chr16	76868000	76868999	24
chr16	76869000	76869999	16
chr16	76870000	76870999	10
chr16	76871000	76871999	4
chr16	76872000	76872999	10
chr16	76873000	76873999	10
chr16	76874000	76874999	20
chr16	76875000	76875999	12
chr16	76876000	76876999	0
chr16	76877000	76877999	0
chr16	76878000	76878999	10
chr16	76879000	76879999	19
chr16	76880000	76880999	13
chr16	76881000	76881999	13
chr16	76882000	76882999	3
chr16	76883000	76883999	21
chr16	76884000	76884999	4
chr16	76885000	76885999	7
chr16	76886000	76886999	14
chr16	76887000	76887999	17
chr16	76888000	76888999	0
chr16	76889000	76889999	8
chr16	76890000	76890999	5
chr16	76891000	76891999	11
chr16	76892000	76892999	19
chr16	76893000	76893999	14
chr16	76894000	76894999	23
chr16	76895000	76895999	1
chr16	76896000	76896999	10
chr16	76897000	76897999	11
chr16	76898000	76898999	15
chr16	76899000	76899999	4
chr16	76900000	76900999	16
chr16	76901000	76901999	7
chr16	76902000	76902999	13
chr16	76903000	76903999	6
chr16	76904000	76904999	14
chr16	76905000	76905999	14
chr16	76906000	76906999	0
chr16	76907000	76907999	5
chr16	76908000	76908999	12
chr16	76909000	76909999	24
chr16	76910000	76910999	25
chr16	76911000	76911999	7
chr16	76912000	76912999	29
chr16	76913000	76913999	13
chr16	76914000	76914999	12
chr16	76915000	76915999	4
chr16	76916000	76916999	0
chr16	76917000	76917999	13
chr16	76918000	76918999	39
chr16	76919000	76919999	11
chr16	76920000	76920999	15
chr16	76921000	76921999	0
chr16	76922000	76922999	2
chr16	76923000	76923999	19
chr16	76924000	76924999	0
chr16	76925000	76925999	14
chr16	76926000	76926999	7
chr16	76927000	76927999	0
chr16	76928000	76928999	11
chr16	76929000	76929999	21
chr16	76930000	76930999	0
chr16	76931000	76931999	5
chr16	76932000	76932999	29
chr16	76933000	76933999	39
chr16	76934000	76934999	12
chr16	76935000	76935999	6
chr16	76936000	76936999	30
chr16	76937000	76937999	13
chr16	76938000	76938999	0
chr16	76939000	76939999	0
chr16	76940000	76940999	10
chr16	76941000	76941999	1
chr16	76942000	76942999	11
chr16	76943000	76943999	0
chr16	76944000	76944999	14
chr16	76945000	76945999	3
chr16	76946000	76946999	11
chr16	76947000	76947999	9
chr16	76948000	76948999	11
chr16	76949000	76949999	22
chr16	76950000	76950999	2
chr16	76951000	76951999	6
chr16	76952000	76952999	9
chr16	76953000	76953999	4
chr16	76954000	76954999	19
chr16	76955000	76955999	1
chr16	76956000	76956999	0
chr16	76957000	76957999	25
chr16	76958000	76958999	18
chr16	76959000	76959999	9
chr16	76960000	76960999	4
chr16	76961000	76961999	6
chr16	76962000	76962999	6
chr16	76963000	76963999	15
chr16	76964000	76964999	9
chr16	76965000	76965999	9
chr16	76966000	76966999	7
chr16	76967000	76967999	5
chr16	76968000	76968999	3
chr16	76969000	76969999	1
chr16	76970000	76970999	21
chr16	76971000	76971999	6
chr16	76972000	76972999	5
chr16	76973000	76973999	0
chr16	76974000	76974999	22
chr16	76975000	76975999	0
chr16	76976000	76976999	10
chr16	76977000	76977999	1
chr16	76978000	76978999	7
chr16	76979000	76979999	3
chr16	76980000	76980999	9
chr16	76981000	76981999	10
chr16	76982000	76982999	14
chr16	76983000	76983999	25
chr16	76984000	76984999	31
chr16	76985000	76985999	10
chr16	76986000	76986999	15
chr16	76987000	76987999	14
chr16	76988000	76988999	0
chr16	76989000	76989999	0
chr16	76990000	76990999	0
chr16	76991000	76991999	0
chr16	76992000	76992999	9
chr16	76993000	76993999	0
chr16	76994000	76994999	4
chr16	76995000	76995999	19
chr16	76996000	76996999	34
chr16	76997000	76997999	11
chr16	76998000	76998999	1
chr16	76999000	76999999	2
chr16	77000000	77000999	31
chr16	77001000	77001999	31
chr16	77002000	77002999	13
chr16	77003000	77003999	5
chr16	77004000	77004999	33
chr16	77005000	77005999	27
chr16	77006000	77006999	8
chr16	77007000	77007999	21
chr16	77008000	77008999	9
chr16	77009000	77009999	30
chr16	77010000	77010999	13
chr16	77011000	77011999	23
chr16	77012000	77012999	43
chr16	77013000	77013999	124
chr16	77014000	77014999	36
chr16	77015000	77015999	21
chr16	77016000	77016999	49
chr16	77017000	77017999	12
chr16	77018000	77018999	7
chr16	77019000	77019999	8
chr16	77020000	77020999	6
chr16	77021000	77021999	32
chr16	77022000	77022999	7
chr16	77023000	77023999	10
chr16	77024000	77024999	25
chr16	77025000	77025999	3
chr16	77026000	77026999	5
chr16	77027000	77027999	27
chr16	77028000	77028999	2
chr16	77029000	77029999	29
chr16	77030000	77030999	54
chr16	77031000	77031999	0
chr16	77032000	77032999	26
chr16	77033000	77033999	9
chr16	77034000	77034999	18
chr16	77035000	77035999	7
chr16	77036000	77036999	37
chr16	77037000	77037999	26
chr16	77038000	77038999	31
chr16	77039000	77039999	12
chr16	77040000	77040999	9
chr16	77041000	77041999	20
chr16	77042000	77042999	0
chr16	77043000	77043999	11
chr16	77044000	77044999	44
chr16	77045000	77045999	8
chr16	77046000	77046999	18
chr16	77047000	77047999	22
chr16	77048000	77048999	0
chr16	77049000	77049999	4
chr16	77050000	77050999	3
chr16	77051000	77051999	0
chr16	77052000	77052999	20
chr16	77053000	77053999	7
chr16	77054000	77054999	0
chr16	77055000	77055999	2
chr16	77056000	77056999	16
chr16	77057000	77057999	9
chr16	77058000	77058999	7
chr16	77059000	77059999	8
chr16	77060000	77060999	5
chr16	77061000	77061999	4
chr16	77062000	77062999	20
chr16	77063000	77063999	0
chr16	77064000	77064999	34
chr16	77065000	77065999	8
chr16	77066000	77066999	17
chr16	77067000	77067999	15
chr16	77068000	77068999	2
chr16	77069000	77069999	9
chr16	77070000	77070999	19
chr16	77071000	77071999	11
chr16	77072000	77072999	25
chr16	77073000	77073999	9
chr16	77074000	77074999	1
chr16	77075000	77075999	4
chr16	77076000	77076999	20
chr16	77077000	77077999	11
chr16	77078000	77078999	0
chr16	77079000	77079999	4
chr16	77080000	77080999	3
chr16	77081000	77081999	17
chr16	77082000	77082999	10
chr16	77083000	77083999	49
chr16	77084000	77084999	9
chr16	77085000	77085999	0
chr16	77086000	77086999	0
chr16	77087000	77087999	1
chr16	77088000	77088999	4
chr16	77089000	77089999	5
chr16	77090000	77090999	0
chr16	77091000	77091999	2
chr16	77092000	77092999	4
chr16	77093000	77093999	0
chr16	77094000	77094999	38
chr16	77095000	77095999	14
chr16	77096000	77096999	0
chr16	77097000	77097999	7
chr16	77098000	77098999	36
chr16	77099000	77099999	0
chr16	77100000	77100999	0
chr16	77101000	77101999	15
chr16	77102000	77102999	3
chr16	77103000	77103999	8
chr16	77104000	77104999	15
chr16	77105000	77105999	6
chr16	77106000	77106999	0
chr16	77107000	77107999	6
chr16	77108000	77108999	18
chr16	77109000	77109999	4
chr16	77110000	77110999	0
chr16	77111000	77111999	4
chr16	77112000	77112999	11
chr16	77113000	77113999	7
chr16	77114000	77114999	5
chr16	77115000	77115999	20
chr16	77116000	77116999	7
chr16	77117000	77117999	0
chr16	77118000	77118999	0
chr16	77119000	77119999	4
chr16	77120000	77120999	0
chr16	77121000	77121999	0
chr16	77122000	77122999	16
chr16	77123000	77123999	0
chr16	77124000	77124999	3
chr16	77125000	77125999	10
chr16	77126000	77126999	29
chr16	77127000	77127999	7
chr16	77128000	77128999	9
chr16	77129000	77129999	16
chr16	77130000	77130999	5
chr16	77131000	77131999	4
chr16	77132000	77132999	12
chr16	77133000	77133999	22
chr16	77134000	77134999	12
chr16	77135000	77135999	8
chr16	77136000	77136999	3
chr16	77137000	77137999	7
chr16	77138000	77138999	1
chr16	77139000	77139999	15
chr16	77140000	77140999	13
chr16	77141000	77141999	10
chr16	77142000	77142999	5
chr16	77143000	77143999	11
chr16	77144000	77144999	13
chr16	77145000	77145999	23
chr16	77146000	77146999	8
chr16	77147000	77147999	4
chr16	77148000	77148999	18
chr16	77149000	77149999	9
chr16	77150000	77150999	10
chr16	77151000	77151999	17
chr16	77152000	77152999	0
chr16	77153000	77153999	0
chr16	77154000	77154999	4
chr16	77155000	77155999	14
chr16	77156000	77156999	0
chr16	77157000	77157999	0
chr16	77158000	77158999	0
chr16	77159000	77159999	0
chr16	77160000	77160999	0
chr16	77161000	77161999	0
chr16	77162000	77162999	4
chr16	77163000	77163999	9
chr16	77164000	77164999	17
chr16	77165000	77165999	0
chr16	77166000	77166999	0
chr16	77167000	77167999	6
chr16	77168000	77168999	10
chr16	77169000	77169999	5
chr16	77170000	77170999	0
chr16	77171000	77171999	2
chr16	77172000	77172999	0
chr16	77173000	77173999	10
chr16	77174000	77174999	20
chr16	77175000	77175999	9
chr16	77176000	77176999	10
chr16	77177000	77177999	1
chr16	77178000	77178999	25
chr16	77179000	77179999	10
chr16	77180000	77180999	12
chr16	77181000	77181999	15
chr16	77182000	77182999	13
chr16	77183000	77183999	3
chr16	77184000	77184999	10
chr16	77185000	77185999	9
chr16	77186000	77186999	16
chr16	77187000	77187999	0
chr16	77188000	77188999	0
chr16	77189000	77189999	0
chr16	77190000	77190999	0
chr16	77191000	77191999	0
chr16	77192000	77192999	0
chr16	77193000	77193999	2
chr16	77194000	77194999	2
chr16	77195000	77195999	1
chr16	77196000	77196999	11
chr16	77197000	77197999	0
chr16	77198000	77198999	0
chr16	77199000	77199999	9
chr16	77200000	77200999	39
chr16	77201000	77201999	0
chr16	77202000	77202999	0
chr16	77203000	77203999	29
chr16	77204000	77204999	12
chr16	77205000	77205999	1
chr16	77206000	77206999	0
chr16	77207000	77207999	1
chr16	77208000	77208999	13
chr16	77209000	77209999	8
chr16	77210000	77210999	23
chr16	77211000	77211999	7
chr16	77212000	77212999	9
chr16	77213000	77213999	11
chr16	77214000	77214999	1
chr16	77215000	77215999	1
chr16	77216000	77216999	17
chr16	77217000	77217999	15
chr16	77218000	77218999	5
chr16	77219000	77219999	40
chr16	77220000	77220999	18
chr16	77221000	77221999	1
chr16	77222000	77222999	8
chr16	77223000	77223999	10
chr16	77224000	77224999	0
chr16	77225000	77225999	0
chr16	77226000	77226999	0
chr16	77227000	77227999	0
chr16	77228000	77228999	14
chr16	77229000	77229999	0
chr16	77230000	77230999	0
chr16	77231000	77231999	12
chr16	77232000	77232999	17
chr16	77233000	77233999	8
chr16	77234000	77234999	10
chr16	77235000	77235999	1
chr16	77236000	77236999	22
chr16	77237000	77237999	21
chr16	77238000	77238999	23
chr16	77239000	77239999	12
chr16	77240000	77240999	22
chr16	77241000	77241999	20
chr16	77242000	77242999	0
chr16	77243000	77243999	0
chr16	77244000	77244999	4
chr16	77245000	77245999	0
chr16	77246000	77246999	0
chr16	77247000	77247999	3
chr16	77248000	77248999	1
chr16	77249000	77249999	0
chr16	77250000	77250999	0
chr16	77251000	77251999	24
chr16	77252000	77252999	4
chr16	77253000	77253999	4
chr16	77254000	77254999	3
chr16	77255000	77255999	45
chr16	77256000	77256999	18
chr16	77257000	77257999	19
chr16	77258000	77258999	16
chr16	77259000	77259999	4
chr16	77260000	77260999	6
chr16	77261000	77261999	2
chr16	77262000	77262999	0
chr16	77263000	77263999	6
chr16	77264000	77264999	13
chr16	77265000	77265999	11
chr16	77266000	77266999	17
chr16	77267000	77267999	8
chr16	77268000	77268999	8
chr16	77269000	77269999	0
chr16	77270000	77270999	20
chr16	77271000	77271999	35
chr16	77272000	77272999	13
chr16	77273000	77273999	20
chr16	77274000	77274999	0
chr16	77275000	77275999	0
chr16	77276000	77276999	11
chr16	77277000	77277999	28
chr16	77278000	77278999	21
chr16	77279000	77279999	16
chr16	77280000	77280999	5
chr16	77281000	77281999	14
chr16	77282000	77282999	7
chr16	77283000	77283999	0
chr16	77284000	77284999	6
chr16	77285000	77285999	0
chr16	77286000	77286999	2
chr16	77287000	77287999	27
chr16	77288000	77288999	19
chr16	77289000	77289999	11
chr16	77290000	77290999	0
chr16	77291000	77291999	0
chr16	77292000	77292999	7
chr16	77293000	77293999	8
chr16	77294000	77294999	8
chr16	77295000	77295999	2
chr16	77296000	77296999	0
chr16	77297000	77297999	15
chr16	77298000	77298999	0
chr16	77299000	77299999	0
chr16	77300000	77300999	3
chr16	77301000	77301999	20
chr16	77302000	77302999	0
chr16	77303000	77303999	0
chr16	77304000	77304999	20
chr16	77305000	77305999	15
chr16	77306000	77306999	0
chr16	77307000	77307999	2
chr16	77308000	77308999	19
chr16	77309000	77309999	15
chr16	77310000	77310999	16
chr16	77311000	77311999	0
chr16	77312000	77312999	9
chr16	77313000	77313999	3
chr16	77314000	77314999	5
chr16	77315000	77315999	0
chr16	77316000	77316999	2
chr16	77317000	77317999	7
chr16	77318000	77318999	4
chr16	77319000	77319999	0
chr16	77320000	77320999	18
chr16	77321000	77321999	0
chr16	77322000	77322999	38
chr16	77323000	77323999	16
chr16	77324000	77324999	0
chr16	77325000	77325999	0
chr16	77326000	77326999	12
chr16	77327000	77327999	28
chr16	77328000	77328999	4
chr16	77329000	77329999	44
chr16	77330000	77330999	26
chr16	77331000	77331999	53
chr16	77332000	77332999	7
chr16	77333000	77333999	4
chr16	77334000	77334999	21
chr16	77335000	77335999	18
chr16	77336000	77336999	4
chr16	77337000	77337999	0
chr16	77338000	77338999	13
chr16	77339000	77339999	0
chr16	77340000	77340999	11
chr16	77341000	77341999	18
chr16	77342000	77342999	10
chr16	77343000	77343999	35
chr16	77344000	77344999	12
chr16	77345000	77345999	4
chr16	77346000	77346999	7
chr16	77347000	77347999	11
chr16	77348000	77348999	11
chr16	77349000	77349999	41
chr16	77350000	77350999	0
chr16	77351000	77351999	10
chr16	77352000	77352999	28
chr16	77353000	77353999	12
chr16	77354000	77354999	19
chr16	77355000	77355999	11
chr16	77356000	77356999	12
chr16	77357000	77357999	13
chr16	77358000	77358999	0
chr16	77359000	77359999	18
chr16	77360000	77360999	28
chr16	77361000	77361999	4
chr16	77362000	77362999	0
chr16	77363000	77363999	13
chr16	77364000	77364999	8
chr16	77365000	77365999	3
chr16	77366000	77366999	0
chr16	77367000	77367999	0
chr16	77368000	77368999	18
chr16	77369000	77369999	13
chr16	77370000	77370999	9
chr16	77371000	77371999	5
chr16	77372000	77372999	8
chr16	77373000	77373999	22
chr16	77374000	77374999	21
chr16	77375000	77375999	12
chr16	77376000	77376999	15
chr16	77377000	77377999	15
chr16	77378000	77378999	7
chr16	77379000	77379999	12
chr16	77380000	77380999	67
chr16	77381000	77381999	11
chr16	77382000	77382999	13
chr16	77383000	77383999	28
chr16	77384000	77384999	4
chr16	77385000	77385999	5
chr16	77386000	77386999	25
chr16	77387000	77387999	13
chr16	77388000	77388999	5
chr16	77389000	77389999	5
chr16	77390000	77390999	0
chr16	77391000	77391999	16
chr16	77392000	77392999	11
chr16	77393000	77393999	4
chr16	77394000	77394999	14
chr16	77395000	77395999	7
chr16	77396000	77396999	12
chr16	77397000	77397999	31
chr16	77398000	77398999	6
chr16	77399000	77399999	39
chr16	77400000	77400999	23
chr16	77401000	77401999	18
chr16	77402000	77402999	3
chr16	77403000	77403999	26
chr16	77404000	77404999	11
chr16	77405000	77405999	1
chr16	77406000	77406999	6
chr16	77407000	77407999	17
chr16	77408000	77408999	9
chr16	77409000	77409999	5
chr16	77410000	77410999	0
chr16	77411000	77411999	11
chr16	77412000	77412999	20
chr16	77413000	77413999	16
chr16	77414000	77414999	17
chr16	77415000	77415999	12
chr16	77416000	77416999	1
chr16	77417000	77417999	21
chr16	77418000	77418999	7
chr16	77419000	77419999	2
chr16	77420000	77420999	0
chr16	77421000	77421999	9
chr16	77422000	77422999	17
chr16	77423000	77423999	39
chr16	77424000	77424999	5
chr16	77425000	77425999	18
chr16	77426000	77426999	5
chr16	77427000	77427999	5
chr16	77428000	77428999	11
chr16	77429000	77429999	3
chr16	77430000	77430999	0
chr16	77431000	77431999	8
chr16	77432000	77432999	5
chr16	77433000	77433999	25
chr16	77434000	77434999	1
chr16	77435000	77435999	12
chr16	77436000	77436999	4
chr16	77437000	77437999	19
chr16	77438000	77438999	18
chr16	77439000	77439999	4
chr16	77440000	77440999	0
chr16	77441000	77441999	21
chr16	77442000	77442999	12
chr16	77443000	77443999	11
chr16	77444000	77444999	20
chr16	77445000	77445999	0
chr16	77446000	77446999	32
chr16	77447000	77447999	15
chr16	77448000	77448999	20
chr16	77449000	77449999	31
chr16	77450000	77450999	25
chr16	77451000	77451999	15
chr16	77452000	77452999	6
chr16	77453000	77453999	15
chr16	77454000	77454999	19
chr16	77455000	77455999	9
chr16	77456000	77456999	7
chr16	77457000	77457999	2
chr16	77458000	77458999	6
chr16	77459000	77459999	26
chr16	77460000	77460999	25
chr16	77461000	77461999	7
chr16	77462000	77462999	2
chr16	77463000	77463999	0
chr16	77464000	77464999	0
chr16	77465000	77465999	15
chr16	77466000	77466999	0
chr16	77467000	77467999	18
chr16	77468000	77468999	18
chr16	77469000	77469999	14
chr16	77470000	77470999	21
chr16	77471000	77471999	21
chr16	77472000	77472999	15
chr16	77473000	77473999	2
chr16	77474000	77474999	7
chr16	77475000	77475999	4
chr16	77476000	77476999	2
chr16	77477000	77477999	0
chr16	77478000	77478999	0
chr16	77479000	77479999	16
chr16	77480000	77480999	0
chr16	77481000	77481999	4
chr16	77482000	77482999	0
chr16	77483000	77483999	14
chr16	77484000	77484999	0
chr16	77485000	77485999	9
chr16	77486000	77486999	12
chr16	77487000	77487999	27
chr16	77488000	77488999	0
chr16	77489000	77489999	11
chr16	77490000	77490999	14
chr16	77491000	77491999	34
chr16	77492000	77492999	25
chr16	77493000	77493999	0
chr16	77494000	77494999	2
chr16	77495000	77495999	3
chr16	77496000	77496999	2
chr16	77497000	77497999	40
chr16	77498000	77498999	1
chr16	77499000	77499999	0
chr16	77500000	77500999	40
chr16	77501000	77501999	0
chr16	77502000	77502999	0
chr16	77503000	77503999	28
chr16	77504000	77504999	0
chr16	77505000	77505999	12
chr16	77506000	77506999	15
chr16	77507000	77507999	24
chr16	77508000	77508999	13
chr16	77509000	77509999	10
chr16	77510000	77510999	2
chr16	77511000	77511999	0
chr16	77512000	77512999	36
chr16	77513000	77513999	2
chr16	77514000	77514999	52
chr16	77515000	77515999	2
chr16	77516000	77516999	3
chr16	77517000	77517999	2
chr16	77518000	77518999	0
chr16	77519000	77519999	0
chr16	77520000	77520999	7
chr16	77521000	77521999	24
chr16	77522000	77522999	10
chr16	77523000	77523999	3
chr16	77524000	77524999	10
chr16	77525000	77525999	5
chr16	77526000	77526999	12
chr16	77527000	77527999	34
chr16	77528000	77528999	1
chr16	77529000	77529999	1
chr16	77530000	77530999	1
chr16	77531000	77531999	5
chr16	77532000	77532999	0
chr16	77533000	77533999	5
chr16	77534000	77534999	0
chr16	77535000	77535999	19
chr16	77536000	77536999	12
chr16	77537000	77537999	20
chr16	77538000	77538999	16
chr16	77539000	77539999	0
chr16	77540000	77540999	0
chr16	77541000	77541999	11
chr16	77542000	77542999	10
chr16	77543000	77543999	3
chr16	77544000	77544999	0
chr16	77545000	77545999	0
chr16	77546000	77546999	0
chr16	77547000	77547999	5
chr16	77548000	77548999	18
chr16	77549000	77549999	12
chr16	77550000	77550999	11
chr16	77551000	77551999	14
chr16	77552000	77552999	9
chr16	77553000	77553999	14
chr16	77554000	77554999	16
chr16	77555000	77555999	27
chr16	77556000	77556999	27
chr16	77557000	77557999	17
chr16	77558000	77558999	10
chr16	77559000	77559999	36
chr16	77560000	77560999	0
chr16	77561000	77561999	13
chr16	77562000	77562999	0
chr16	77563000	77563999	13
chr16	77564000	77564999	19
chr16	77565000	77565999	0
chr16	77566000	77566999	0
chr16	77567000	77567999	0
chr16	77568000	77568999	6
chr16	77569000	77569999	17
chr16	77570000	77570999	1
chr16	77571000	77571999	14
chr16	77572000	77572999	1
chr16	77573000	77573999	10
chr16	77574000	77574999	9
chr16	77575000	77575999	2
chr16	77576000	77576999	15
chr16	77577000	77577999	8
chr16	77578000	77578999	0
chr16	77579000	77579999	0
chr16	77580000	77580999	10
chr16	77581000	77581999	0
chr16	77582000	77582999	0
chr16	77583000	77583999	5
chr16	77584000	77584999	24
chr16	77585000	77585999	4
chr16	77586000	77586999	45
chr16	77587000	77587999	7
chr16	77588000	77588999	11
chr16	77589000	77589999	0
chr16	77590000	77590999	13
chr16	77591000	77591999	7
chr16	77592000	77592999	22
chr16	77593000	77593999	21
chr16	77594000	77594999	27
chr16	77595000	77595999	15
chr16	77596000	77596999	2
chr16	77597000	77597999	14
chr16	77598000	77598999	4
chr16	77599000	77599999	6
chr16	77600000	77600999	5
chr16	77601000	77601999	15
chr16	77602000	77602999	26
chr16	77603000	77603999	28
chr16	77604000	77604999	40
chr16	77605000	77605999	4
chr16	77606000	77606999	20
chr16	77607000	77607999	15
chr16	77608000	77608999	25
chr16	77609000	77609999	5
chr16	77610000	77610999	6
chr16	77611000	77611999	4
chr16	77612000	77612999	5
chr16	77613000	77613999	8
chr16	77614000	77614999	0
chr16	77615000	77615999	0
chr16	77616000	77616999	12
chr16	77617000	77617999	0
chr16	77618000	77618999	0
chr16	77619000	77619999	4
chr16	77620000	77620999	0
chr16	77621000	77621999	27
chr16	77622000	77622999	6
chr16	77623000	77623999	2
chr16	77624000	77624999	9
chr16	77625000	77625999	16
chr16	77626000	77626999	20
chr16	77627000	77627999	16
chr16	77628000	77628999	45
chr16	77629000	77629999	0
chr16	77630000	77630999	3
chr16	77631000	77631999	0
chr16	77632000	77632999	0
chr16	77633000	77633999	0
chr16	77634000	77634999	21
chr16	77635000	77635999	7
chr16	77636000	77636999	13
chr16	77637000	77637999	8
chr16	77638000	77638999	0
chr16	77639000	77639999	29
chr16	77640000	77640999	0
chr16	77641000	77641999	0
chr16	77642000	77642999	23
chr16	77643000	77643999	60
chr16	77644000	77644999	32
chr16	77645000	77645999	15
chr16	77646000	77646999	14
chr16	77647000	77647999	7
chr16	77648000	77648999	6
chr16	77649000	77649999	0
chr16	77650000	77650999	13
chr16	77651000	77651999	2
chr16	77652000	77652999	0
chr16	77653000	77653999	7
chr16	77654000	77654999	19
chr16	77655000	77655999	7
chr16	77656000	77656999	27
chr16	77657000	77657999	12
chr16	77658000	77658999	13
chr16	77659000	77659999	3
chr16	77660000	77660999	1
chr16	77661000	77661999	6
chr16	77662000	77662999	11
chr16	77663000	77663999	11
chr16	77664000	77664999	5
chr16	77665000	77665999	14
chr16	77666000	77666999	6
chr16	77667000	77667999	7
chr16	77668000	77668999	10
chr16	77669000	77669999	12
chr16	77670000	77670999	33
chr16	77671000	77671999	5
chr16	77672000	77672999	0
chr16	77673000	77673999	2
chr16	77674000	77674999	22
chr16	77675000	77675999	7
chr16	77676000	77676999	4
chr16	77677000	77677999	5
chr16	77678000	77678999	8
chr16	77679000	77679999	13
chr16	77680000	77680999	0
chr16	77681000	77681999	15
chr16	77682000	77682999	13
chr16	77683000	77683999	38
chr16	77684000	77684999	23
chr16	77685000	77685999	18
chr16	77686000	77686999	3
chr16	77687000	77687999	12
chr16	77688000	77688999	0
chr16	77689000	77689999	7
chr16	77690000	77690999	14
chr16	77691000	77691999	28
chr16	77692000	77692999	17
chr16	77693000	77693999	15
chr16	77694000	77694999	0
chr16	77695000	77695999	9
chr16	77696000	77696999	0
chr16	77697000	77697999	19
chr16	77698000	77698999	0
chr16	77699000	77699999	28
chr16	77700000	77700999	0
chr16	77701000	77701999	9
chr16	77702000	77702999	14
chr16	77703000	77703999	8
chr16	77704000	77704999	7
chr16	77705000	77705999	16
chr16	77706000	77706999	26
chr16	77707000	77707999	21
chr16	77708000	77708999	5
chr16	77709000	77709999	8
chr16	77710000	77710999	8
chr16	77711000	77711999	2
chr16	77712000	77712999	9
chr16	77713000	77713999	0
chr16	77714000	77714999	0
chr16	77715000	77715999	0
chr16	77716000	77716999	0
chr16	77717000	77717999	7
chr16	77718000	77718999	7
chr16	77719000	77719999	4
chr16	77720000	77720999	7
chr16	77721000	77721999	1
chr16	77722000	77722999	25
chr16	77723000	77723999	11
chr16	77724000	77724999	14
chr16	77725000	77725999	0
chr16	77726000	77726999	0
chr16	77727000	77727999	0
chr16	77728000	77728999	4
chr16	77729000	77729999	0
chr16	77730000	77730999	0
chr16	77731000	77731999	0
chr16	77732000	77732999	6
chr16	77733000	77733999	0
chr16	77734000	77734999	18
chr16	77735000	77735999	19
chr16	77736000	77736999	49
chr16	77737000	77737999	7
chr16	77738000	77738999	11
chr16	77739000	77739999	15
chr16	77740000	77740999	7
chr16	77741000	77741999	13
chr16	77742000	77742999	7
chr16	77743000	77743999	0
chr16	77744000	77744999	22
chr16	77745000	77745999	1
chr16	77746000	77746999	2
chr16	77747000	77747999	4
chr16	77748000	77748999	4
chr16	77749000	77749999	23
chr16	77750000	77750999	14
chr16	77751000	77751999	5
chr16	77752000	77752999	3
chr16	77753000	77753999	24
chr16	77754000	77754999	4
chr16	77755000	77755999	16
chr16	77756000	77756999	0
chr16	77757000	77757999	1
chr16	77758000	77758999	6
chr16	77759000	77759999	2
chr16	77760000	77760999	12
chr16	77761000	77761999	16
chr16	77762000	77762999	0
chr16	77763000	77763999	31
chr16	77764000	77764999	10
chr16	77765000	77765999	0
chr16	77766000	77766999	0
chr16	77767000	77767999	6
chr16	77768000	77768999	2
chr16	77769000	77769999	10
chr16	77770000	77770999	0
chr16	77771000	77771999	0
chr16	77772000	77772999	5
chr16	77773000	77773999	6
chr16	77774000	77774999	4
chr16	77775000	77775999	3
chr16	77776000	77776999	26
chr16	77777000	77777999	21
chr16	77778000	77778999	11
chr16	77779000	77779999	8
chr16	77780000	77780999	1
chr16	77781000	77781999	9
chr16	77782000	77782999	12
chr16	77783000	77783999	2
chr16	77784000	77784999	0
chr16	77785000	77785999	2
chr16	77786000	77786999	6
chr16	77787000	77787999	21
chr16	77788000	77788999	31
chr16	77789000	77789999	6
chr16	77790000	77790999	31
chr16	77791000	77791999	3
chr16	77792000	77792999	6
chr16	77793000	77793999	0
chr16	77794000	77794999	0
chr16	77795000	77795999	5
chr16	77796000	77796999	13
chr16	77797000	77797999	8
chr16	77798000	77798999	0
chr16	77799000	77799999	17
chr16	77800000	77800999	12
chr16	77801000	77801999	4
chr16	77802000	77802999	5
chr16	77803000	77803999	21
chr16	77804000	77804999	3
chr16	77805000	77805999	4
chr16	77806000	77806999	17
chr16	77807000	77807999	0
chr16	77808000	77808999	7
chr16	77809000	77809999	10
chr16	77810000	77810999	6
chr16	77811000	77811999	2
chr16	77812000	77812999	0
chr16	77813000	77813999	0
chr16	77814000	77814999	3
chr16	77815000	77815999	2
chr16	77816000	77816999	8
chr16	77817000	77817999	22
chr16	77818000	77818999	21
chr16	77819000	77819999	2
chr16	77820000	77820999	20
chr16	77821000	77821999	11
chr16	77822000	77822999	5
chr16	77823000	77823999	13
chr16	77824000	77824999	14
chr16	77825000	77825999	22
chr16	77826000	77826999	19
chr16	77827000	77827999	17
chr16	77828000	77828999	16
chr16	77829000	77829999	7
chr16	77830000	77830999	10
chr16	77831000	77831999	0
chr16	77832000	77832999	14
chr16	77833000	77833999	6
chr16	77834000	77834999	0
chr16	77835000	77835999	1
chr16	77836000	77836999	0
chr16	77837000	77837999	0
chr16	77838000	77838999	30
chr16	77839000	77839999	7
chr16	77840000	77840999	0
chr16	77841000	77841999	6
chr16	77842000	77842999	1
chr16	77843000	77843999	5
chr16	77844000	77844999	11
chr16	77845000	77845999	0
chr16	77846000	77846999	5
chr16	77847000	77847999	5
chr16	77848000	77848999	0
chr16	77849000	77849999	27
chr16	77850000	77850999	14
chr16	77851000	77851999	11
chr16	77852000	77852999	10
chr16	77853000	77853999	15
chr16	77854000	77854999	12
chr16	77855000	77855999	0
chr16	77856000	77856999	3
chr16	77857000	77857999	10
chr16	77858000	77858999	9
chr16	77859000	77859999	0
chr16	77860000	77860999	17
chr16	77861000	77861999	12
chr16	77862000	77862999	1
chr16	77863000	77863999	5
chr16	77864000	77864999	14
chr16	77865000	77865999	0
chr16	77866000	77866999	5
chr16	77867000	77867999	0
chr16	77868000	77868999	3
chr16	77869000	77869999	10
chr16	77870000	77870999	14
chr16	77871000	77871999	7
chr16	77872000	77872999	3
chr16	77873000	77873999	24
chr16	77874000	77874999	3
chr16	77875000	77875999	7
chr16	77876000	77876999	12
chr16	77877000	77877999	3
chr16	77878000	77878999	15
chr16	77879000	77879999	21
chr16	77880000	77880999	0
chr16	77881000	77881999	5
chr16	77882000	77882999	14
chr16	77883000	77883999	9
chr16	77884000	77884999	14
chr16	77885000	77885999	58
chr16	77886000	77886999	11
chr16	77887000	77887999	7
chr16	77888000	77888999	4
chr16	77889000	77889999	13
chr16	77890000	77890999	1
chr16	77891000	77891999	1
chr16	77892000	77892999	0
chr16	77893000	77893999	19
chr16	77894000	77894999	14
chr16	77895000	77895999	6
chr16	77896000	77896999	5
chr16	77897000	77897999	21
chr16	77898000	77898999	5
chr16	77899000	77899999	7
chr16	77900000	77900999	0
chr16	77901000	77901999	0
chr16	77902000	77902999	3
chr16	77903000	77903999	7
chr16	77904000	77904999	7
chr16	77905000	77905999	31
chr16	77906000	77906999	7
chr16	77907000	77907999	5
chr16	77908000	77908999	5
chr16	77909000	77909999	26
chr16	77910000	77910999	15
chr16	77911000	77911999	18
chr16	77912000	77912999	0
chr16	77913000	77913999	0
chr16	77914000	77914999	39
chr16	77915000	77915999	0
chr16	77916000	77916999	10
chr16	77917000	77917999	3
chr16	77918000	77918999	0
chr16	77919000	77919999	0
chr16	77920000	77920999	0
chr16	77921000	77921999	0
chr16	77922000	77922999	0
chr16	77923000	77923999	0
chr16	77924000	77924999	0
chr16	77925000	77925999	0
chr16	77926000	77926999	3
chr16	77927000	77927999	2
chr16	77928000	77928999	4
chr16	77929000	77929999	0
chr16	77930000	77930999	11
chr16	77931000	77931999	10
chr16	77932000	77932999	0
chr16	77933000	77933999	0
chr16	77934000	77934999	0
chr16	77935000	77935999	0
chr16	77936000	77936999	0
chr16	77937000	77937999	0
chr16	77938000	77938999	9
chr16	77939000	77939999	0
chr16	77940000	77940999	4
chr16	77941000	77941999	1
chr16	77942000	77942999	38
chr16	77943000	77943999	6
chr16	77944000	77944999	1
chr16	77945000	77945999	23
chr16	77946000	77946999	0
chr16	77947000	77947999	0
chr16	77948000	77948999	0
chr16	77949000	77949999	13
chr16	77950000	77950999	8
chr16	77951000	77951999	17
chr16	77952000	77952999	0
chr16	77953000	77953999	9
chr16	77954000	77954999	27
chr16	77955000	77955999	30
chr16	77956000	77956999	6
chr16	77957000	77957999	3
chr16	77958000	77958999	11
chr16	77959000	77959999	12
chr16	77960000	77960999	0
chr16	77961000	77961999	0
chr16	77962000	77962999	10
chr16	77963000	77963999	10
chr16	77964000	77964999	0
chr16	77965000	77965999	21
chr16	77966000	77966999	8
chr16	77967000	77967999	25
chr16	77968000	77968999	0
chr16	77969000	77969999	4
chr16	77970000	77970999	7
chr16	77971000	77971999	14
chr16	77972000	77972999	7
chr16	77973000	77973999	4
chr16	77974000	77974999	0
chr16	77975000	77975999	0
chr16	77976000	77976999	28
chr16	77977000	77977999	0
chr16	77978000	77978999	4
chr16	77979000	77979999	17
chr16	77980000	77980999	1
chr16	77981000	77981999	17
chr16	77982000	77982999	7
chr16	77983000	77983999	8
chr16	77984000	77984999	0
chr16	77985000	77985999	10
chr16	77986000	77986999	26
chr16	77987000	77987999	17
chr16	77988000	77988999	9
chr16	77989000	77989999	10
chr16	77990000	77990999	21
chr16	77991000	77991999	0
chr16	77992000	77992999	9
chr16	77993000	77993999	0
chr16	77994000	77994999	18
chr16	77995000	77995999	6
chr16	77996000	77996999	4
chr16	77997000	77997999	2
chr16	77998000	77998999	19
chr16	77999000	77999999	7
chr16	78000000	78000999	4
chr16	78001000	78001999	11
chr16	78002000	78002999	0
chr16	78003000	78003999	14
chr16	78004000	78004999	8
chr16	78005000	78005999	3
chr16	78006000	78006999	20
chr16	78007000	78007999	12
chr16	78008000	78008999	14
chr16	78009000	78009999	10
chr16	78010000	78010999	5
chr16	78011000	78011999	6
chr16	78012000	78012999	4
chr16	78013000	78013999	0
chr16	78014000	78014999	0
chr16	78015000	78015999	40
chr16	78016000	78016999	4
chr16	78017000	78017999	7
chr16	78018000	78018999	1
chr16	78019000	78019999	13
chr16	78020000	78020999	7
chr16	78021000	78021999	1
chr16	78022000	78022999	4
chr16	78023000	78023999	0
chr16	78024000	78024999	0
chr16	78025000	78025999	5
chr16	78026000	78026999	5
chr16	78027000	78027999	0
chr16	78028000	78028999	4
chr16	78029000	78029999	0
chr16	78030000	78030999	0
chr16	78031000	78031999	13
chr16	78032000	78032999	2
chr16	78033000	78033999	0
chr16	78034000	78034999	9
chr16	78035000	78035999	13
chr16	78036000	78036999	14
chr16	78037000	78037999	3
chr16	78038000	78038999	0
chr16	78039000	78039999	0
chr16	78040000	78040999	6
chr16	78041000	78041999	0
chr16	78042000	78042999	3
chr16	78043000	78043999	6
chr16	78044000	78044999	20
chr16	78045000	78045999	12
chr16	78046000	78046999	15
chr16	78047000	78047999	15
chr16	78048000	78048999	0
chr16	78049000	78049999	13
chr16	78050000	78050999	4
chr16	78051000	78051999	5
chr16	78052000	78052999	15
chr16	78053000	78053999	10
chr16	78054000	78054999	4
chr16	78055000	78055999	16
chr16	78056000	78056999	6
chr16	78057000	78057999	16
chr16	78058000	78058999	14
chr16	78059000	78059999	18
chr16	78060000	78060999	3
chr16	78061000	78061999	7
chr16	78062000	78062999	19
chr16	78063000	78063999	6
chr16	78064000	78064999	1
chr16	78065000	78065999	5
chr16	78066000	78066999	6
chr16	78067000	78067999	4
chr16	78068000	78068999	4
chr16	78069000	78069999	4
chr16	78070000	78070999	6
chr16	78071000	78071999	13
chr16	78072000	78072999	14
chr16	78073000	78073999	5
chr16	78074000	78074999	18
chr16	78075000	78075999	14
chr16	78076000	78076999	18
chr16	78077000	78077999	7
chr16	78078000	78078999	30
chr16	78079000	78079999	8
chr16	78080000	78080999	8
chr16	78081000	78081999	7
chr16	78082000	78082999	0
chr16	78083000	78083999	1
chr16	78084000	78084999	0
chr16	78085000	78085999	0
chr16	78086000	78086999	0
chr16	78087000	78087999	1
chr16	78088000	78088999	6
chr16	78089000	78089999	16
chr16	78090000	78090999	23
chr16	78091000	78091999	21
chr16	78092000	78092999	4
chr16	78093000	78093999	18
chr16	78094000	78094999	1
chr16	78095000	78095999	0
chr16	78096000	78096999	12
chr16	78097000	78097999	22
chr16	78098000	78098999	20
chr16	78099000	78099999	12
chr16	78100000	78100999	22
chr16	78101000	78101999	5
chr16	78102000	78102999	4
chr16	78103000	78103999	11
chr16	78104000	78104999	13
chr16	78105000	78105999	7
chr16	78106000	78106999	0
chr16	78107000	78107999	0
chr16	78108000	78108999	22
chr16	78109000	78109999	3
chr16	78110000	78110999	0
chr16	78111000	78111999	2
chr16	78112000	78112999	16
chr16	78113000	78113999	12
chr16	78114000	78114999	13
chr16	78115000	78115999	25
chr16	78116000	78116999	17
chr16	78117000	78117999	11
chr16	78118000	78118999	5
chr16	78119000	78119999	0
chr16	78120000	78120999	3
chr16	78121000	78121999	3
chr16	78122000	78122999	6
chr16	78123000	78123999	19
chr16	78124000	78124999	27
chr16	78125000	78125999	17
chr16	78126000	78126999	2
chr16	78127000	78127999	16
chr16	78128000	78128999	9
chr16	78129000	78129999	20
chr16	78130000	78130999	0
chr16	78131000	78131999	0
chr16	78132000	78132999	12
chr16	78133000	78133999	3
chr16	78134000	78134999	10
chr16	78135000	78135999	25
chr16	78136000	78136999	0
chr16	78137000	78137999	0
chr16	78138000	78138999	13
chr16	78139000	78139999	4
chr16	78140000	78140999	0
chr16	78141000	78141999	5
chr16	78142000	78142999	8
chr16	78143000	78143999	1
chr16	78144000	78144999	10
chr16	78145000	78145999	12
chr16	78146000	78146999	11
chr16	78147000	78147999	24
chr16	78148000	78148999	1
chr16	78149000	78149999	0
chr16	78150000	78150999	17
chr16	78151000	78151999	19
chr16	78152000	78152999	15
chr16	78153000	78153999	7
chr16	78154000	78154999	0
chr16	78155000	78155999	20
chr16	78156000	78156999	5
chr16	78157000	78157999	39
chr16	78158000	78158999	4
chr16	78159000	78159999	7
chr16	78160000	78160999	0
chr16	78161000	78161999	22
chr16	78162000	78162999	12
chr16	78163000	78163999	0
chr16	78164000	78164999	4
chr16	78165000	78165999	8
chr16	78166000	78166999	17
chr16	78167000	78167999	0
chr16	78168000	78168999	2
chr16	78169000	78169999	0
chr16	78170000	78170999	9
chr16	78171000	78171999	0
chr16	78172000	78172999	0
chr16	78173000	78173999	25
chr16	78174000	78174999	27
chr16	78175000	78175999	18
chr16	78176000	78176999	6
chr16	78177000	78177999	10
chr16	78178000	78178999	1
chr16	78179000	78179999	7
chr16	78180000	78180999	4
chr16	78181000	78181999	11
chr16	78182000	78182999	0
chr16	78183000	78183999	4
chr16	78184000	78184999	4
chr16	78185000	78185999	12
chr16	78186000	78186999	0
chr16	78187000	78187999	0
chr16	78188000	78188999	3
chr16	78189000	78189999	0
chr16	78190000	78190999	0
chr16	78191000	78191999	2
chr16	78192000	78192999	0
chr16	78193000	78193999	0
chr16	78194000	78194999	4
chr16	78195000	78195999	0
chr16	78196000	78196999	20
chr16	78197000	78197999	56
chr16	78198000	78198999	4
chr16	78199000	78199999	25
chr16	78200000	78200999	16
chr16	78201000	78201999	7
chr16	78202000	78202999	12
chr16	78203000	78203999	4
chr16	78204000	78204999	0
chr16	78205000	78205999	10
chr16	78206000	78206999	11
chr16	78207000	78207999	3
chr16	78208000	78208999	13
chr16	78209000	78209999	6
chr16	78210000	78210999	0
chr16	78211000	78211999	14
chr16	78212000	78212999	46
chr16	78213000	78213999	4
chr16	78214000	78214999	20
chr16	78215000	78215999	12
chr16	78216000	78216999	10
chr16	78217000	78217999	18
chr16	78218000	78218999	1
chr16	78219000	78219999	0
chr16	78220000	78220999	1
chr16	78221000	78221999	9
chr16	78222000	78222999	13
chr16	78223000	78223999	4
chr16	78224000	78224999	8
chr16	78225000	78225999	11
chr16	78226000	78226999	3
chr16	78227000	78227999	5
chr16	78228000	78228999	0
chr16	78229000	78229999	2
chr16	78230000	78230999	26
chr16	78231000	78231999	19
chr16	78232000	78232999	0
chr16	78233000	78233999	5
chr16	78234000	78234999	8
chr16	78235000	78235999	20
chr16	78236000	78236999	23
chr16	78237000	78237999	10
chr16	78238000	78238999	25
chr16	78239000	78239999	0
chr16	78240000	78240999	11
chr16	78241000	78241999	23
chr16	78242000	78242999	9
chr16	78243000	78243999	0
chr16	78244000	78244999	0
chr16	78245000	78245999	17
chr16	78246000	78246999	6
chr16	78247000	78247999	13
chr16	78248000	78248999	6
chr16	78249000	78249999	0
chr16	78250000	78250999	20
chr16	78251000	78251999	14
chr16	78252000	78252999	0
chr16	78253000	78253999	7
chr16	78254000	78254999	35
chr16	78255000	78255999	17
chr16	78256000	78256999	6
chr16	78257000	78257999	13
chr16	78258000	78258999	16
chr16	78259000	78259999	12
chr16	78260000	78260999	18
chr16	78261000	78261999	12
chr16	78262000	78262999	0
chr16	78263000	78263999	12
chr16	78264000	78264999	6
chr16	78265000	78265999	6
chr16	78266000	78266999	2
chr16	78267000	78267999	1
chr16	78268000	78268999	19
chr16	78269000	78269999	2
chr16	78270000	78270999	0
chr16	78271000	78271999	8
chr16	78272000	78272999	0
chr16	78273000	78273999	9
chr16	78274000	78274999	9
chr16	78275000	78275999	6
chr16	78276000	78276999	11
chr16	78277000	78277999	2
chr16	78278000	78278999	3
chr16	78279000	78279999	11
chr16	78280000	78280999	20
chr16	78281000	78281999	3
chr16	78282000	78282999	4
chr16	78283000	78283999	14
chr16	78284000	78284999	10
chr16	78285000	78285999	9
chr16	78286000	78286999	9
chr16	78287000	78287999	1
chr16	78288000	78288999	0
chr16	78289000	78289999	3
chr16	78290000	78290999	8
chr16	78291000	78291999	4
chr16	78292000	78292999	35
chr16	78293000	78293999	0
chr16	78294000	78294999	1
chr16	78295000	78295999	15
chr16	78296000	78296999	0
chr16	78297000	78297999	0
chr16	78298000	78298999	7
chr16	78299000	78299999	18
chr16	78300000	78300999	2
chr16	78301000	78301999	33
chr16	78302000	78302999	19
chr16	78303000	78303999	11
chr16	78304000	78304999	0
chr16	78305000	78305999	20
chr16	78306000	78306999	21
chr16	78307000	78307999	19
chr16	78308000	78308999	9
chr16	78309000	78309999	16
chr16	78310000	78310999	16
chr16	78311000	78311999	23
chr16	78312000	78312999	40
chr16	78313000	78313999	10
chr16	78314000	78314999	9
chr16	78315000	78315999	7
chr16	78316000	78316999	9
chr16	78317000	78317999	21
chr16	78318000	78318999	9
chr16	78319000	78319999	24
chr16	78320000	78320999	0
chr16	78321000	78321999	11
chr16	78322000	78322999	2
chr16	78323000	78323999	12
chr16	78324000	78324999	9
chr16	78325000	78325999	13
chr16	78326000	78326999	10
chr16	78327000	78327999	7
chr16	78328000	78328999	24
chr16	78329000	78329999	8
chr16	78330000	78330999	4
chr16	78331000	78331999	9
chr16	78332000	78332999	17
chr16	78333000	78333999	8
chr16	78334000	78334999	30
chr16	78335000	78335999	17
chr16	78336000	78336999	12
chr16	78337000	78337999	24
chr16	78338000	78338999	0
chr16	78339000	78339999	19
chr16	78340000	78340999	24
chr16	78341000	78341999	12
chr16	78342000	78342999	22
chr16	78343000	78343999	30
chr16	78344000	78344999	0
chr16	78345000	78345999	23
chr16	78346000	78346999	28
chr16	78347000	78347999	0
chr16	78348000	78348999	9
chr16	78349000	78349999	7
chr16	78350000	78350999	1
chr16	78351000	78351999	0
chr16	78352000	78352999	0
chr16	78353000	78353999	0
chr16	78354000	78354999	0
chr16	78355000	78355999	0
chr16	78356000	78356999	0
chr16	78357000	78357999	10
chr16	78358000	78358999	5
chr16	78359000	78359999	10
chr16	78360000	78360999	13
chr16	78361000	78361999	21
chr16	78362000	78362999	29
chr16	78363000	78363999	31
chr16	78364000	78364999	9
chr16	78365000	78365999	0
chr16	78366000	78366999	12
chr16	78367000	78367999	4
chr16	78368000	78368999	56
chr16	78369000	78369999	20
chr16	78370000	78370999	22
chr16	78371000	78371999	19
chr16	78372000	78372999	7
chr16	78373000	78373999	42
chr16	78374000	78374999	30
chr16	78375000	78375999	13
chr16	78376000	78376999	99
chr16	78377000	78377999	144
chr16	78378000	78378999	12
chr16	78379000	78379999	15
chr16	78380000	78380999	14
chr16	78381000	78381999	2
chr16	78382000	78382999	6
chr16	78383000	78383999	1
chr16	78384000	78384999	10
chr16	78385000	78385999	0
chr16	78386000	78386999	4
chr16	78387000	78387999	22
chr16	78388000	78388999	3
chr16	78389000	78389999	15
chr16	78390000	78390999	73
chr16	78391000	78391999	42
chr16	78392000	78392999	25
chr16	78393000	78393999	6
chr16	78394000	78394999	30
chr16	78395000	78395999	4
chr16	78396000	78396999	17
chr16	78397000	78397999	13
chr16	78398000	78398999	20
chr16	78399000	78399999	3
chr16	78400000	78400999	17
chr16	78401000	78401999	0
chr16	78402000	78402999	0
chr16	78403000	78403999	0
chr16	78404000	78404999	39
chr16	78405000	78405999	2
chr16	78406000	78406999	25
chr16	78407000	78407999	18
chr16	78408000	78408999	0
chr16	78409000	78409999	0
chr16	78410000	78410999	11
chr16	78411000	78411999	8
chr16	78412000	78412999	14
chr16	78413000	78413999	31
chr16	78414000	78414999	3
chr16	78415000	78415999	17
chr16	78416000	78416999	29
chr16	78417000	78417999	12
chr16	78418000	78418999	15
chr16	78419000	78419999	0
chr16	78420000	78420999	19
chr16	78421000	78421999	0
chr16	78422000	78422999	22
chr16	78423000	78423999	6
chr16	78424000	78424999	6
chr16	78425000	78425999	18
chr16	78426000	78426999	33
chr16	78427000	78427999	52
chr16	78428000	78428999	86
chr16	78429000	78429999	0
chr16	78430000	78430999	2
chr16	78431000	78431999	11
chr16	78432000	78432999	28
chr16	78433000	78433999	19
chr16	78434000	78434999	26
chr16	78435000	78435999	0
chr16	78436000	78436999	17
chr16	78437000	78437999	5
chr16	78438000	78438999	14
chr16	78439000	78439999	78
chr16	78440000	78440999	52
chr16	78441000	78441999	15
chr16	78442000	78442999	58
chr16	78443000	78443999	37
chr16	78444000	78444999	0
chr16	78445000	78445999	0
chr16	78446000	78446999	0
chr16	78447000	78447999	0
chr16	78448000	78448999	0
chr16	78449000	78449999	28
chr16	78450000	78450999	9
chr16	78451000	78451999	67
chr16	78452000	78452999	42
chr16	78453000	78453999	12
chr16	78454000	78454999	11
chr16	78455000	78455999	8
chr16	78456000	78456999	17
chr16	78457000	78457999	12
chr16	78458000	78458999	14
chr16	78459000	78459999	0
chr16	78460000	78460999	13
chr16	78461000	78461999	36
chr16	78462000	78462999	0
chr16	78463000	78463999	3
chr16	78464000	78464999	16
chr16	78465000	78465999	26
chr16	78466000	78466999	18
chr16	78467000	78467999	7
chr16	78468000	78468999	33
chr16	78469000	78469999	5
chr16	78470000	78470999	31
chr16	78471000	78471999	0
chr16	78472000	78472999	19
chr16	78473000	78473999	57
chr16	78474000	78474999	105
chr16	78475000	78475999	0
chr16	78476000	78476999	0
chr16	78477000	78477999	0
chr16	78478000	78478999	3
chr16	78479000	78479999	4
chr16	78480000	78480999	14
chr16	78481000	78481999	28
chr16	78482000	78482999	12
chr16	78483000	78483999	13
chr16	78484000	78484999	15
chr16	78485000	78485999	8
chr16	78486000	78486999	0
chr16	78487000	78487999	2
chr16	78488000	78488999	9
chr16	78489000	78489999	7
chr16	78490000	78490999	24
chr16	78491000	78491999	10
chr16	78492000	78492999	7
chr16	78493000	78493999	1
chr16	78494000	78494999	0
chr16	78495000	78495999	0
chr16	78496000	78496999	0
chr16	78497000	78497999	0
chr16	78498000	78498999	0
chr16	78499000	78499999	2
chr16	78500000	78500999	9
chr16	78501000	78501999	13
chr16	78502000	78502999	5
chr16	78503000	78503999	1
chr16	78504000	78504999	0
chr16	78505000	78505999	19
chr16	78506000	78506999	9
chr16	78507000	78507999	27
chr16	78508000	78508999	7
chr16	78509000	78509999	13
chr16	78510000	78510999	0
chr16	78511000	78511999	5
chr16	78512000	78512999	28
chr16	78513000	78513999	8
chr16	78514000	78514999	4
chr16	78515000	78515999	0
chr16	78516000	78516999	10
chr16	78517000	78517999	9
chr16	78518000	78518999	5
chr16	78519000	78519999	15
chr16	78520000	78520999	25
chr16	78521000	78521999	19
chr16	78522000	78522999	0
chr16	78523000	78523999	1
chr16	78524000	78524999	3
chr16	78525000	78525999	7
chr16	78526000	78526999	6
chr16	78527000	78527999	14
chr16	78528000	78528999	12
chr16	78529000	78529999	4
chr16	78530000	78530999	6
chr16	78531000	78531999	10
chr16	78532000	78532999	23
chr16	78533000	78533999	2
chr16	78534000	78534999	3
chr16	78535000	78535999	0
chr16	78536000	78536999	30
chr16	78537000	78537999	15
chr16	78538000	78538999	6
chr16	78539000	78539999	2
chr16	78540000	78540999	9
chr16	78541000	78541999	3
chr16	78542000	78542999	7
chr16	78543000	78543999	5
chr16	78544000	78544999	18
chr16	78545000	78545999	17
chr16	78546000	78546999	0
chr16	78547000	78547999	4
chr16	78548000	78548999	12
chr16	78549000	78549999	5
chr16	78550000	78550999	3
chr16	78551000	78551999	14
chr16	78552000	78552999	4
chr16	78553000	78553999	0
chr16	78554000	78554999	8
chr16	78555000	78555999	0
chr16	78556000	78556999	12
chr16	78557000	78557999	10
chr16	78558000	78558999	11
chr16	78559000	78559999	2
chr16	78560000	78560999	8
chr16	78561000	78561999	3
chr16	78562000	78562999	15
chr16	78563000	78563999	10
chr16	78564000	78564999	15
chr16	78565000	78565999	10
chr16	78566000	78566999	0
chr16	78567000	78567999	0
chr16	78568000	78568999	0
chr16	78569000	78569999	0
chr16	78570000	78570999	0
chr16	78571000	78571999	0
chr16	78572000	78572999	0
chr16	78573000	78573999	12
chr16	78574000	78574999	9
chr16	78575000	78575999	27
chr16	78576000	78576999	114
chr16	78577000	78577999	16
chr16	78578000	78578999	19
chr16	78579000	78579999	31
chr16	78580000	78580999	16
chr16	78581000	78581999	14
chr16	78582000	78582999	0
chr16	78583000	78583999	14
chr16	78584000	78584999	17
chr16	78585000	78585999	21
chr16	78586000	78586999	6
chr16	78587000	78587999	0
chr16	78588000	78588999	3
chr16	78589000	78589999	17
chr16	78590000	78590999	18
chr16	78591000	78591999	22
chr16	78592000	78592999	2
chr16	78593000	78593999	0
chr16	78594000	78594999	14
chr16	78595000	78595999	5
chr16	78596000	78596999	18
chr16	78597000	78597999	16
chr16	78598000	78598999	0
chr16	78599000	78599999	11
chr16	78600000	78600999	2
chr16	78601000	78601999	0
chr16	78602000	78602999	0
chr16	78603000	78603999	19
chr16	78604000	78604999	5
chr16	78605000	78605999	16
chr16	78606000	78606999	19
chr16	78607000	78607999	1
chr16	78608000	78608999	0
chr16	78609000	78609999	0
chr16	78610000	78610999	0
chr16	78611000	78611999	0
chr16	78612000	78612999	0
chr16	78613000	78613999	0
chr16	78614000	78614999	0
chr16	78615000	78615999	0
chr16	78616000	78616999	0
chr16	78617000	78617999	0
chr16	78618000	78618999	0
chr16	78619000	78619999	18
chr16	78620000	78620999	0
chr16	78621000	78621999	16
chr16	78622000	78622999	10
chr16	78623000	78623999	4
chr16	78624000	78624999	16
chr16	78625000	78625999	8
chr16	78626000	78626999	29
chr16	78627000	78627999	13
chr16	78628000	78628999	0
chr16	78629000	78629999	0
chr16	78630000	78630999	21
chr16	78631000	78631999	41
chr16	78632000	78632999	8
chr16	78633000	78633999	0
chr16	78634000	78634999	4
chr16	78635000	78635999	24
chr16	78636000	78636999	4
chr16	78637000	78637999	50
chr16	78638000	78638999	17
chr16	78639000	78639999	2
chr16	78640000	78640999	21
chr16	78641000	78641999	12
chr16	78642000	78642999	5
chr16	78643000	78643999	7
chr16	78644000	78644999	4
chr16	78645000	78645999	0
chr16	78646000	78646999	4
chr16	78647000	78647999	10
chr16	78648000	78648999	19
chr16	78649000	78649999	19
chr16	78650000	78650999	18
chr16	78651000	78651999	7
chr16	78652000	78652999	0
chr16	78653000	78653999	19
chr16	78654000	78654999	22
chr16	78655000	78655999	8
chr16	78656000	78656999	0
chr16	78657000	78657999	8
chr16	78658000	78658999	8
chr16	78659000	78659999	6
chr16	78660000	78660999	7
chr16	78661000	78661999	11
chr16	78662000	78662999	24
chr16	78663000	78663999	15
chr16	78664000	78664999	0
chr16	78665000	78665999	0
chr16	78666000	78666999	10
chr16	78667000	78667999	0
chr16	78668000	78668999	9
chr16	78669000	78669999	0
chr16	78670000	78670999	2
chr16	78671000	78671999	3
chr16	78672000	78672999	16
chr16	78673000	78673999	14
chr16	78674000	78674999	15
chr16	78675000	78675999	17
chr16	78676000	78676999	0
chr16	78677000	78677999	1
chr16	78678000	78678999	0
chr16	78679000	78679999	0
chr16	78680000	78680999	5
chr16	78681000	78681999	0
chr16	78682000	78682999	10
chr16	78683000	78683999	8
chr16	78684000	78684999	10
chr16	78685000	78685999	11
chr16	78686000	78686999	12
chr16	78687000	78687999	0
chr16	78688000	78688999	12
chr16	78689000	78689999	7
chr16	78690000	78690999	6
chr16	78691000	78691999	31
chr16	78692000	78692999	0
chr16	78693000	78693999	0
chr16	78694000	78694999	10
chr16	78695000	78695999	4
chr16	78696000	78696999	7
chr16	78697000	78697999	10
chr16	78698000	78698999	5
chr16	78699000	78699999	11
chr16	78700000	78700999	19
chr16	78701000	78701999	15
chr16	78702000	78702999	4
chr16	78703000	78703999	22
chr16	78704000	78704999	7
chr16	78705000	78705999	23
chr16	78706000	78706999	0
chr16	78707000	78707999	34
chr16	78708000	78708999	13
chr16	78709000	78709999	8
chr16	78710000	78710999	17
chr16	78711000	78711999	8
chr16	78712000	78712999	0
chr16	78713000	78713999	13
chr16	78714000	78714999	12
chr16	78715000	78715999	2
chr16	78716000	78716999	4
chr16	78717000	78717999	12
chr16	78718000	78718999	0
chr16	78719000	78719999	10
chr16	78720000	78720999	22
chr16	78721000	78721999	14
chr16	78722000	78722999	21
chr16	78723000	78723999	15
chr16	78724000	78724999	24
chr16	78725000	78725999	12
chr16	78726000	78726999	1
chr16	78727000	78727999	8
chr16	78728000	78728999	12
chr16	78729000	78729999	2
chr16	78730000	78730999	0
chr16	78731000	78731999	12
chr16	78732000	78732999	52
chr16	78733000	78733999	20
chr16	78734000	78734999	8
chr16	78735000	78735999	14
chr16	78736000	78736999	0
chr16	78737000	78737999	25
chr16	78738000	78738999	11
chr16	78739000	78739999	9
chr16	78740000	78740999	0
chr16	78741000	78741999	3
chr16	78742000	78742999	0
chr16	78743000	78743999	23
chr16	78744000	78744999	8
chr16	78745000	78745999	0
chr16	78746000	78746999	0
chr16	78747000	78747999	23
chr16	78748000	78748999	6
chr16	78749000	78749999	5
chr16	78750000	78750999	0
chr16	78751000	78751999	9
chr16	78752000	78752999	0
chr16	78753000	78753999	1
chr16	78754000	78754999	0
chr16	78755000	78755999	20
chr16	78756000	78756999	8
chr16	78757000	78757999	6
chr16	78758000	78758999	23
chr16	78759000	78759999	9
chr16	78760000	78760999	15
chr16	78761000	78761999	12
chr16	78762000	78762999	0
chr16	78763000	78763999	8
chr16	78764000	78764999	9
chr16	78765000	78765999	7
chr16	78766000	78766999	22
chr16	78767000	78767999	18
chr16	78768000	78768999	3
chr16	78769000	78769999	2
chr16	78770000	78770999	30
chr16	78771000	78771999	2
chr16	78772000	78772999	0
chr16	78773000	78773999	0
chr16	78774000	78774999	0
chr16	78775000	78775999	5
chr16	78776000	78776999	18
chr16	78777000	78777999	17
chr16	78778000	78778999	5
chr16	78779000	78779999	14
chr16	78780000	78780999	6
chr16	78781000	78781999	0
chr16	78782000	78782999	14
chr16	78783000	78783999	12
chr16	78784000	78784999	16
chr16	78785000	78785999	5
chr16	78786000	78786999	0
chr16	78787000	78787999	5
chr16	78788000	78788999	0
chr16	78789000	78789999	4
chr16	78790000	78790999	27
chr16	78791000	78791999	9
chr16	78792000	78792999	20
chr16	78793000	78793999	7
chr16	78794000	78794999	1
chr16	78795000	78795999	5
chr16	78796000	78796999	1
chr16	78797000	78797999	0
chr16	78798000	78798999	8
chr16	78799000	78799999	11
chr16	78800000	78800999	3
chr16	78801000	78801999	0
chr16	78802000	78802999	2
chr16	78803000	78803999	8
chr16	78804000	78804999	2
chr16	78805000	78805999	0
chr16	78806000	78806999	0
chr16	78807000	78807999	0
chr16	78808000	78808999	7
chr16	78809000	78809999	9
chr16	78810000	78810999	8
chr16	78811000	78811999	10
chr16	78812000	78812999	5
chr16	78813000	78813999	0
chr16	78814000	78814999	0
chr16	78815000	78815999	0
chr16	78816000	78816999	0
chr16	78817000	78817999	0
chr16	78818000	78818999	0
chr16	78819000	78819999	0
chr16	78820000	78820999	12
chr16	78821000	78821999	0
chr16	78822000	78822999	0
chr16	78823000	78823999	6
chr16	78824000	78824999	11
chr16	78825000	78825999	15
chr16	78826000	78826999	6
chr16	78827000	78827999	7
chr16	78828000	78828999	10
chr16	78829000	78829999	6
chr16	78830000	78830999	11
chr16	78831000	78831999	21
chr16	78832000	78832999	22
chr16	78833000	78833999	5
chr16	78834000	78834999	0
chr16	78835000	78835999	8
chr16	78836000	78836999	21
chr16	78837000	78837999	3
chr16	78838000	78838999	8
chr16	78839000	78839999	2
chr16	78840000	78840999	9
chr16	78841000	78841999	9
chr16	78842000	78842999	0
chr16	78843000	78843999	14
chr16	78844000	78844999	0
chr16	78845000	78845999	17
chr16	78846000	78846999	23
chr16	78847000	78847999	0
chr16	78848000	78848999	0
chr16	78849000	78849999	0
chr16	78850000	78850999	22
chr16	78851000	78851999	0
chr16	78852000	78852999	21
chr16	78853000	78853999	20
chr16	78854000	78854999	12
chr16	78855000	78855999	21
chr16	78856000	78856999	46
chr16	78857000	78857999	3
chr16	78858000	78858999	0
chr16	78859000	78859999	3
chr16	78860000	78860999	8
chr16	78861000	78861999	1
chr16	78862000	78862999	9
chr16	78863000	78863999	1
chr16	78864000	78864999	7
chr16	78865000	78865999	3
chr16	78866000	78866999	4
chr16	78867000	78867999	5
chr16	78868000	78868999	19
chr16	78869000	78869999	14
chr16	78870000	78870999	0
chr16	78871000	78871999	9
chr16	78872000	78872999	40
chr16	78873000	78873999	0
chr16	78874000	78874999	35
chr16	78875000	78875999	0
chr16	78876000	78876999	1
chr16	78877000	78877999	22
chr16	78878000	78878999	1
chr16	78879000	78879999	0
chr16	78880000	78880999	4
chr16	78881000	78881999	29
chr16	78882000	78882999	4
chr16	78883000	78883999	7
chr16	78884000	78884999	0
chr16	78885000	78885999	0
chr16	78886000	78886999	0
chr16	78887000	78887999	0
chr16	78888000	78888999	8
chr16	78889000	78889999	0
chr16	78890000	78890999	0
chr16	78891000	78891999	0
chr16	78892000	78892999	0
chr16	78893000	78893999	1
chr16	78894000	78894999	24
chr16	78895000	78895999	0
chr16	78896000	78896999	2
chr16	78897000	78897999	0
chr16	78898000	78898999	0
chr16	78899000	78899999	4
chr16	78900000	78900999	4
chr16	78901000	78901999	0
chr16	78902000	78902999	9
chr16	78903000	78903999	17
chr16	78904000	78904999	9
chr16	78905000	78905999	0
chr16	78906000	78906999	0
chr16	78907000	78907999	17
chr16	78908000	78908999	1
chr16	78909000	78909999	3
chr16	78910000	78910999	0
chr16	78911000	78911999	14
chr16	78912000	78912999	6
chr16	78913000	78913999	0
chr16	78914000	78914999	11
chr16	78915000	78915999	0
chr16	78916000	78916999	9
chr16	78917000	78917999	13
chr16	78918000	78918999	10
chr16	78919000	78919999	4
chr16	78920000	78920999	4
chr16	78921000	78921999	0
chr16	78922000	78922999	1
chr16	78923000	78923999	16
chr16	78924000	78924999	7
chr16	78925000	78925999	5
chr16	78926000	78926999	14
chr16	78927000	78927999	4
chr16	78928000	78928999	0
chr16	78929000	78929999	0
chr16	78930000	78930999	2
chr16	78931000	78931999	5
chr16	78932000	78932999	12
chr16	78933000	78933999	0
chr16	78934000	78934999	3
chr16	78935000	78935999	2
chr16	78936000	78936999	5
chr16	78937000	78937999	11
chr16	78938000	78938999	4
chr16	78939000	78939999	2
chr16	78940000	78940999	16
chr16	78941000	78941999	9
chr16	78942000	78942999	0
chr16	78943000	78943999	9
chr16	78944000	78944999	5
chr16	78945000	78945999	11
chr16	78946000	78946999	22
chr16	78947000	78947999	0
chr16	78948000	78948999	18
chr16	78949000	78949999	25
chr16	78950000	78950999	3
chr16	78951000	78951999	29
chr16	78952000	78952999	0
chr16	78953000	78953999	10
chr16	78954000	78954999	10
chr16	78955000	78955999	37
chr16	78956000	78956999	4
chr16	78957000	78957999	0
chr16	78958000	78958999	11
chr16	78959000	78959999	2
chr16	78960000	78960999	16
chr16	78961000	78961999	1
chr16	78962000	78962999	20
chr16	78963000	78963999	19
chr16	78964000	78964999	1
chr16	78965000	78965999	0
chr16	78966000	78966999	10
chr16	78967000	78967999	53
chr16	78968000	78968999	0
chr16	78969000	78969999	0
chr16	78970000	78970999	12
chr16	78971000	78971999	6
chr16	78972000	78972999	0
chr16	78973000	78973999	10
chr16	78974000	78974999	0
chr16	78975000	78975999	0
chr16	78976000	78976999	4
chr16	78977000	78977999	0
chr16	78978000	78978999	0
chr16	78979000	78979999	0
chr16	78980000	78980999	3
chr16	78981000	78981999	2
chr16	78982000	78982999	16
chr16	78983000	78983999	3
chr16	78984000	78984999	10
chr16	78985000	78985999	12
chr16	78986000	78986999	0
chr16	78987000	78987999	5
chr16	78988000	78988999	0
chr16	78989000	78989999	0
chr16	78990000	78990999	0
chr16	78991000	78991999	0
chr16	78992000	78992999	1
chr16	78993000	78993999	0
chr16	78994000	78994999	0
chr16	78995000	78995999	14
chr16	78996000	78996999	4
chr16	78997000	78997999	9
chr16	78998000	78998999	7
chr16	78999000	78999999	0
chr16	79000000	79000999	14
chr16	79001000	79001999	3
chr16	79002000	79002999	25
chr16	79003000	79003999	11
chr16	79004000	79004999	0
chr16	79005000	79005999	7
chr16	79006000	79006999	5
chr16	79007000	79007999	9
chr16	79008000	79008999	0
chr16	79009000	79009999	0
chr16	79010000	79010999	0
chr16	79011000	79011999	0
chr16	79012000	79012999	6
chr16	79013000	79013999	0
chr16	79014000	79014999	14
chr16	79015000	79015999	0
chr16	79016000	79016999	16
chr16	79017000	79017999	0
chr16	79018000	79018999	0
chr16	79019000	79019999	5
chr16	79020000	79020999	22
chr16	79021000	79021999	16
chr16	79022000	79022999	5
chr16	79023000	79023999	9
chr16	79024000	79024999	18
chr16	79025000	79025999	24
chr16	79026000	79026999	9
chr16	79027000	79027999	0
chr16	79028000	79028999	0
chr16	79029000	79029999	7
chr16	79030000	79030999	15
chr16	79031000	79031999	1
chr16	79032000	79032999	19
chr16	79033000	79033999	2
chr16	79034000	79034999	9
chr16	79035000	79035999	13
chr16	79036000	79036999	5
chr16	79037000	79037999	14
chr16	79038000	79038999	4
chr16	79039000	79039999	0
chr16	79040000	79040999	0
chr16	79041000	79041999	0
chr16	79042000	79042999	0
chr16	79043000	79043999	0
chr16	79044000	79044999	9
chr16	79045000	79045999	4
chr16	79046000	79046999	0
chr16	79047000	79047999	4
chr16	79048000	79048999	9
chr16	79049000	79049999	5
chr16	79050000	79050999	4
chr16	79051000	79051999	0
chr16	79052000	79052999	11
chr16	79053000	79053999	9
chr16	79054000	79054999	9
chr16	79055000	79055999	39
chr16	79056000	79056999	3
chr16	79057000	79057999	34
chr16	79058000	79058999	0
chr16	79059000	79059999	6
chr16	79060000	79060999	20
chr16	79061000	79061999	5
chr16	79062000	79062999	6
chr16	79063000	79063999	5
chr16	79064000	79064999	19
chr16	79065000	79065999	10
chr16	79066000	79066999	15
chr16	79067000	79067999	6
chr16	79068000	79068999	15
chr16	79069000	79069999	3
chr16	79070000	79070999	11
chr16	79071000	79071999	0
chr16	79072000	79072999	50
chr16	79073000	79073999	0
chr16	79074000	79074999	0
chr16	79075000	79075999	19
chr16	79076000	79076999	18
chr16	79077000	79077999	7
chr16	79078000	79078999	4
chr16	79079000	79079999	14
chr16	79080000	79080999	9
chr16	79081000	79081999	6
chr16	79082000	79082999	4
chr16	79083000	79083999	4
chr16	79084000	79084999	1
chr16	79085000	79085999	2
chr16	79086000	79086999	0
chr16	79087000	79087999	5
chr16	79088000	79088999	7
chr16	79089000	79089999	0
chr16	79090000	79090999	24
chr16	79091000	79091999	17
chr16	79092000	79092999	0
chr16	79093000	79093999	16
chr16	79094000	79094999	2
chr16	79095000	79095999	0
chr16	79096000	79096999	6
chr16	79097000	79097999	5
chr16	79098000	79098999	0
chr16	79099000	79099999	0
chr16	79100000	79100999	23
chr16	79101000	79101999	0
chr16	79102000	79102999	0
chr16	79103000	79103999	14
chr16	79104000	79104999	15
chr16	79105000	79105999	19
chr16	79106000	79106999	0
chr16	79107000	79107999	24
chr16	79108000	79108999	4
chr16	79109000	79109999	0
chr16	79110000	79110999	5
chr16	79111000	79111999	4
chr16	79112000	79112999	0
chr16	79113000	79113999	17
chr16	79114000	79114999	5
chr16	79115000	79115999	0
chr16	79116000	79116999	5
chr16	79117000	79117999	0
chr16	79118000	79118999	16
chr16	79119000	79119999	0
chr16	79120000	79120999	17
chr16	79121000	79121999	23
chr16	79122000	79122999	0
chr16	79123000	79123999	0
chr16	79124000	79124999	5
chr16	79125000	79125999	0
chr16	79126000	79126999	7
chr16	79127000	79127999	1
chr16	79128000	79128999	0
chr16	79129000	79129999	20
chr16	79130000	79130999	0
chr16	79131000	79131999	12
chr16	79132000	79132999	0
chr16	79133000	79133999	14
chr16	79134000	79134999	11
chr16	79135000	79135999	5
chr16	79136000	79136999	38
chr16	79137000	79137999	2
chr16	79138000	79138999	16
chr16	79139000	79139999	3
chr16	79140000	79140999	0
chr16	79141000	79141999	34
chr16	79142000	79142999	16
chr16	79143000	79143999	7
chr16	79144000	79144999	11
chr16	79145000	79145999	4
chr16	79146000	79146999	22
chr16	79147000	79147999	0
chr16	79148000	79148999	4
chr16	79149000	79149999	33
chr16	79150000	79150999	12
chr16	79151000	79151999	0
chr16	79152000	79152999	5
chr16	79153000	79153999	11
chr16	79154000	79154999	7
chr16	79155000	79155999	5
chr16	79156000	79156999	12
chr16	79157000	79157999	1
chr16	79158000	79158999	0
chr16	79159000	79159999	11
chr16	79160000	79160999	12
chr16	79161000	79161999	28
chr16	79162000	79162999	12
chr16	79163000	79163999	46
chr16	79164000	79164999	28
chr16	79165000	79165999	10
chr16	79166000	79166999	7
chr16	79167000	79167999	13
chr16	79168000	79168999	2
chr16	79169000	79169999	0
chr16	79170000	79170999	0
chr16	79171000	79171999	9
chr16	79172000	79172999	8
chr16	79173000	79173999	3
chr16	79174000	79174999	22
chr16	79175000	79175999	0
chr16	79176000	79176999	0
chr16	79177000	79177999	16
chr16	79178000	79178999	0
chr16	79179000	79179999	9
chr16	79180000	79180999	2
chr16	79181000	79181999	9
chr16	79182000	79182999	4
chr16	79183000	79183999	4
chr16	79184000	79184999	0
chr16	79185000	79185999	8
chr16	79186000	79186999	49
chr16	79187000	79187999	5
chr16	79188000	79188999	5
chr16	79189000	79189999	11
chr16	79190000	79190999	7
chr16	79191000	79191999	17
chr16	79192000	79192999	3
chr16	79193000	79193999	0
chr16	79194000	79194999	0
chr16	79195000	79195999	2
chr16	79196000	79196999	0
chr16	79197000	79197999	0
chr16	79198000	79198999	4
chr16	79199000	79199999	0
chr16	79200000	79200999	16
chr16	79201000	79201999	0
chr16	79202000	79202999	0
chr16	79203000	79203999	11
chr16	79204000	79204999	4
chr16	79205000	79205999	0
chr16	79206000	79206999	12
chr16	79207000	79207999	16
chr16	79208000	79208999	4
chr16	79209000	79209999	4
chr16	79210000	79210999	9
chr16	79211000	79211999	0
chr16	79212000	79212999	7
chr16	79213000	79213999	0
chr16	79214000	79214999	5
chr16	79215000	79215999	1
chr16	79216000	79216999	21
chr16	79217000	79217999	4
chr16	79218000	79218999	10
chr16	79219000	79219999	0
chr16	79220000	79220999	12
chr16	79221000	79221999	0
chr16	79222000	79222999	5
chr16	79223000	79223999	4
chr16	79224000	79224999	0
chr16	79225000	79225999	12
chr16	79226000	79226999	19
chr16	79227000	79227999	32
chr16	79228000	79228999	11
chr16	79229000	79229999	8
chr16	79230000	79230999	6
chr16	79231000	79231999	15
chr16	79232000	79232999	7
chr16	79233000	79233999	8
chr16	79234000	79234999	4
chr16	79235000	79235999	6
chr16	79236000	79236999	0
chr16	79237000	79237999	0
chr16	79238000	79238999	12
chr16	79239000	79239999	20
chr16	79240000	79240999	5
chr16	79241000	79241999	15
chr16	79242000	79242999	47
chr16	79243000	79243999	4
chr16	79244000	79244999	0
chr16	79245000	79245999	5
chr16	79246000	79246999	0
chr16	79247000	79247999	25
chr16	79248000	79248999	0
chr16	79249000	79249999	0
chr16	79250000	79250999	22
chr16	79251000	79251999	2
chr16	79252000	79252999	6
chr16	79253000	79253999	16
chr16	79254000	79254999	7
chr16	79255000	79255999	7
chr16	79256000	79256999	0
chr16	79257000	79257999	1
chr16	79258000	79258999	15
chr16	79259000	79259999	4
chr16	79260000	79260999	8
chr16	79261000	79261999	12
chr16	79262000	79262999	0
chr16	79263000	79263999	17
chr16	79264000	79264999	14
chr16	79265000	79265999	2
chr16	79266000	79266999	4
chr16	79267000	79267999	6
chr16	79268000	79268999	2
chr16	79269000	79269999	11
chr16	79270000	79270999	1
chr16	79271000	79271999	2
chr16	79272000	79272999	20
chr16	79273000	79273999	5
chr16	79274000	79274999	13
chr16	79275000	79275999	8
chr16	79276000	79276999	4
chr16	79277000	79277999	28
chr16	79278000	79278999	11
chr16	79279000	79279999	12
chr16	79280000	79280999	0
chr16	79281000	79281999	5
chr16	79282000	79282999	3
chr16	79283000	79283999	0
chr16	79284000	79284999	0
chr16	79285000	79285999	0
chr16	79286000	79286999	8
chr16	79287000	79287999	0
chr16	79288000	79288999	0
chr16	79289000	79289999	3
chr16	79290000	79290999	13
chr16	79291000	79291999	8
chr16	79292000	79292999	0
chr16	79293000	79293999	12
chr16	79294000	79294999	0
chr16	79295000	79295999	1
chr16	79296000	79296999	0
chr16	79297000	79297999	0
chr16	79298000	79298999	0
chr16	79299000	79299999	0
chr16	79300000	79300999	0
chr16	79301000	79301999	14
chr16	79302000	79302999	7
chr16	79303000	79303999	3
chr16	79304000	79304999	7
chr16	79305000	79305999	0
chr16	79306000	79306999	0
chr16	79307000	79307999	4
chr16	79308000	79308999	9
chr16	79309000	79309999	14
chr16	79310000	79310999	0
chr16	79311000	79311999	18
chr16	79312000	79312999	0
chr16	79313000	79313999	5
chr16	79314000	79314999	18
chr16	79315000	79315999	1
chr16	79316000	79316999	6
chr16	79317000	79317999	0
chr16	79318000	79318999	15
chr16	79319000	79319999	2
chr16	79320000	79320999	3
chr16	79321000	79321999	0
chr16	79322000	79322999	0
chr16	79323000	79323999	5
chr16	79324000	79324999	0
chr16	79325000	79325999	11
chr16	79326000	79326999	12
chr16	79327000	79327999	3
chr16	79328000	79328999	0
chr16	79329000	79329999	18
chr16	79330000	79330999	9
chr16	79331000	79331999	6
chr16	79332000	79332999	5
chr16	79333000	79333999	22
chr16	79334000	79334999	0
chr16	79335000	79335999	27
chr16	79336000	79336999	14
chr16	79337000	79337999	2
chr16	79338000	79338999	10
chr16	79339000	79339999	5
chr16	79340000	79340999	20
chr16	79341000	79341999	4
chr16	79342000	79342999	21
chr16	79343000	79343999	15
chr16	79344000	79344999	15
chr16	79345000	79345999	13
chr16	79346000	79346999	2
chr16	79347000	79347999	2
chr16	79348000	79348999	0
chr16	79349000	79349999	9
chr16	79350000	79350999	0
chr16	79351000	79351999	22
chr16	79352000	79352999	0
chr16	79353000	79353999	1
chr16	79354000	79354999	24
chr16	79355000	79355999	6
chr16	79356000	79356999	6
chr16	79357000	79357999	0
chr16	79358000	79358999	18
chr16	79359000	79359999	3
chr16	79360000	79360999	7
chr16	79361000	79361999	0
chr16	79362000	79362999	5
chr16	79363000	79363999	6
chr16	79364000	79364999	33
chr16	79365000	79365999	18
chr16	79366000	79366999	3
chr16	79367000	79367999	15
chr16	79368000	79368999	0
chr16	79369000	79369999	0
chr16	79370000	79370999	0
chr16	79371000	79371999	0
chr16	79372000	79372999	0
chr16	79373000	79373999	0
chr16	79374000	79374999	0
chr16	79375000	79375999	0
chr16	79376000	79376999	11
chr16	79377000	79377999	5
chr16	79378000	79378999	0
chr16	79379000	79379999	43
chr16	79380000	79380999	21
chr16	79381000	79381999	0
chr16	79382000	79382999	15
chr16	79383000	79383999	10
chr16	79384000	79384999	3
chr16	79385000	79385999	1
chr16	79386000	79386999	23
chr16	79387000	79387999	21
chr16	79388000	79388999	0
chr16	79389000	79389999	29
chr16	79390000	79390999	0
chr16	79391000	79391999	0
chr16	79392000	79392999	10
chr16	79393000	79393999	23
chr16	79394000	79394999	7
chr16	79395000	79395999	10
chr16	79396000	79396999	18
chr16	79397000	79397999	4
chr16	79398000	79398999	10
chr16	79399000	79399999	0
chr16	79400000	79400999	4
chr16	79401000	79401999	6
chr16	79402000	79402999	13
chr16	79403000	79403999	18
chr16	79404000	79404999	22
chr16	79405000	79405999	14
chr16	79406000	79406999	0
chr16	79407000	79407999	11
chr16	79408000	79408999	14
chr16	79409000	79409999	0
chr16	79410000	79410999	7
chr16	79411000	79411999	0
chr16	79412000	79412999	0
chr16	79413000	79413999	14
chr16	79414000	79414999	5
chr16	79415000	79415999	3
chr16	79416000	79416999	6
chr16	79417000	79417999	22
chr16	79418000	79418999	5
chr16	79419000	79419999	13
chr16	79420000	79420999	5
chr16	79421000	79421999	9
chr16	79422000	79422999	5
chr16	79423000	79423999	4
chr16	79424000	79424999	0
chr16	79425000	79425999	4
chr16	79426000	79426999	23
chr16	79427000	79427999	0
chr16	79428000	79428999	0
chr16	79429000	79429999	0
chr16	79430000	79430999	0
chr16	79431000	79431999	0
chr16	79432000	79432999	10
chr16	79433000	79433999	4
chr16	79434000	79434999	17
chr16	79435000	79435999	15
chr16	79436000	79436999	0
chr16	79437000	79437999	0
chr16	79438000	79438999	14
chr16	79439000	79439999	0
chr16	79440000	79440999	7
chr16	79441000	79441999	15
chr16	79442000	79442999	0
chr16	79443000	79443999	10
chr16	79444000	79444999	10
chr16	79445000	79445999	8
chr16	79446000	79446999	0
chr16	79447000	79447999	0
chr16	79448000	79448999	6
chr16	79449000	79449999	4
chr16	79450000	79450999	1
chr16	79451000	79451999	32
chr16	79452000	79452999	4
chr16	79453000	79453999	1
chr16	79454000	79454999	22
chr16	79455000	79455999	0
chr16	79456000	79456999	5
chr16	79457000	79457999	4
chr16	79458000	79458999	10
chr16	79459000	79459999	4
chr16	79460000	79460999	17
chr16	79461000	79461999	3
chr16	79462000	79462999	8
chr16	79463000	79463999	0
chr16	79464000	79464999	8
chr16	79465000	79465999	13
chr16	79466000	79466999	18
chr16	79467000	79467999	19
chr16	79468000	79468999	7
chr16	79469000	79469999	0
chr16	79470000	79470999	17
chr16	79471000	79471999	2
chr16	79472000	79472999	0
chr16	79473000	79473999	0
chr16	79474000	79474999	5
chr16	79475000	79475999	0
chr16	79476000	79476999	22
chr16	79477000	79477999	0
chr16	79478000	79478999	7
chr16	79479000	79479999	0
chr16	79480000	79480999	0
chr16	79481000	79481999	5
chr16	79482000	79482999	7
chr16	79483000	79483999	0
chr16	79484000	79484999	22
chr16	79485000	79485999	1
chr16	79486000	79486999	4
chr16	79487000	79487999	11
chr16	79488000	79488999	0
chr16	79489000	79489999	3
chr16	79490000	79490999	7
chr16	79491000	79491999	5
chr16	79492000	79492999	9
chr16	79493000	79493999	0
chr16	79494000	79494999	4
chr16	79495000	79495999	0
chr16	79496000	79496999	6
chr16	79497000	79497999	0
chr16	79498000	79498999	0
chr16	79499000	79499999	0
chr16	79500000	79500999	0
chr16	79501000	79501999	0
chr16	79502000	79502999	10
chr16	79503000	79503999	5
chr16	79504000	79504999	0
chr16	79505000	79505999	5
chr16	79506000	79506999	0
chr16	79507000	79507999	12
chr16	79508000	79508999	3
chr16	79509000	79509999	0
chr16	79510000	79510999	1
chr16	79511000	79511999	0
chr16	79512000	79512999	0
chr16	79513000	79513999	5
chr16	79514000	79514999	0
chr16	79515000	79515999	24
chr16	79516000	79516999	8
chr16	79517000	79517999	0
chr16	79518000	79518999	0
chr16	79519000	79519999	17
chr16	79520000	79520999	10
chr16	79521000	79521999	23
chr16	79522000	79522999	33
chr16	79523000	79523999	11
chr16	79524000	79524999	0
chr16	79525000	79525999	2
chr16	79526000	79526999	0
chr16	79527000	79527999	7
chr16	79528000	79528999	0
chr16	79529000	79529999	3
chr16	79530000	79530999	8
chr16	79531000	79531999	23
chr16	79532000	79532999	0
chr16	79533000	79533999	0
chr16	79534000	79534999	0
chr16	79535000	79535999	8
chr16	79536000	79536999	16
chr16	79537000	79537999	8
chr16	79538000	79538999	13
chr16	79539000	79539999	12
chr16	79540000	79540999	11
chr16	79541000	79541999	7
chr16	79542000	79542999	0
chr16	79543000	79543999	0
chr16	79544000	79544999	0
chr16	79545000	79545999	0
chr16	79546000	79546999	0
chr16	79547000	79547999	1
chr16	79548000	79548999	5
chr16	79549000	79549999	3
chr16	79550000	79550999	18
chr16	79551000	79551999	12
chr16	79552000	79552999	13
chr16	79553000	79553999	15
chr16	79554000	79554999	3
chr16	79555000	79555999	0
chr16	79556000	79556999	0
chr16	79557000	79557999	0
chr16	79558000	79558999	9
chr16	79559000	79559999	11
chr16	79560000	79560999	0
chr16	79561000	79561999	0
chr16	79562000	79562999	6
chr16	79563000	79563999	3
chr16	79564000	79564999	5
chr16	79565000	79565999	4
chr16	79566000	79566999	17
chr16	79567000	79567999	6
chr16	79568000	79568999	7
chr16	79569000	79569999	0
chr16	79570000	79570999	13
chr16	79571000	79571999	15
chr16	79572000	79572999	8
chr16	79573000	79573999	11
chr16	79574000	79574999	0
chr16	79575000	79575999	9
chr16	79576000	79576999	4
chr16	79577000	79577999	1
chr16	79578000	79578999	8
chr16	79579000	79579999	0
chr16	79580000	79580999	3
chr16	79581000	79581999	1
chr16	79582000	79582999	3
chr16	79583000	79583999	2
chr16	79584000	79584999	12
chr16	79585000	79585999	0
chr16	79586000	79586999	4
chr16	79587000	79587999	12
chr16	79588000	79588999	24
chr16	79589000	79589999	0
chr16	79590000	79590999	7
chr16	79591000	79591999	8
chr16	79592000	79592999	0
chr16	79593000	79593999	7
chr16	79594000	79594999	31
chr16	79595000	79595999	5
chr16	79596000	79596999	0
chr16	79597000	79597999	28
chr16	79598000	79598999	4
chr16	79599000	79599999	15
chr16	79600000	79600999	8
chr16	79601000	79601999	0
chr16	79602000	79602999	12
chr16	79603000	79603999	0
chr16	79604000	79604999	6
chr16	79605000	79605999	7
chr16	79606000	79606999	25
chr16	79607000	79607999	0
chr16	79608000	79608999	10
chr16	79609000	79609999	0
chr16	79610000	79610999	6
chr16	79611000	79611999	0
chr16	79612000	79612999	5
chr16	79613000	79613999	17
chr16	79614000	79614999	0
chr16	79615000	79615999	1
chr16	79616000	79616999	6
chr16	79617000	79617999	0
chr16	79618000	79618999	0
chr16	79619000	79619999	4
chr16	79620000	79620999	0
chr16	79621000	79621999	13
chr16	79622000	79622999	0
chr16	79623000	79623999	9
chr16	79624000	79624999	0
chr16	79625000	79625999	14
chr16	79626000	79626999	17
chr16	79627000	79627999	0
chr16	79628000	79628999	3
chr16	79629000	79629999	11
chr16	79630000	79630999	9
chr16	79631000	79631999	5
chr16	79632000	79632999	9
chr16	79633000	79633999	0
chr16	79634000	79634999	2
chr16	79635000	79635999	7
chr16	79636000	79636999	0
chr16	79637000	79637999	13
chr16	79638000	79638999	14
chr16	79639000	79639999	0
chr16	79640000	79640999	17
chr16	79641000	79641999	22
chr16	79642000	79642999	16
chr16	79643000	79643999	3
chr16	79644000	79644999	1
chr16	79645000	79645999	8
chr16	79646000	79646999	0
chr16	79647000	79647999	14
chr16	79648000	79648999	11
chr16	79649000	79649999	7
chr16	79650000	79650999	0
chr16	79651000	79651999	0
chr16	79652000	79652999	19
chr16	79653000	79653999	6
chr16	79654000	79654999	0
chr16	79655000	79655999	7
chr16	79656000	79656999	13
chr16	79657000	79657999	0
chr16	79658000	79658999	6
chr16	79659000	79659999	9
chr16	79660000	79660999	16
chr16	79661000	79661999	2
chr16	79662000	79662999	0
chr16	79663000	79663999	0
chr16	79664000	79664999	0
chr16	79665000	79665999	0
chr16	79666000	79666999	0
chr16	79667000	79667999	0
chr16	79668000	79668999	0
chr16	79669000	79669999	0
chr16	79670000	79670999	3
chr16	79671000	79671999	28
chr16	79672000	79672999	0
chr16	79673000	79673999	3
chr16	79674000	79674999	15
chr16	79675000	79675999	11
chr16	79676000	79676999	0
chr16	79677000	79677999	7
chr16	79678000	79678999	0
chr16	79679000	79679999	23
chr16	79680000	79680999	0
chr16	79681000	79681999	7
chr16	79682000	79682999	33
chr16	79683000	79683999	1
chr16	79684000	79684999	0
chr16	79685000	79685999	8
chr16	79686000	79686999	0
chr16	79687000	79687999	0
chr16	79688000	79688999	0
chr16	79689000	79689999	21
chr16	79690000	79690999	0
chr16	79691000	79691999	19
chr16	79692000	79692999	5
chr16	79693000	79693999	0
chr16	79694000	79694999	0
chr16	79695000	79695999	0
chr16	79696000	79696999	26
chr16	79697000	79697999	0
chr16	79698000	79698999	12
chr16	79699000	79699999	5
chr16	79700000	79700999	8
chr16	79701000	79701999	0
chr16	79702000	79702999	0
chr16	79703000	79703999	14
chr16	79704000	79704999	26
chr16	79705000	79705999	2
chr16	79706000	79706999	13
chr16	79707000	79707999	15
chr16	79708000	79708999	13
chr16	79709000	79709999	13
chr16	79710000	79710999	1
chr16	79711000	79711999	17
chr16	79712000	79712999	6
chr16	79713000	79713999	16
chr16	79714000	79714999	8
chr16	79715000	79715999	6
chr16	79716000	79716999	39
chr16	79717000	79717999	4
chr16	79718000	79718999	3
chr16	79719000	79719999	16
chr16	79720000	79720999	6
chr16	79721000	79721999	11
chr16	79722000	79722999	21
chr16	79723000	79723999	12
chr16	79724000	79724999	11
chr16	79725000	79725999	0
chr16	79726000	79726999	14
chr16	79727000	79727999	0
chr16	79728000	79728999	3
chr16	79729000	79729999	0
chr16	79730000	79730999	0
chr16	79731000	79731999	0
chr16	79732000	79732999	0
chr16	79733000	79733999	0
chr16	79734000	79734999	0
chr16	79735000	79735999	4
chr16	79736000	79736999	11
chr16	79737000	79737999	0
chr16	79738000	79738999	14
chr16	79739000	79739999	0
chr16	79740000	79740999	0
chr16	79741000	79741999	2
chr16	79742000	79742999	16
chr16	79743000	79743999	11
chr16	79744000	79744999	8
chr16	79745000	79745999	10
chr16	79746000	79746999	0
chr16	79747000	79747999	4
chr16	79748000	79748999	11
chr16	79749000	79749999	12
chr16	79750000	79750999	18
chr16	79751000	79751999	20
chr16	79752000	79752999	4
chr16	79753000	79753999	13
chr16	79754000	79754999	1
chr16	79755000	79755999	0
chr16	79756000	79756999	0
chr16	79757000	79757999	6
chr16	79758000	79758999	0
chr16	79759000	79759999	8
chr16	79760000	79760999	0
chr16	79761000	79761999	7
chr16	79762000	79762999	14
chr16	79763000	79763999	6
chr16	79764000	79764999	0
chr16	79765000	79765999	0
chr16	79766000	79766999	10
chr16	79767000	79767999	18
chr16	79768000	79768999	4
chr16	79769000	79769999	0
chr16	79770000	79770999	3
chr16	79771000	79771999	5
chr16	79772000	79772999	0
chr16	79773000	79773999	5
chr16	79774000	79774999	38
chr16	79775000	79775999	15
chr16	79776000	79776999	7
chr16	79777000	79777999	2
chr16	79778000	79778999	27
chr16	79779000	79779999	2
chr16	79780000	79780999	25
chr16	79781000	79781999	17
chr16	79782000	79782999	0
chr16	79783000	79783999	0
chr16	79784000	79784999	0
chr16	79785000	79785999	0
chr16	79786000	79786999	4
chr16	79787000	79787999	0
chr16	79788000	79788999	21
chr16	79789000	79789999	0
chr16	79790000	79790999	0
chr16	79791000	79791999	33
chr16	79792000	79792999	37
chr16	79793000	79793999	0
chr16	79794000	79794999	1
chr16	79795000	79795999	6
chr16	79796000	79796999	15
chr16	79797000	79797999	11
chr16	79798000	79798999	0
chr16	79799000	79799999	3
chr16	79800000	79800999	7
chr16	79801000	79801999	3
chr16	79802000	79802999	0
chr16	79803000	79803999	9
chr16	79804000	79804999	7
chr16	79805000	79805999	42
chr16	79806000	79806999	25
chr16	79807000	79807999	9
chr16	79808000	79808999	13
chr16	79809000	79809999	10
chr16	79810000	79810999	7
chr16	79811000	79811999	0
chr16	79812000	79812999	1
chr16	79813000	79813999	7
chr16	79814000	79814999	0
chr16	79815000	79815999	0
chr16	79816000	79816999	3
chr16	79817000	79817999	11
chr16	79818000	79818999	16
chr16	79819000	79819999	27
chr16	79820000	79820999	0
chr16	79821000	79821999	0
chr16	79822000	79822999	5
chr16	79823000	79823999	18
chr16	79824000	79824999	0
chr16	79825000	79825999	14
chr16	79826000	79826999	4
chr16	79827000	79827999	6
chr16	79828000	79828999	3
chr16	79829000	79829999	3
chr16	79830000	79830999	0
chr16	79831000	79831999	30
chr16	79832000	79832999	3
chr16	79833000	79833999	0
chr16	79834000	79834999	0
chr16	79835000	79835999	10
chr16	79836000	79836999	0
chr16	79837000	79837999	8
chr16	79838000	79838999	8
chr16	79839000	79839999	6
chr16	79840000	79840999	9
chr16	79841000	79841999	0
chr16	79842000	79842999	7
chr16	79843000	79843999	0
chr16	79844000	79844999	23
chr16	79845000	79845999	11
chr16	79846000	79846999	0
chr16	79847000	79847999	0
chr16	79848000	79848999	0
chr16	79849000	79849999	21
chr16	79850000	79850999	0
chr16	79851000	79851999	6
chr16	79852000	79852999	10
chr16	79853000	79853999	0
chr16	79854000	79854999	0
chr16	79855000	79855999	0
chr16	79856000	79856999	5
chr16	79857000	79857999	10
chr16	79858000	79858999	5
chr16	79859000	79859999	0
chr16	79860000	79860999	8
chr16	79861000	79861999	16
chr16	79862000	79862999	0
chr16	79863000	79863999	0
chr16	79864000	79864999	24
chr16	79865000	79865999	5
chr16	79866000	79866999	6
chr16	79867000	79867999	8
chr16	79868000	79868999	18
chr16	79869000	79869999	0
chr16	79870000	79870999	4
chr16	79871000	79871999	0
chr16	79872000	79872999	18
chr16	79873000	79873999	17
chr16	79874000	79874999	0
chr16	79875000	79875999	1
chr16	79876000	79876999	13
chr16	79877000	79877999	0
chr16	79878000	79878999	23
chr16	79879000	79879999	6
chr16	79880000	79880999	20
chr16	79881000	79881999	0
chr16	79882000	79882999	10
chr16	79883000	79883999	3
chr16	79884000	79884999	0
chr16	79885000	79885999	7
chr16	79886000	79886999	5
chr16	79887000	79887999	39
chr16	79888000	79888999	4
chr16	79889000	79889999	0
chr16	79890000	79890999	15
chr16	79891000	79891999	0
chr16	79892000	79892999	11
chr16	79893000	79893999	0
chr16	79894000	79894999	0
chr16	79895000	79895999	0
chr16	79896000	79896999	0
chr16	79897000	79897999	12
chr16	79898000	79898999	1
chr16	79899000	79899999	10
chr16	79900000	79900999	8
chr16	79901000	79901999	12
chr16	79902000	79902999	11
chr16	79903000	79903999	7
chr16	79904000	79904999	7
chr16	79905000	79905999	13
chr16	79906000	79906999	27
chr16	79907000	79907999	0
chr16	79908000	79908999	13
chr16	79909000	79909999	29
chr16	79910000	79910999	5
chr16	79911000	79911999	4
chr16	79912000	79912999	0
chr16	79913000	79913999	6
chr16	79914000	79914999	7
chr16	79915000	79915999	0
chr16	79916000	79916999	0
chr16	79917000	79917999	0
chr16	79918000	79918999	0
chr16	79919000	79919999	0
chr16	79920000	79920999	7
chr16	79921000	79921999	19
chr16	79922000	79922999	0
chr16	79923000	79923999	16
chr16	79924000	79924999	16
chr16	79925000	79925999	0
chr16	79926000	79926999	5
chr16	79927000	79927999	7
chr16	79928000	79928999	0
chr16	79929000	79929999	5
chr16	79930000	79930999	22
chr16	79931000	79931999	0
chr16	79932000	79932999	2
chr16	79933000	79933999	13
chr16	79934000	79934999	0
chr16	79935000	79935999	10
chr16	79936000	79936999	32
chr16	79937000	79937999	0
chr16	79938000	79938999	20
chr16	79939000	79939999	5
chr16	79940000	79940999	10
chr16	79941000	79941999	6
chr16	79942000	79942999	26
chr16	79943000	79943999	0
chr16	79944000	79944999	0
chr16	79945000	79945999	0
chr16	79946000	79946999	0
chr16	79947000	79947999	0
chr16	79948000	79948999	18
chr16	79949000	79949999	11
chr16	79950000	79950999	23
chr16	79951000	79951999	6
chr16	79952000	79952999	8
chr16	79953000	79953999	4
chr16	79954000	79954999	8
chr16	79955000	79955999	0
chr16	79956000	79956999	3
chr16	79957000	79957999	18
chr16	79958000	79958999	10
chr16	79959000	79959999	0
chr16	79960000	79960999	10
chr16	79961000	79961999	0
chr16	79962000	79962999	8
chr16	79963000	79963999	26
chr16	79964000	79964999	12
chr16	79965000	79965999	37
chr16	79966000	79966999	0
chr16	79967000	79967999	7
chr16	79968000	79968999	16
chr16	79969000	79969999	12
chr16	79970000	79970999	3
chr16	79971000	79971999	0
chr16	79972000	79972999	0
chr16	79973000	79973999	8
chr16	79974000	79974999	3
chr16	79975000	79975999	18
chr16	79976000	79976999	1
chr16	79977000	79977999	28
chr16	79978000	79978999	0
chr16	79979000	79979999	3
chr16	79980000	79980999	0
chr16	79981000	79981999	3
chr16	79982000	79982999	6
chr16	79983000	79983999	4
chr16	79984000	79984999	0
chr16	79985000	79985999	0
chr16	79986000	79986999	0
chr16	79987000	79987999	3
chr16	79988000	79988999	1
chr16	79989000	79989999	14
chr16	79990000	79990999	26
chr16	79991000	79991999	2
chr16	79992000	79992999	4
chr16	79993000	79993999	0
chr16	79994000	79994999	10
chr16	79995000	79995999	13
chr16	79996000	79996999	9
chr16	79997000	79997999	1
chr16	79998000	79998999	3
chr16	79999000	79999999	3
chr16	80000000	80000999	0
chr16	80001000	80001999	17
chr16	80002000	80002999	6
chr16	80003000	80003999	8
chr16	80004000	80004999	6
chr16	80005000	80005999	14
chr16	80006000	80006999	8
chr16	80007000	80007999	1
chr16	80008000	80008999	3
chr16	80009000	80009999	6
chr16	80010000	80010999	10
chr16	80011000	80011999	8
chr16	80012000	80012999	3
chr16	80013000	80013999	3
chr16	80014000	80014999	0
chr16	80015000	80015999	0
chr16	80016000	80016999	0
chr16	80017000	80017999	10
chr16	80018000	80018999	16
chr16	80019000	80019999	6
chr16	80020000	80020999	0
chr16	80021000	80021999	1
chr16	80022000	80022999	3
chr16	80023000	80023999	9
chr16	80024000	80024999	3
chr16	80025000	80025999	16
chr16	80026000	80026999	2
chr16	80027000	80027999	4
chr16	80028000	80028999	2
chr16	80029000	80029999	10
chr16	80030000	80030999	25
chr16	80031000	80031999	48
chr16	80032000	80032999	2
chr16	80033000	80033999	0
chr16	80034000	80034999	0
chr16	80035000	80035999	4
chr16	80036000	80036999	1
chr16	80037000	80037999	7
chr16	80038000	80038999	19
chr16	80039000	80039999	6
chr16	80040000	80040999	0
chr16	80041000	80041999	10
chr16	80042000	80042999	8
chr16	80043000	80043999	0
chr16	80044000	80044999	10
chr16	80045000	80045999	2
chr16	80046000	80046999	7
chr16	80047000	80047999	12
chr16	80048000	80048999	24
chr16	80049000	80049999	3
chr16	80050000	80050999	6
chr16	80051000	80051999	0
chr16	80052000	80052999	30
chr16	80053000	80053999	6
chr16	80054000	80054999	21
chr16	80055000	80055999	0
chr16	80056000	80056999	0
chr16	80057000	80057999	4
chr16	80058000	80058999	11
chr16	80059000	80059999	7
chr16	80060000	80060999	0
chr16	80061000	80061999	29
chr16	80062000	80062999	3
chr16	80063000	80063999	0
chr16	80064000	80064999	0
chr16	80065000	80065999	14
chr16	80066000	80066999	2
chr16	80067000	80067999	4
chr16	80068000	80068999	20
chr16	80069000	80069999	0
chr16	80070000	80070999	7
chr16	80071000	80071999	13
chr16	80072000	80072999	6
chr16	80073000	80073999	7
chr16	80074000	80074999	26
chr16	80075000	80075999	7
chr16	80076000	80076999	4
chr16	80077000	80077999	6
chr16	80078000	80078999	24
chr16	80079000	80079999	4
chr16	80080000	80080999	4
chr16	80081000	80081999	5
chr16	80082000	80082999	6
chr16	80083000	80083999	0
chr16	80084000	80084999	21
chr16	80085000	80085999	10
chr16	80086000	80086999	0
chr16	80087000	80087999	0
chr16	80088000	80088999	8
chr16	80089000	80089999	3
chr16	80090000	80090999	0
chr16	80091000	80091999	0
chr16	80092000	80092999	6
chr16	80093000	80093999	0
chr16	80094000	80094999	10
chr16	80095000	80095999	1
chr16	80096000	80096999	11
chr16	80097000	80097999	6
chr16	80098000	80098999	0
chr16	80099000	80099999	0
chr16	80100000	80100999	3
chr16	80101000	80101999	0
chr16	80102000	80102999	0
chr16	80103000	80103999	0
chr16	80104000	80104999	0
chr16	80105000	80105999	0
chr16	80106000	80106999	0
chr16	80107000	80107999	0
chr16	80108000	80108999	4
chr16	80109000	80109999	25
chr16	80110000	80110999	10
chr16	80111000	80111999	5
chr16	80112000	80112999	0
chr16	80113000	80113999	3
chr16	80114000	80114999	3
chr16	80115000	80115999	23
chr16	80116000	80116999	0
chr16	80117000	80117999	3
chr16	80118000	80118999	0
chr16	80119000	80119999	3
chr16	80120000	80120999	27
chr16	80121000	80121999	3
chr16	80122000	80122999	1
chr16	80123000	80123999	14
chr16	80124000	80124999	12
chr16	80125000	80125999	0
chr16	80126000	80126999	3
chr16	80127000	80127999	0
chr16	80128000	80128999	2
chr16	80129000	80129999	0
chr16	80130000	80130999	0
chr16	80131000	80131999	0
chr16	80132000	80132999	6
chr16	80133000	80133999	10
chr16	80134000	80134999	0
chr16	80135000	80135999	9
chr16	80136000	80136999	5
chr16	80137000	80137999	8
chr16	80138000	80138999	15
chr16	80139000	80139999	15
chr16	80140000	80140999	8
chr16	80141000	80141999	0
chr16	80142000	80142999	0
chr16	80143000	80143999	0
chr16	80144000	80144999	0
chr16	80145000	80145999	0
chr16	80146000	80146999	0
chr16	80147000	80147999	14
chr16	80148000	80148999	10
chr16	80149000	80149999	5
chr16	80150000	80150999	14
chr16	80151000	80151999	11
chr16	80152000	80152999	4
chr16	80153000	80153999	10
chr16	80154000	80154999	0
chr16	80155000	80155999	16
chr16	80156000	80156999	32
chr16	80157000	80157999	0
chr16	80158000	80158999	0
chr16	80159000	80159999	0
chr16	80160000	80160999	17
chr16	80161000	80161999	20
chr16	80162000	80162999	12
chr16	80163000	80163999	11
chr16	80164000	80164999	6
chr16	80165000	80165999	1
chr16	80166000	80166999	3
chr16	80167000	80167999	3
chr16	80168000	80168999	14
chr16	80169000	80169999	4
chr16	80170000	80170999	16
chr16	80171000	80171999	7
chr16	80172000	80172999	8
chr16	80173000	80173999	7
chr16	80174000	80174999	18
chr16	80175000	80175999	0
chr16	80176000	80176999	5
chr16	80177000	80177999	19
chr16	80178000	80178999	17
chr16	80179000	80179999	0
chr16	80180000	80180999	0
chr16	80181000	80181999	0
chr16	80182000	80182999	0
chr16	80183000	80183999	6
chr16	80184000	80184999	0
chr16	80185000	80185999	3
chr16	80186000	80186999	0
chr16	80187000	80187999	3
chr16	80188000	80188999	8
chr16	80189000	80189999	13
chr16	80190000	80190999	6
chr16	80191000	80191999	0
chr16	80192000	80192999	5
chr16	80193000	80193999	1
chr16	80194000	80194999	0
chr16	80195000	80195999	22
chr16	80196000	80196999	11
chr16	80197000	80197999	13
chr16	80198000	80198999	11
chr16	80199000	80199999	0
chr16	80200000	80200999	14
chr16	80201000	80201999	7
chr16	80202000	80202999	12
chr16	80203000	80203999	0
chr16	80204000	80204999	0
chr16	80205000	80205999	0
chr16	80206000	80206999	4
chr16	80207000	80207999	0
chr16	80208000	80208999	10
chr16	80209000	80209999	8
chr16	80210000	80210999	30
chr16	80211000	80211999	9
chr16	80212000	80212999	14
chr16	80213000	80213999	4
chr16	80214000	80214999	24
chr16	80215000	80215999	1
chr16	80216000	80216999	0
chr16	80217000	80217999	13
chr16	80218000	80218999	9
chr16	80219000	80219999	0
chr16	80220000	80220999	16
chr16	80221000	80221999	0
chr16	80222000	80222999	0
chr16	80223000	80223999	19
chr16	80224000	80224999	28
chr16	80225000	80225999	0
chr16	80226000	80226999	18
chr16	80227000	80227999	2
chr16	80228000	80228999	0
chr16	80229000	80229999	35
chr16	80230000	80230999	2
chr16	80231000	80231999	13
chr16	80232000	80232999	1
chr16	80233000	80233999	0
chr16	80234000	80234999	13
chr16	80235000	80235999	25
chr16	80236000	80236999	5
chr16	80237000	80237999	0
chr16	80238000	80238999	5
chr16	80239000	80239999	8
chr16	80240000	80240999	16
chr16	80241000	80241999	10
chr16	80242000	80242999	2
chr16	80243000	80243999	0
chr16	80244000	80244999	12
chr16	80245000	80245999	13
chr16	80246000	80246999	7
chr16	80247000	80247999	6
chr16	80248000	80248999	11
chr16	80249000	80249999	40
chr16	80250000	80250999	13
chr16	80251000	80251999	13
chr16	80252000	80252999	5
chr16	80253000	80253999	9
chr16	80254000	80254999	26
chr16	80255000	80255999	0
chr16	80256000	80256999	12
chr16	80257000	80257999	9
chr16	80258000	80258999	0
chr16	80259000	80259999	2
chr16	80260000	80260999	0
chr16	80261000	80261999	16
chr16	80262000	80262999	13
chr16	80263000	80263999	26
chr16	80264000	80264999	0
chr16	80265000	80265999	0
chr16	80266000	80266999	0
chr16	80267000	80267999	1
chr16	80268000	80268999	0
chr16	80269000	80269999	0
chr16	80270000	80270999	11
chr16	80271000	80271999	24
chr16	80272000	80272999	16
chr16	80273000	80273999	0
chr16	80274000	80274999	8
chr16	80275000	80275999	17
chr16	80276000	80276999	17
chr16	80277000	80277999	0
chr16	80278000	80278999	2
chr16	80279000	80279999	4
chr16	80280000	80280999	0
chr16	80281000	80281999	0
chr16	80282000	80282999	34
chr16	80283000	80283999	3
chr16	80284000	80284999	0
chr16	80285000	80285999	5
chr16	80286000	80286999	9
chr16	80287000	80287999	5
chr16	80288000	80288999	0
chr16	80289000	80289999	0
chr16	80290000	80290999	0
chr16	80291000	80291999	0
chr16	80292000	80292999	0
chr16	80293000	80293999	0
chr16	80294000	80294999	0
chr16	80295000	80295999	6
chr16	80296000	80296999	5
chr16	80297000	80297999	5
chr16	80298000	80298999	7
chr16	80299000	80299999	10
chr16	80300000	80300999	3
chr16	80301000	80301999	5
chr16	80302000	80302999	0
chr16	80303000	80303999	8
chr16	80304000	80304999	0
chr16	80305000	80305999	0
chr16	80306000	80306999	0
chr16	80307000	80307999	0
chr16	80308000	80308999	0
chr16	80309000	80309999	3
chr16	80310000	80310999	0
chr16	80311000	80311999	36
chr16	80312000	80312999	7
chr16	80313000	80313999	0
chr16	80314000	80314999	6
chr16	80315000	80315999	9
chr16	80316000	80316999	12
chr16	80317000	80317999	0
chr16	80318000	80318999	0
chr16	80319000	80319999	5
chr16	80320000	80320999	4
chr16	80321000	80321999	17
chr16	80322000	80322999	4
chr16	80323000	80323999	10
chr16	80324000	80324999	0
chr16	80325000	80325999	22
chr16	80326000	80326999	7
chr16	80327000	80327999	2
chr16	80328000	80328999	37
chr16	80329000	80329999	0
chr16	80330000	80330999	4
chr16	80331000	80331999	7
chr16	80332000	80332999	9
chr16	80333000	80333999	0
chr16	80334000	80334999	2
chr16	80335000	80335999	31
chr16	80336000	80336999	4
chr16	80337000	80337999	18
chr16	80338000	80338999	18
chr16	80339000	80339999	37
chr16	80340000	80340999	33
chr16	80341000	80341999	0
chr16	80342000	80342999	16
chr16	80343000	80343999	0
chr16	80344000	80344999	0
chr16	80345000	80345999	7
chr16	80346000	80346999	1
chr16	80347000	80347999	2
chr16	80348000	80348999	1
chr16	80349000	80349999	19
chr16	80350000	80350999	0
chr16	80351000	80351999	7
chr16	80352000	80352999	30
chr16	80353000	80353999	8
chr16	80354000	80354999	1
chr16	80355000	80355999	16
chr16	80356000	80356999	13
chr16	80357000	80357999	7
chr16	80358000	80358999	2
chr16	80359000	80359999	11
chr16	80360000	80360999	7
chr16	80361000	80361999	0
chr16	80362000	80362999	5
chr16	80363000	80363999	5
chr16	80364000	80364999	0
chr16	80365000	80365999	1
chr16	80366000	80366999	34
chr16	80367000	80367999	0
chr16	80368000	80368999	11
chr16	80369000	80369999	14
chr16	80370000	80370999	29
chr16	80371000	80371999	0
chr16	80372000	80372999	1
chr16	80373000	80373999	10
chr16	80374000	80374999	2
chr16	80375000	80375999	5
chr16	80376000	80376999	14
chr16	80377000	80377999	13
chr16	80378000	80378999	2
chr16	80379000	80379999	2
chr16	80380000	80380999	8
chr16	80381000	80381999	14
chr16	80382000	80382999	0
chr16	80383000	80383999	6
chr16	80384000	80384999	3
chr16	80385000	80385999	5
chr16	80386000	80386999	0
chr16	80387000	80387999	0
chr16	80388000	80388999	3
chr16	80389000	80389999	7
chr16	80390000	80390999	0
chr16	80391000	80391999	3
chr16	80392000	80392999	18
chr16	80393000	80393999	14
chr16	80394000	80394999	0
chr16	80395000	80395999	21
chr16	80396000	80396999	11
chr16	80397000	80397999	0
chr16	80398000	80398999	7
chr16	80399000	80399999	11
chr16	80400000	80400999	17
chr16	80401000	80401999	7
chr16	80402000	80402999	0
chr16	80403000	80403999	9
chr16	80404000	80404999	15
chr16	80405000	80405999	12
chr16	80406000	80406999	5
chr16	80407000	80407999	0
chr16	80408000	80408999	7
chr16	80409000	80409999	17
chr16	80410000	80410999	13
chr16	80411000	80411999	3
chr16	80412000	80412999	18
chr16	80413000	80413999	7
chr16	80414000	80414999	10
chr16	80415000	80415999	11
chr16	80416000	80416999	2
chr16	80417000	80417999	11
chr16	80418000	80418999	5
chr16	80419000	80419999	10
chr16	80420000	80420999	3
chr16	80421000	80421999	4
chr16	80422000	80422999	12
chr16	80423000	80423999	0
chr16	80424000	80424999	16
chr16	80425000	80425999	6
chr16	80426000	80426999	5
chr16	80427000	80427999	1
chr16	80428000	80428999	15
chr16	80429000	80429999	24
chr16	80430000	80430999	19
chr16	80431000	80431999	5
chr16	80432000	80432999	12
chr16	80433000	80433999	15
chr16	80434000	80434999	0
chr16	80435000	80435999	0
chr16	80436000	80436999	0
chr16	80437000	80437999	16
chr16	80438000	80438999	4
chr16	80439000	80439999	0
chr16	80440000	80440999	13
chr16	80441000	80441999	0
chr16	80442000	80442999	4
chr16	80443000	80443999	5
chr16	80444000	80444999	8
chr16	80445000	80445999	7
chr16	80446000	80446999	6
chr16	80447000	80447999	8
chr16	80448000	80448999	12
chr16	80449000	80449999	18
chr16	80450000	80450999	6
chr16	80451000	80451999	9
chr16	80452000	80452999	9
chr16	80453000	80453999	5
chr16	80454000	80454999	5
chr16	80455000	80455999	2
chr16	80456000	80456999	5
chr16	80457000	80457999	3
chr16	80458000	80458999	0
chr16	80459000	80459999	0
chr16	80460000	80460999	0
chr16	80461000	80461999	6
chr16	80462000	80462999	0
chr16	80463000	80463999	10
chr16	80464000	80464999	16
chr16	80465000	80465999	4
chr16	80466000	80466999	8
chr16	80467000	80467999	4
chr16	80468000	80468999	4
chr16	80469000	80469999	6
chr16	80470000	80470999	22
chr16	80471000	80471999	0
chr16	80472000	80472999	14
chr16	80473000	80473999	15
chr16	80474000	80474999	21
chr16	80475000	80475999	3
chr16	80476000	80476999	0
chr16	80477000	80477999	2
chr16	80478000	80478999	4
chr16	80479000	80479999	0
chr16	80480000	80480999	6
chr16	80481000	80481999	2
chr16	80482000	80482999	4
chr16	80483000	80483999	9
chr16	80484000	80484999	2
chr16	80485000	80485999	5
chr16	80486000	80486999	2
chr16	80487000	80487999	20
chr16	80488000	80488999	26
chr16	80489000	80489999	10
chr16	80490000	80490999	13
chr16	80491000	80491999	18
chr16	80492000	80492999	7
chr16	80493000	80493999	26
chr16	80494000	80494999	3
chr16	80495000	80495999	11
chr16	80496000	80496999	10
chr16	80497000	80497999	4
chr16	80498000	80498999	18
chr16	80499000	80499999	3
chr16	80500000	80500999	0
chr16	80501000	80501999	0
chr16	80502000	80502999	1
chr16	80503000	80503999	6
chr16	80504000	80504999	5
chr16	80505000	80505999	9
chr16	80506000	80506999	11
chr16	80507000	80507999	17
chr16	80508000	80508999	0
chr16	80509000	80509999	16
chr16	80510000	80510999	11
chr16	80511000	80511999	5
chr16	80512000	80512999	10
chr16	80513000	80513999	17
chr16	80514000	80514999	4
chr16	80515000	80515999	3
chr16	80516000	80516999	3
chr16	80517000	80517999	0
chr16	80518000	80518999	28
chr16	80519000	80519999	15
chr16	80520000	80520999	0
chr16	80521000	80521999	4
chr16	80522000	80522999	6
chr16	80523000	80523999	6
chr16	80524000	80524999	6
chr16	80525000	80525999	0
chr16	80526000	80526999	0
chr16	80527000	80527999	34
chr16	80528000	80528999	15
chr16	80529000	80529999	0
chr16	80530000	80530999	0
chr16	80531000	80531999	1
chr16	80532000	80532999	0
chr16	80533000	80533999	0
chr16	80534000	80534999	5
chr16	80535000	80535999	28
chr16	80536000	80536999	8
chr16	80537000	80537999	0
chr16	80538000	80538999	11
chr16	80539000	80539999	17
chr16	80540000	80540999	4
chr16	80541000	80541999	25
chr16	80542000	80542999	0
chr16	80543000	80543999	0
chr16	80544000	80544999	0
chr16	80545000	80545999	18
chr16	80546000	80546999	8
chr16	80547000	80547999	25
chr16	80548000	80548999	33
chr16	80549000	80549999	0
chr16	80550000	80550999	0
chr16	80551000	80551999	0
chr16	80552000	80552999	4
chr16	80553000	80553999	0
chr16	80554000	80554999	0
chr16	80555000	80555999	0
chr16	80556000	80556999	29
chr16	80557000	80557999	1
chr16	80558000	80558999	0
chr16	80559000	80559999	0
chr16	80560000	80560999	3
chr16	80561000	80561999	0
chr16	80562000	80562999	0
chr16	80563000	80563999	3
chr16	80564000	80564999	18
chr16	80565000	80565999	0
chr16	80566000	80566999	4
chr16	80567000	80567999	13
chr16	80568000	80568999	9
chr16	80569000	80569999	0
chr16	80570000	80570999	11
chr16	80571000	80571999	29
chr16	80572000	80572999	0
chr16	80573000	80573999	49
chr16	80574000	80574999	0
chr16	80575000	80575999	1
chr16	80576000	80576999	3
chr16	80577000	80577999	5
chr16	80578000	80578999	16
chr16	80579000	80579999	28
chr16	80580000	80580999	10
chr16	80581000	80581999	5
chr16	80582000	80582999	10
chr16	80583000	80583999	8
chr16	80584000	80584999	12
chr16	80585000	80585999	5
chr16	80586000	80586999	14
chr16	80587000	80587999	15
chr16	80588000	80588999	0
chr16	80589000	80589999	10
chr16	80590000	80590999	0
chr16	80591000	80591999	3
chr16	80592000	80592999	17
chr16	80593000	80593999	0
chr16	80594000	80594999	1
chr16	80595000	80595999	12
chr16	80596000	80596999	5
chr16	80597000	80597999	15
chr16	80598000	80598999	2
chr16	80599000	80599999	4
chr16	80600000	80600999	0
chr16	80601000	80601999	4
chr16	80602000	80602999	0
chr16	80603000	80603999	17
chr16	80604000	80604999	11
chr16	80605000	80605999	5
chr16	80606000	80606999	1
chr16	80607000	80607999	0
chr16	80608000	80608999	0
chr16	80609000	80609999	0
chr16	80610000	80610999	4
chr16	80611000	80611999	5
chr16	80612000	80612999	0
chr16	80613000	80613999	0
chr16	80614000	80614999	8
chr16	80615000	80615999	0
chr16	80616000	80616999	0
chr16	80617000	80617999	4
chr16	80618000	80618999	0
chr16	80619000	80619999	0
chr16	80620000	80620999	0
chr16	80621000	80621999	10
chr16	80622000	80622999	0
chr16	80623000	80623999	6
chr16	80624000	80624999	15
chr16	80625000	80625999	9
chr16	80626000	80626999	5
chr16	80627000	80627999	0
chr16	80628000	80628999	0
chr16	80629000	80629999	7
chr16	80630000	80630999	9
chr16	80631000	80631999	18
chr16	80632000	80632999	4
chr16	80633000	80633999	0
chr16	80634000	80634999	0
chr16	80635000	80635999	0
chr16	80636000	80636999	0
chr16	80637000	80637999	12
chr16	80638000	80638999	2
chr16	80639000	80639999	1
chr16	80640000	80640999	0
chr16	80641000	80641999	0
chr16	80642000	80642999	11
chr16	80643000	80643999	4
chr16	80644000	80644999	16
chr16	80645000	80645999	24
chr16	80646000	80646999	5
chr16	80647000	80647999	5
chr16	80648000	80648999	2
chr16	80649000	80649999	6
chr16	80650000	80650999	0
chr16	80651000	80651999	2
chr16	80652000	80652999	7
chr16	80653000	80653999	5
chr16	80654000	80654999	0
chr16	80655000	80655999	0
chr16	80656000	80656999	2
chr16	80657000	80657999	9
chr16	80658000	80658999	5
chr16	80659000	80659999	0
chr16	80660000	80660999	21
chr16	80661000	80661999	15
chr16	80662000	80662999	0
chr16	80663000	80663999	20
chr16	80664000	80664999	0
chr16	80665000	80665999	5
chr16	80666000	80666999	16
chr16	80667000	80667999	4
chr16	80668000	80668999	8
chr16	80669000	80669999	0
chr16	80670000	80670999	0
chr16	80671000	80671999	12
chr16	80672000	80672999	14
chr16	80673000	80673999	0
chr16	80674000	80674999	8
chr16	80675000	80675999	0
chr16	80676000	80676999	9
chr16	80677000	80677999	7
chr16	80678000	80678999	7
chr16	80679000	80679999	0
chr16	80680000	80680999	0
chr16	80681000	80681999	5
chr16	80682000	80682999	3
chr16	80683000	80683999	0
chr16	80684000	80684999	22
chr16	80685000	80685999	0
chr16	80686000	80686999	7
chr16	80687000	80687999	3
chr16	80688000	80688999	0
chr16	80689000	80689999	27
chr16	80690000	80690999	10
chr16	80691000	80691999	14
chr16	80692000	80692999	0
chr16	80693000	80693999	7
chr16	80694000	80694999	12
chr16	80695000	80695999	18
chr16	80696000	80696999	0
chr16	80697000	80697999	1
chr16	80698000	80698999	13
chr16	80699000	80699999	10
chr16	80700000	80700999	26
chr16	80701000	80701999	6
chr16	80702000	80702999	15
chr16	80703000	80703999	0
chr16	80704000	80704999	20
chr16	80705000	80705999	12
chr16	80706000	80706999	22
chr16	80707000	80707999	27
chr16	80708000	80708999	0
chr16	80709000	80709999	5
chr16	80710000	80710999	17
chr16	80711000	80711999	0
chr16	80712000	80712999	0
chr16	80713000	80713999	0
chr16	80714000	80714999	0
chr16	80715000	80715999	0
chr16	80716000	80716999	0
chr16	80717000	80717999	0
chr16	80718000	80718999	0
chr16	80719000	80719999	24
chr16	80720000	80720999	0
chr16	80721000	80721999	1
chr16	80722000	80722999	4
chr16	80723000	80723999	12
chr16	80724000	80724999	10
chr16	80725000	80725999	0
chr16	80726000	80726999	17
chr16	80727000	80727999	6
chr16	80728000	80728999	0
chr16	80729000	80729999	5
chr16	80730000	80730999	19
chr16	80731000	80731999	24
chr16	80732000	80732999	0
chr16	80733000	80733999	21
chr16	80734000	80734999	7
chr16	80735000	80735999	14
chr16	80736000	80736999	0
chr16	80737000	80737999	30
chr16	80738000	80738999	0
chr16	80739000	80739999	2
chr16	80740000	80740999	3
chr16	80741000	80741999	12
chr16	80742000	80742999	6
chr16	80743000	80743999	0
chr16	80744000	80744999	7
chr16	80745000	80745999	2
chr16	80746000	80746999	12
chr16	80747000	80747999	6
chr16	80748000	80748999	0
chr16	80749000	80749999	0
chr16	80750000	80750999	0
chr16	80751000	80751999	1
chr16	80752000	80752999	8
chr16	80753000	80753999	16
chr16	80754000	80754999	15
chr16	80755000	80755999	0
chr16	80756000	80756999	8
chr16	80757000	80757999	0
chr16	80758000	80758999	6
chr16	80759000	80759999	20
chr16	80760000	80760999	0
chr16	80761000	80761999	0
chr16	80762000	80762999	0
chr16	80763000	80763999	0
chr16	80764000	80764999	0
chr16	80765000	80765999	0
chr16	80766000	80766999	0
chr16	80767000	80767999	5
chr16	80768000	80768999	4
chr16	80769000	80769999	9
chr16	80770000	80770999	4
chr16	80771000	80771999	8
chr16	80772000	80772999	0
chr16	80773000	80773999	0
chr16	80774000	80774999	11
chr16	80775000	80775999	13
chr16	80776000	80776999	18
chr16	80777000	80777999	0
chr16	80778000	80778999	0
chr16	80779000	80779999	0
chr16	80780000	80780999	8
chr16	80781000	80781999	6
chr16	80782000	80782999	0
chr16	80783000	80783999	5
chr16	80784000	80784999	2
chr16	80785000	80785999	5
chr16	80786000	80786999	5
chr16	80787000	80787999	6
chr16	80788000	80788999	0
chr16	80789000	80789999	0
chr16	80790000	80790999	10
chr16	80791000	80791999	27
chr16	80792000	80792999	7
chr16	80793000	80793999	1
chr16	80794000	80794999	0
chr16	80795000	80795999	14
chr16	80796000	80796999	0
chr16	80797000	80797999	1
chr16	80798000	80798999	7
chr16	80799000	80799999	0
chr16	80800000	80800999	0
chr16	80801000	80801999	4
chr16	80802000	80802999	3
chr16	80803000	80803999	10
chr16	80804000	80804999	8
chr16	80805000	80805999	0
chr16	80806000	80806999	2
chr16	80807000	80807999	0
chr16	80808000	80808999	0
chr16	80809000	80809999	9
chr16	80810000	80810999	3
chr16	80811000	80811999	18
chr16	80812000	80812999	27
chr16	80813000	80813999	7
chr16	80814000	80814999	7
chr16	80815000	80815999	8
chr16	80816000	80816999	0
chr16	80817000	80817999	0
chr16	80818000	80818999	7
chr16	80819000	80819999	6
chr16	80820000	80820999	2
chr16	80821000	80821999	5
chr16	80822000	80822999	30
chr16	80823000	80823999	16
chr16	80824000	80824999	24
chr16	80825000	80825999	7
chr16	80826000	80826999	7
chr16	80827000	80827999	8
chr16	80828000	80828999	0
chr16	80829000	80829999	25
chr16	80830000	80830999	0
chr16	80831000	80831999	1
chr16	80832000	80832999	44
chr16	80833000	80833999	4
chr16	80834000	80834999	0
chr16	80835000	80835999	8
chr16	80836000	80836999	2
chr16	80837000	80837999	12
chr16	80838000	80838999	5
chr16	80839000	80839999	0
chr16	80840000	80840999	0
chr16	80841000	80841999	0
chr16	80842000	80842999	12
chr16	80843000	80843999	22
chr16	80844000	80844999	6
chr16	80845000	80845999	14
chr16	80846000	80846999	5
chr16	80847000	80847999	4
chr16	80848000	80848999	22
chr16	80849000	80849999	29
chr16	80850000	80850999	19
chr16	80851000	80851999	6
chr16	80852000	80852999	0
chr16	80853000	80853999	0
chr16	80854000	80854999	6
chr16	80855000	80855999	10
chr16	80856000	80856999	8
chr16	80857000	80857999	28
chr16	80858000	80858999	35
chr16	80859000	80859999	0
chr16	80860000	80860999	0
chr16	80861000	80861999	3
chr16	80862000	80862999	0
chr16	80863000	80863999	0
chr16	80864000	80864999	1
chr16	80865000	80865999	0
chr16	80866000	80866999	13
chr16	80867000	80867999	11
chr16	80868000	80868999	23
chr16	80869000	80869999	7
chr16	80870000	80870999	11
chr16	80871000	80871999	5
chr16	80872000	80872999	1
chr16	80873000	80873999	13
chr16	80874000	80874999	6
chr16	80875000	80875999	23
chr16	80876000	80876999	0
chr16	80877000	80877999	0
chr16	80878000	80878999	26
chr16	80879000	80879999	0
chr16	80880000	80880999	0
chr16	80881000	80881999	0
chr16	80882000	80882999	6
chr16	80883000	80883999	18
chr16	80884000	80884999	4
chr16	80885000	80885999	31
chr16	80886000	80886999	8
chr16	80887000	80887999	4
chr16	80888000	80888999	0
chr16	80889000	80889999	0
chr16	80890000	80890999	23
chr16	80891000	80891999	4
chr16	80892000	80892999	3
chr16	80893000	80893999	9
chr16	80894000	80894999	3
chr16	80895000	80895999	8
chr16	80896000	80896999	5
chr16	80897000	80897999	0
chr16	80898000	80898999	5
chr16	80899000	80899999	28
chr16	80900000	80900999	1
chr16	80901000	80901999	7
chr16	80902000	80902999	34
chr16	80903000	80903999	8
chr16	80904000	80904999	14
chr16	80905000	80905999	9
chr16	80906000	80906999	9
chr16	80907000	80907999	0
chr16	80908000	80908999	3
chr16	80909000	80909999	2
chr16	80910000	80910999	0
chr16	80911000	80911999	7
chr16	80912000	80912999	0
chr16	80913000	80913999	8
chr16	80914000	80914999	16
chr16	80915000	80915999	0
chr16	80916000	80916999	0
chr16	80917000	80917999	5
chr16	80918000	80918999	2
chr16	80919000	80919999	7
chr16	80920000	80920999	4
chr16	80921000	80921999	7
chr16	80922000	80922999	13
chr16	80923000	80923999	1
chr16	80924000	80924999	24
chr16	80925000	80925999	0
chr16	80926000	80926999	24
chr16	80927000	80927999	0
chr16	80928000	80928999	10
chr16	80929000	80929999	13
chr16	80930000	80930999	12
chr16	80931000	80931999	0
chr16	80932000	80932999	17
chr16	80933000	80933999	18
chr16	80934000	80934999	6
chr16	80935000	80935999	0
chr16	80936000	80936999	18
chr16	80937000	80937999	0
chr16	80938000	80938999	31
chr16	80939000	80939999	7
chr16	80940000	80940999	0
chr16	80941000	80941999	0
chr16	80942000	80942999	0
chr16	80943000	80943999	0
chr16	80944000	80944999	0
chr16	80945000	80945999	0
chr16	80946000	80946999	14
chr16	80947000	80947999	13
chr16	80948000	80948999	5
chr16	80949000	80949999	31
chr16	80950000	80950999	0
chr16	80951000	80951999	0
chr16	80952000	80952999	2
chr16	80953000	80953999	8
chr16	80954000	80954999	5
chr16	80955000	80955999	8
chr16	80956000	80956999	0
chr16	80957000	80957999	4
chr16	80958000	80958999	1
chr16	80959000	80959999	12
chr16	80960000	80960999	23
chr16	80961000	80961999	1
chr16	80962000	80962999	8
chr16	80963000	80963999	2
chr16	80964000	80964999	21
chr16	80965000	80965999	2
chr16	80966000	80966999	17
chr16	80967000	80967999	3
chr16	80968000	80968999	16
chr16	80969000	80969999	0
chr16	80970000	80970999	2
chr16	80971000	80971999	5
chr16	80972000	80972999	1
chr16	80973000	80973999	5
chr16	80974000	80974999	8
chr16	80975000	80975999	0
chr16	80976000	80976999	0
chr16	80977000	80977999	29
chr16	80978000	80978999	12
chr16	80979000	80979999	18
chr16	80980000	80980999	0
chr16	80981000	80981999	19
chr16	80982000	80982999	13
chr16	80983000	80983999	2
chr16	80984000	80984999	0
chr16	80985000	80985999	0
chr16	80986000	80986999	27
chr16	80987000	80987999	6
chr16	80988000	80988999	0
chr16	80989000	80989999	3
chr16	80990000	80990999	0
chr16	80991000	80991999	3
chr16	80992000	80992999	26
chr16	80993000	80993999	3
chr16	80994000	80994999	7
chr16	80995000	80995999	3
chr16	80996000	80996999	0
chr16	80997000	80997999	0
chr16	80998000	80998999	0
chr16	80999000	80999999	0
chr16	81000000	81000999	0
chr16	81001000	81001999	1
chr16	81002000	81002999	0
chr16	81003000	81003999	0
chr16	81004000	81004999	24
chr16	81005000	81005999	3
chr16	81006000	81006999	7
chr16	81007000	81007999	0
chr16	81008000	81008999	0
chr16	81009000	81009999	5
chr16	81010000	81010999	0
chr16	81011000	81011999	0
chr16	81012000	81012999	8
chr16	81013000	81013999	8
chr16	81014000	81014999	0
chr16	81015000	81015999	0
chr16	81016000	81016999	4
chr16	81017000	81017999	0
chr16	81018000	81018999	2
chr16	81019000	81019999	0
chr16	81020000	81020999	6
chr16	81021000	81021999	0
chr16	81022000	81022999	6
chr16	81023000	81023999	8
chr16	81024000	81024999	0
chr16	81025000	81025999	5
chr16	81026000	81026999	5
chr16	81027000	81027999	0
chr16	81028000	81028999	0
chr16	81029000	81029999	0
chr16	81030000	81030999	0
chr16	81031000	81031999	0
chr16	81032000	81032999	0
chr16	81033000	81033999	4
chr16	81034000	81034999	0
chr16	81035000	81035999	0
chr16	81036000	81036999	0
chr16	81037000	81037999	8
chr16	81038000	81038999	0
chr16	81039000	81039999	0
chr16	81040000	81040999	4
chr16	81041000	81041999	3
chr16	81042000	81042999	3
chr16	81043000	81043999	2
chr16	81044000	81044999	0
chr16	81045000	81045999	2
chr16	81046000	81046999	14
chr16	81047000	81047999	11
chr16	81048000	81048999	11
chr16	81049000	81049999	11
chr16	81050000	81050999	18
chr16	81051000	81051999	0
chr16	81052000	81052999	20
chr16	81053000	81053999	5
chr16	81054000	81054999	2
chr16	81055000	81055999	2
chr16	81056000	81056999	4
chr16	81057000	81057999	8
chr16	81058000	81058999	2
chr16	81059000	81059999	8
chr16	81060000	81060999	0
chr16	81061000	81061999	36
chr16	81062000	81062999	0
chr16	81063000	81063999	0
chr16	81064000	81064999	0
chr16	81065000	81065999	0
chr16	81066000	81066999	0
chr16	81067000	81067999	11
chr16	81068000	81068999	7
chr16	81069000	81069999	5
chr16	81070000	81070999	13
chr16	81071000	81071999	12
chr16	81072000	81072999	0
chr16	81073000	81073999	0
chr16	81074000	81074999	0
chr16	81075000	81075999	0
chr16	81076000	81076999	0
chr16	81077000	81077999	0
chr16	81078000	81078999	0
chr16	81079000	81079999	8
chr16	81080000	81080999	3
chr16	81081000	81081999	0
chr16	81082000	81082999	3
chr16	81083000	81083999	0
chr16	81084000	81084999	0
chr16	81085000	81085999	11
chr16	81086000	81086999	22
chr16	81087000	81087999	5
chr16	81088000	81088999	27
chr16	81089000	81089999	6
chr16	81090000	81090999	22
chr16	81091000	81091999	18
chr16	81092000	81092999	2
chr16	81093000	81093999	13
chr16	81094000	81094999	14
chr16	81095000	81095999	16
chr16	81096000	81096999	8
chr16	81097000	81097999	6
chr16	81098000	81098999	0
chr16	81099000	81099999	10
chr16	81100000	81100999	6
chr16	81101000	81101999	26
chr16	81102000	81102999	29
chr16	81103000	81103999	11
chr16	81104000	81104999	4
chr16	81105000	81105999	9
chr16	81106000	81106999	6
chr16	81107000	81107999	5
chr16	81108000	81108999	13
chr16	81109000	81109999	12
chr16	81110000	81110999	16
chr16	81111000	81111999	0
chr16	81112000	81112999	8
chr16	81113000	81113999	18
chr16	81114000	81114999	0
chr16	81115000	81115999	16
chr16	81116000	81116999	14
chr16	81117000	81117999	31
chr16	81118000	81118999	4
chr16	81119000	81119999	0
chr16	81120000	81120999	9
chr16	81121000	81121999	9
chr16	81122000	81122999	12
chr16	81123000	81123999	8
chr16	81124000	81124999	9
chr16	81125000	81125999	0
chr16	81126000	81126999	1
chr16	81127000	81127999	11
chr16	81128000	81128999	5
chr16	81129000	81129999	5
chr16	81130000	81130999	7
chr16	81131000	81131999	2
chr16	81132000	81132999	0
chr16	81133000	81133999	0
chr16	81134000	81134999	2
chr16	81135000	81135999	0
chr16	81136000	81136999	0
chr16	81137000	81137999	5
chr16	81138000	81138999	5
chr16	81139000	81139999	17
chr16	81140000	81140999	7
chr16	81141000	81141999	0
chr16	81142000	81142999	10
chr16	81143000	81143999	8
chr16	81144000	81144999	8
chr16	81145000	81145999	0
chr16	81146000	81146999	10
chr16	81147000	81147999	13
chr16	81148000	81148999	0
chr16	81149000	81149999	12
chr16	81150000	81150999	3
chr16	81151000	81151999	8
chr16	81152000	81152999	0
chr16	81153000	81153999	2
chr16	81154000	81154999	26
chr16	81155000	81155999	7
chr16	81156000	81156999	0
chr16	81157000	81157999	7
chr16	81158000	81158999	18
chr16	81159000	81159999	4
chr16	81160000	81160999	17
chr16	81161000	81161999	6
chr16	81162000	81162999	6
chr16	81163000	81163999	24
chr16	81164000	81164999	0
chr16	81165000	81165999	0
chr16	81166000	81166999	12
chr16	81167000	81167999	22
chr16	81168000	81168999	2
chr16	81169000	81169999	14
chr16	81170000	81170999	14
chr16	81171000	81171999	19
chr16	81172000	81172999	0
chr16	81173000	81173999	19
chr16	81174000	81174999	9
chr16	81175000	81175999	22
chr16	81176000	81176999	4
chr16	81177000	81177999	21
chr16	81178000	81178999	4
chr16	81179000	81179999	20
chr16	81180000	81180999	12
chr16	81181000	81181999	0
chr16	81182000	81182999	17
chr16	81183000	81183999	16
chr16	81184000	81184999	0
chr16	81185000	81185999	2
chr16	81186000	81186999	0
chr16	81187000	81187999	17
chr16	81188000	81188999	9
chr16	81189000	81189999	4
chr16	81190000	81190999	0
chr16	81191000	81191999	10
chr16	81192000	81192999	4
chr16	81193000	81193999	14
chr16	81194000	81194999	21
chr16	81195000	81195999	0
chr16	81196000	81196999	9
chr16	81197000	81197999	6
chr16	81198000	81198999	7
chr16	81199000	81199999	24
chr16	81200000	81200999	27
chr16	81201000	81201999	6
chr16	81202000	81202999	16
chr16	81203000	81203999	15
chr16	81204000	81204999	0
chr16	81205000	81205999	18
chr16	81206000	81206999	8
chr16	81207000	81207999	6
chr16	81208000	81208999	18
chr16	81209000	81209999	13
chr16	81210000	81210999	11
chr16	81211000	81211999	13
chr16	81212000	81212999	15
chr16	81213000	81213999	0
chr16	81214000	81214999	12
chr16	81215000	81215999	5
chr16	81216000	81216999	20
chr16	81217000	81217999	15
chr16	81218000	81218999	7
chr16	81219000	81219999	4
chr16	81220000	81220999	13
chr16	81221000	81221999	0
chr16	81222000	81222999	14
chr16	81223000	81223999	17
chr16	81224000	81224999	22
chr16	81225000	81225999	20
chr16	81226000	81226999	13
chr16	81227000	81227999	6
chr16	81228000	81228999	4
chr16	81229000	81229999	20
chr16	81230000	81230999	11
chr16	81231000	81231999	40
chr16	81232000	81232999	0
chr16	81233000	81233999	0
chr16	81234000	81234999	0
chr16	81235000	81235999	4
chr16	81236000	81236999	0
chr16	81237000	81237999	1
chr16	81238000	81238999	0
chr16	81239000	81239999	20
chr16	81240000	81240999	7
chr16	81241000	81241999	11
chr16	81242000	81242999	9
chr16	81243000	81243999	9
chr16	81244000	81244999	11
chr16	81245000	81245999	10
chr16	81246000	81246999	0
chr16	81247000	81247999	8
chr16	81248000	81248999	3
chr16	81249000	81249999	38
chr16	81250000	81250999	33
chr16	81251000	81251999	6
chr16	81252000	81252999	0
chr16	81253000	81253999	25
chr16	81254000	81254999	0
chr16	81255000	81255999	21
chr16	81256000	81256999	2
chr16	81257000	81257999	8
chr16	81258000	81258999	9
chr16	81259000	81259999	23
chr16	81260000	81260999	0
chr16	81261000	81261999	4
chr16	81262000	81262999	0
chr16	81263000	81263999	16
chr16	81264000	81264999	7
chr16	81265000	81265999	24
chr16	81266000	81266999	13
chr16	81267000	81267999	6
chr16	81268000	81268999	1
chr16	81269000	81269999	9
chr16	81270000	81270999	13
chr16	81271000	81271999	12
chr16	81272000	81272999	8
chr16	81273000	81273999	9
chr16	81274000	81274999	8
chr16	81275000	81275999	1
chr16	81276000	81276999	3
chr16	81277000	81277999	14
chr16	81278000	81278999	33
chr16	81279000	81279999	0
chr16	81280000	81280999	6
chr16	81281000	81281999	0
chr16	81282000	81282999	3
chr16	81283000	81283999	8
chr16	81284000	81284999	7
chr16	81285000	81285999	14
chr16	81286000	81286999	0
chr16	81287000	81287999	1
chr16	81288000	81288999	8
chr16	81289000	81289999	9
chr16	81290000	81290999	0
chr16	81291000	81291999	29
chr16	81292000	81292999	28
chr16	81293000	81293999	10
chr16	81294000	81294999	5
chr16	81295000	81295999	1
chr16	81296000	81296999	1
chr16	81297000	81297999	10
chr16	81298000	81298999	10
chr16	81299000	81299999	5
chr16	81300000	81300999	19
chr16	81301000	81301999	26
chr16	81302000	81302999	23
chr16	81303000	81303999	0
chr16	81304000	81304999	10
chr16	81305000	81305999	0
chr16	81306000	81306999	12
chr16	81307000	81307999	0
chr16	81308000	81308999	23
chr16	81309000	81309999	0
chr16	81310000	81310999	9
chr16	81311000	81311999	6
chr16	81312000	81312999	3
chr16	81313000	81313999	13
chr16	81314000	81314999	0
chr16	81315000	81315999	3
chr16	81316000	81316999	17
chr16	81317000	81317999	3
chr16	81318000	81318999	5
chr16	81319000	81319999	0
chr16	81320000	81320999	0
chr16	81321000	81321999	9
chr16	81322000	81322999	0
chr16	81323000	81323999	8
chr16	81324000	81324999	13
chr16	81325000	81325999	4
chr16	81326000	81326999	5
chr16	81327000	81327999	13
chr16	81328000	81328999	7
chr16	81329000	81329999	12
chr16	81330000	81330999	20
chr16	81331000	81331999	30
chr16	81332000	81332999	0
chr16	81333000	81333999	7
chr16	81334000	81334999	0
chr16	81335000	81335999	0
chr16	81336000	81336999	0
chr16	81337000	81337999	5
chr16	81338000	81338999	0
chr16	81339000	81339999	6
chr16	81340000	81340999	0
chr16	81341000	81341999	7
chr16	81342000	81342999	19
chr16	81343000	81343999	0
chr16	81344000	81344999	0
chr16	81345000	81345999	10
chr16	81346000	81346999	23
chr16	81347000	81347999	0
chr16	81348000	81348999	1
chr16	81349000	81349999	12
chr16	81350000	81350999	6
chr16	81351000	81351999	18
chr16	81352000	81352999	8
chr16	81353000	81353999	43
chr16	81354000	81354999	11
chr16	81355000	81355999	2
chr16	81356000	81356999	6
chr16	81357000	81357999	0
chr16	81358000	81358999	6
chr16	81359000	81359999	9
chr16	81360000	81360999	29
chr16	81361000	81361999	0
chr16	81362000	81362999	0
chr16	81363000	81363999	0
chr16	81364000	81364999	1
chr16	81365000	81365999	16
chr16	81366000	81366999	17
chr16	81367000	81367999	10
chr16	81368000	81368999	0
chr16	81369000	81369999	32
chr16	81370000	81370999	5
chr16	81371000	81371999	0
chr16	81372000	81372999	0
chr16	81373000	81373999	0
chr16	81374000	81374999	14
chr16	81375000	81375999	0
chr16	81376000	81376999	11
chr16	81377000	81377999	15
chr16	81378000	81378999	15
chr16	81379000	81379999	44
chr16	81380000	81380999	0
chr16	81381000	81381999	18
chr16	81382000	81382999	6
chr16	81383000	81383999	10
chr16	81384000	81384999	2
chr16	81385000	81385999	0
chr16	81386000	81386999	0
chr16	81387000	81387999	24
chr16	81388000	81388999	16
chr16	81389000	81389999	6
chr16	81390000	81390999	7
chr16	81391000	81391999	5
chr16	81392000	81392999	21
chr16	81393000	81393999	7
chr16	81394000	81394999	0
chr16	81395000	81395999	16
chr16	81396000	81396999	0
chr16	81397000	81397999	11
chr16	81398000	81398999	0
chr16	81399000	81399999	23
chr16	81400000	81400999	7
chr16	81401000	81401999	10
chr16	81402000	81402999	9
chr16	81403000	81403999	0
chr16	81404000	81404999	4
chr16	81405000	81405999	0
chr16	81406000	81406999	0
chr16	81407000	81407999	13
chr16	81408000	81408999	8
chr16	81409000	81409999	15
chr16	81410000	81410999	0
chr16	81411000	81411999	6
chr16	81412000	81412999	10
chr16	81413000	81413999	15
chr16	81414000	81414999	13
chr16	81415000	81415999	10
chr16	81416000	81416999	3
chr16	81417000	81417999	0
chr16	81418000	81418999	25
chr16	81419000	81419999	11
chr16	81420000	81420999	28
chr16	81421000	81421999	22
chr16	81422000	81422999	4
chr16	81423000	81423999	6
chr16	81424000	81424999	0
chr16	81425000	81425999	0
chr16	81426000	81426999	9
chr16	81427000	81427999	22
chr16	81428000	81428999	7
chr16	81429000	81429999	17
chr16	81430000	81430999	9
chr16	81431000	81431999	3
chr16	81432000	81432999	18
chr16	81433000	81433999	16
chr16	81434000	81434999	19
chr16	81435000	81435999	9
chr16	81436000	81436999	3
chr16	81437000	81437999	0
chr16	81438000	81438999	20
chr16	81439000	81439999	0
chr16	81440000	81440999	11
chr16	81441000	81441999	10
chr16	81442000	81442999	0
chr16	81443000	81443999	0
chr16	81444000	81444999	0
chr16	81445000	81445999	17
chr16	81446000	81446999	0
chr16	81447000	81447999	0
chr16	81448000	81448999	2
chr16	81449000	81449999	9
chr16	81450000	81450999	14
chr16	81451000	81451999	10
chr16	81452000	81452999	0
chr16	81453000	81453999	8
chr16	81454000	81454999	22
chr16	81455000	81455999	0
chr16	81456000	81456999	23
chr16	81457000	81457999	4
chr16	81458000	81458999	12
chr16	81459000	81459999	6
chr16	81460000	81460999	7
chr16	81461000	81461999	0
chr16	81462000	81462999	8
chr16	81463000	81463999	2
chr16	81464000	81464999	7
chr16	81465000	81465999	7
chr16	81466000	81466999	18
chr16	81467000	81467999	0
chr16	81468000	81468999	12
chr16	81469000	81469999	2
chr16	81470000	81470999	13
chr16	81471000	81471999	3
chr16	81472000	81472999	0
chr16	81473000	81473999	23
chr16	81474000	81474999	0
chr16	81475000	81475999	1
chr16	81476000	81476999	5
chr16	81477000	81477999	12
chr16	81478000	81478999	0
chr16	81479000	81479999	10
chr16	81480000	81480999	5
chr16	81481000	81481999	2
chr16	81482000	81482999	20
chr16	81483000	81483999	5
chr16	81484000	81484999	4
chr16	81485000	81485999	11
chr16	81486000	81486999	25
chr16	81487000	81487999	7
chr16	81488000	81488999	2
chr16	81489000	81489999	12
chr16	81490000	81490999	12
chr16	81491000	81491999	3
chr16	81492000	81492999	10
chr16	81493000	81493999	5
chr16	81494000	81494999	0
chr16	81495000	81495999	10
chr16	81496000	81496999	4
chr16	81497000	81497999	5
chr16	81498000	81498999	0
chr16	81499000	81499999	13
chr16	81500000	81500999	27
chr16	81501000	81501999	19
chr16	81502000	81502999	0
chr16	81503000	81503999	0
chr16	81504000	81504999	3
chr16	81505000	81505999	4
chr16	81506000	81506999	2
chr16	81507000	81507999	0
chr16	81508000	81508999	0
chr16	81509000	81509999	0
chr16	81510000	81510999	11
chr16	81511000	81511999	2
chr16	81512000	81512999	11
chr16	81513000	81513999	13
chr16	81514000	81514999	0
chr16	81515000	81515999	32
chr16	81516000	81516999	0
chr16	81517000	81517999	0
chr16	81518000	81518999	9
chr16	81519000	81519999	9
chr16	81520000	81520999	10
chr16	81521000	81521999	10
chr16	81522000	81522999	12
chr16	81523000	81523999	0
chr16	81524000	81524999	13
chr16	81525000	81525999	10
chr16	81526000	81526999	0
chr16	81527000	81527999	4
chr16	81528000	81528999	13
chr16	81529000	81529999	1
chr16	81530000	81530999	17
chr16	81531000	81531999	0
chr16	81532000	81532999	3
chr16	81533000	81533999	6
chr16	81534000	81534999	4
chr16	81535000	81535999	4
chr16	81536000	81536999	11
chr16	81537000	81537999	7
chr16	81538000	81538999	3
chr16	81539000	81539999	7
chr16	81540000	81540999	46
chr16	81541000	81541999	8
chr16	81542000	81542999	7
chr16	81543000	81543999	19
chr16	81544000	81544999	0
chr16	81545000	81545999	2
chr16	81546000	81546999	0
chr16	81547000	81547999	0
chr16	81548000	81548999	0
chr16	81549000	81549999	0
chr16	81550000	81550999	15
chr16	81551000	81551999	7
chr16	81552000	81552999	0
chr16	81553000	81553999	7
chr16	81554000	81554999	16
chr16	81555000	81555999	35
chr16	81556000	81556999	16
chr16	81557000	81557999	13
chr16	81558000	81558999	12
chr16	81559000	81559999	10
chr16	81560000	81560999	29
chr16	81561000	81561999	18
chr16	81562000	81562999	23
chr16	81563000	81563999	0
chr16	81564000	81564999	12
chr16	81565000	81565999	0
chr16	81566000	81566999	10
chr16	81567000	81567999	13
chr16	81568000	81568999	3
chr16	81569000	81569999	0
chr16	81570000	81570999	22
chr16	81571000	81571999	4
chr16	81572000	81572999	0
chr16	81573000	81573999	25
chr16	81574000	81574999	12
chr16	81575000	81575999	11
chr16	81576000	81576999	1
chr16	81577000	81577999	0
chr16	81578000	81578999	10
chr16	81579000	81579999	14
chr16	81580000	81580999	0
chr16	81581000	81581999	0
chr16	81582000	81582999	11
chr16	81583000	81583999	8
chr16	81584000	81584999	9
chr16	81585000	81585999	17
chr16	81586000	81586999	0
chr16	81587000	81587999	0
chr16	81588000	81588999	4
chr16	81589000	81589999	4
chr16	81590000	81590999	0
chr16	81591000	81591999	0
chr16	81592000	81592999	6
chr16	81593000	81593999	3
chr16	81594000	81594999	0
chr16	81595000	81595999	0
chr16	81596000	81596999	0
chr16	81597000	81597999	0
chr16	81598000	81598999	0
chr16	81599000	81599999	0
chr16	81600000	81600999	7
chr16	81601000	81601999	15
chr16	81602000	81602999	6
chr16	81603000	81603999	0
chr16	81604000	81604999	17
chr16	81605000	81605999	12
chr16	81606000	81606999	0
chr16	81607000	81607999	0
chr16	81608000	81608999	11
chr16	81609000	81609999	0
chr16	81610000	81610999	0
chr16	81611000	81611999	0
chr16	81612000	81612999	13
chr16	81613000	81613999	26
chr16	81614000	81614999	5
chr16	81615000	81615999	14
chr16	81616000	81616999	27
chr16	81617000	81617999	2
chr16	81618000	81618999	43
chr16	81619000	81619999	1
chr16	81620000	81620999	0
chr16	81621000	81621999	0
chr16	81622000	81622999	5
chr16	81623000	81623999	10
chr16	81624000	81624999	0
chr16	81625000	81625999	9
chr16	81626000	81626999	0
chr16	81627000	81627999	0
chr16	81628000	81628999	5
chr16	81629000	81629999	9
chr16	81630000	81630999	0
chr16	81631000	81631999	22
chr16	81632000	81632999	0
chr16	81633000	81633999	23
chr16	81634000	81634999	4
chr16	81635000	81635999	0
chr16	81636000	81636999	0
chr16	81637000	81637999	0
chr16	81638000	81638999	7
chr16	81639000	81639999	10
chr16	81640000	81640999	0
chr16	81641000	81641999	11
chr16	81642000	81642999	0
chr16	81643000	81643999	0
chr16	81644000	81644999	2
chr16	81645000	81645999	0
chr16	81646000	81646999	23
chr16	81647000	81647999	0
chr16	81648000	81648999	14
chr16	81649000	81649999	2
chr16	81650000	81650999	10
chr16	81651000	81651999	10
chr16	81652000	81652999	4
chr16	81653000	81653999	1
chr16	81654000	81654999	5
chr16	81655000	81655999	8
chr16	81656000	81656999	2
chr16	81657000	81657999	35
chr16	81658000	81658999	7
chr16	81659000	81659999	0
chr16	81660000	81660999	0
chr16	81661000	81661999	0
chr16	81662000	81662999	0
chr16	81663000	81663999	0
chr16	81664000	81664999	2
chr16	81665000	81665999	14
chr16	81666000	81666999	14
chr16	81667000	81667999	7
chr16	81668000	81668999	3
chr16	81669000	81669999	0
chr16	81670000	81670999	3
chr16	81671000	81671999	8
chr16	81672000	81672999	0
chr16	81673000	81673999	6
chr16	81674000	81674999	23
chr16	81675000	81675999	0
chr16	81676000	81676999	14
chr16	81677000	81677999	7
chr16	81678000	81678999	4
chr16	81679000	81679999	6
chr16	81680000	81680999	9
chr16	81681000	81681999	12
chr16	81682000	81682999	2
chr16	81683000	81683999	9
chr16	81684000	81684999	7
chr16	81685000	81685999	4
chr16	81686000	81686999	0
chr16	81687000	81687999	0
chr16	81688000	81688999	4
chr16	81689000	81689999	0
chr16	81690000	81690999	0
chr16	81691000	81691999	0
chr16	81692000	81692999	0
chr16	81693000	81693999	0
chr16	81694000	81694999	13
chr16	81695000	81695999	8
chr16	81696000	81696999	24
chr16	81697000	81697999	39
chr16	81698000	81698999	5
chr16	81699000	81699999	4
chr16	81700000	81700999	11
chr16	81701000	81701999	2
chr16	81702000	81702999	12
chr16	81703000	81703999	6
chr16	81704000	81704999	1
chr16	81705000	81705999	31
chr16	81706000	81706999	5
chr16	81707000	81707999	0
chr16	81708000	81708999	4
chr16	81709000	81709999	6
chr16	81710000	81710999	0
chr16	81711000	81711999	4
chr16	81712000	81712999	8
chr16	81713000	81713999	5
chr16	81714000	81714999	2
chr16	81715000	81715999	0
chr16	81716000	81716999	18
chr16	81717000	81717999	0
chr16	81718000	81718999	5
chr16	81719000	81719999	12
chr16	81720000	81720999	2
chr16	81721000	81721999	8
chr16	81722000	81722999	5
chr16	81723000	81723999	10
chr16	81724000	81724999	9
chr16	81725000	81725999	22
chr16	81726000	81726999	13
chr16	81727000	81727999	9
chr16	81728000	81728999	8
chr16	81729000	81729999	16
chr16	81730000	81730999	13
chr16	81731000	81731999	16
chr16	81732000	81732999	0
chr16	81733000	81733999	20
chr16	81734000	81734999	3
chr16	81735000	81735999	10
chr16	81736000	81736999	6
chr16	81737000	81737999	26
chr16	81738000	81738999	32
chr16	81739000	81739999	7
chr16	81740000	81740999	10
chr16	81741000	81741999	3
chr16	81742000	81742999	0
chr16	81743000	81743999	0
chr16	81744000	81744999	0
chr16	81745000	81745999	10
chr16	81746000	81746999	7
chr16	81747000	81747999	0
chr16	81748000	81748999	0
chr16	81749000	81749999	3
chr16	81750000	81750999	0
chr16	81751000	81751999	0
chr16	81752000	81752999	0
chr16	81753000	81753999	10
chr16	81754000	81754999	2
chr16	81755000	81755999	2
chr16	81756000	81756999	15
chr16	81757000	81757999	0
chr16	81758000	81758999	16
chr16	81759000	81759999	0
chr16	81760000	81760999	13
chr16	81761000	81761999	4
chr16	81762000	81762999	7
chr16	81763000	81763999	4
chr16	81764000	81764999	3
chr16	81765000	81765999	2
chr16	81766000	81766999	1
chr16	81767000	81767999	4
chr16	81768000	81768999	1
chr16	81769000	81769999	3
chr16	81770000	81770999	13
chr16	81771000	81771999	2
chr16	81772000	81772999	9
chr16	81773000	81773999	9
chr16	81774000	81774999	0
chr16	81775000	81775999	9
chr16	81776000	81776999	17
chr16	81777000	81777999	0
chr16	81778000	81778999	14
chr16	81779000	81779999	8
chr16	81780000	81780999	0
chr16	81781000	81781999	10
chr16	81782000	81782999	22
chr16	81783000	81783999	0
chr16	81784000	81784999	14
chr16	81785000	81785999	27
chr16	81786000	81786999	11
chr16	81787000	81787999	9
chr16	81788000	81788999	1
chr16	81789000	81789999	10
chr16	81790000	81790999	0
chr16	81791000	81791999	3
chr16	81792000	81792999	12
chr16	81793000	81793999	12
chr16	81794000	81794999	9
chr16	81795000	81795999	6
chr16	81796000	81796999	0
chr16	81797000	81797999	6
chr16	81798000	81798999	0
chr16	81799000	81799999	12
chr16	81800000	81800999	4
chr16	81801000	81801999	1
chr16	81802000	81802999	16
chr16	81803000	81803999	6
chr16	81804000	81804999	18
chr16	81805000	81805999	6
chr16	81806000	81806999	0
chr16	81807000	81807999	3
chr16	81808000	81808999	0
chr16	81809000	81809999	0
chr16	81810000	81810999	4
chr16	81811000	81811999	18
chr16	81812000	81812999	14
chr16	81813000	81813999	0
chr16	81814000	81814999	14
chr16	81815000	81815999	17
chr16	81816000	81816999	10
chr16	81817000	81817999	7
chr16	81818000	81818999	21
chr16	81819000	81819999	10
chr16	81820000	81820999	8
chr16	81821000	81821999	17
chr16	81822000	81822999	1
chr16	81823000	81823999	0
chr16	81824000	81824999	10
chr16	81825000	81825999	24
chr16	81826000	81826999	0
chr16	81827000	81827999	35
chr16	81828000	81828999	5
chr16	81829000	81829999	16
chr16	81830000	81830999	14
chr16	81831000	81831999	1
chr16	81832000	81832999	18
chr16	81833000	81833999	19
chr16	81834000	81834999	0
chr16	81835000	81835999	22
chr16	81836000	81836999	32
chr16	81837000	81837999	0
chr16	81838000	81838999	16
chr16	81839000	81839999	7
chr16	81840000	81840999	3
chr16	81841000	81841999	20
chr16	81842000	81842999	2
chr16	81843000	81843999	0
chr16	81844000	81844999	0
chr16	81845000	81845999	25
chr16	81846000	81846999	7
chr16	81847000	81847999	5
chr16	81848000	81848999	0
chr16	81849000	81849999	21
chr16	81850000	81850999	7
chr16	81851000	81851999	2
chr16	81852000	81852999	6
chr16	81853000	81853999	6
chr16	81854000	81854999	1
chr16	81855000	81855999	15
chr16	81856000	81856999	0
chr16	81857000	81857999	21
chr16	81858000	81858999	4
chr16	81859000	81859999	0
chr16	81860000	81860999	0
chr16	81861000	81861999	0
chr16	81862000	81862999	0
chr16	81863000	81863999	0
chr16	81864000	81864999	0
chr16	81865000	81865999	0
chr16	81866000	81866999	0
chr16	81867000	81867999	10
chr16	81868000	81868999	5
chr16	81869000	81869999	9
chr16	81870000	81870999	18
chr16	81871000	81871999	5
chr16	81872000	81872999	21
chr16	81873000	81873999	8
chr16	81874000	81874999	40
chr16	81875000	81875999	0
chr16	81876000	81876999	6
chr16	81877000	81877999	3
chr16	81878000	81878999	0
chr16	81879000	81879999	6
chr16	81880000	81880999	7
chr16	81881000	81881999	12
chr16	81882000	81882999	8
chr16	81883000	81883999	0
chr16	81884000	81884999	9
chr16	81885000	81885999	0
chr16	81886000	81886999	11
chr16	81887000	81887999	12
chr16	81888000	81888999	8
chr16	81889000	81889999	2
chr16	81890000	81890999	0
chr16	81891000	81891999	3
chr16	81892000	81892999	23
chr16	81893000	81893999	6
chr16	81894000	81894999	21
chr16	81895000	81895999	2
chr16	81896000	81896999	32
chr16	81897000	81897999	2
chr16	81898000	81898999	3
chr16	81899000	81899999	20
chr16	81900000	81900999	20
chr16	81901000	81901999	0
chr16	81902000	81902999	12
chr16	81903000	81903999	0
chr16	81904000	81904999	4
chr16	81905000	81905999	16
chr16	81906000	81906999	12
chr16	81907000	81907999	0
chr16	81908000	81908999	19
chr16	81909000	81909999	0
chr16	81910000	81910999	22
chr16	81911000	81911999	18
chr16	81912000	81912999	4
chr16	81913000	81913999	4
chr16	81914000	81914999	0
chr16	81915000	81915999	3
chr16	81916000	81916999	0
chr16	81917000	81917999	8
chr16	81918000	81918999	15
chr16	81919000	81919999	2
chr16	81920000	81920999	8
chr16	81921000	81921999	0
chr16	81922000	81922999	1
chr16	81923000	81923999	0
chr16	81924000	81924999	2
chr16	81925000	81925999	0
chr16	81926000	81926999	0
chr16	81927000	81927999	12
chr16	81928000	81928999	16
chr16	81929000	81929999	15
chr16	81930000	81930999	13
chr16	81931000	81931999	0
chr16	81932000	81932999	19
chr16	81933000	81933999	0
chr16	81934000	81934999	8
chr16	81935000	81935999	6
chr16	81936000	81936999	9
chr16	81937000	81937999	0
chr16	81938000	81938999	19
chr16	81939000	81939999	11
chr16	81940000	81940999	14
chr16	81941000	81941999	23
chr16	81942000	81942999	9
chr16	81943000	81943999	14
chr16	81944000	81944999	4
chr16	81945000	81945999	5
chr16	81946000	81946999	1
chr16	81947000	81947999	20
chr16	81948000	81948999	2
chr16	81949000	81949999	9
chr16	81950000	81950999	14
chr16	81951000	81951999	0
chr16	81952000	81952999	11
chr16	81953000	81953999	8
chr16	81954000	81954999	14
chr16	81955000	81955999	19
chr16	81956000	81956999	0
chr16	81957000	81957999	26
chr16	81958000	81958999	0
chr16	81959000	81959999	3
chr16	81960000	81960999	5
chr16	81961000	81961999	0
chr16	81962000	81962999	24
chr16	81963000	81963999	27
chr16	81964000	81964999	22
chr16	81965000	81965999	8
chr16	81966000	81966999	6
chr16	81967000	81967999	6
chr16	81968000	81968999	3
chr16	81969000	81969999	12
chr16	81970000	81970999	4
chr16	81971000	81971999	24
chr16	81972000	81972999	9
chr16	81973000	81973999	0
chr16	81974000	81974999	10
chr16	81975000	81975999	1
chr16	81976000	81976999	8
chr16	81977000	81977999	7
chr16	81978000	81978999	6
chr16	81979000	81979999	6
chr16	81980000	81980999	0
chr16	81981000	81981999	17
chr16	81982000	81982999	15
chr16	81983000	81983999	0
chr16	81984000	81984999	8
chr16	81985000	81985999	24
chr16	81986000	81986999	9
chr16	81987000	81987999	6
chr16	81988000	81988999	0
chr16	81989000	81989999	23
chr16	81990000	81990999	10
chr16	81991000	81991999	0
chr16	81992000	81992999	6
chr16	81993000	81993999	30
chr16	81994000	81994999	3
chr16	81995000	81995999	1
chr16	81996000	81996999	18
chr16	81997000	81997999	17
chr16	81998000	81998999	9
chr16	81999000	81999999	1
chr16	82000000	82000999	5
chr16	82001000	82001999	3
chr16	82002000	82002999	12
chr16	82003000	82003999	3
chr16	82004000	82004999	0
chr16	82005000	82005999	16
chr16	82006000	82006999	7
chr16	82007000	82007999	0
chr16	82008000	82008999	0
chr16	82009000	82009999	2
chr16	82010000	82010999	4
chr16	82011000	82011999	10
chr16	82012000	82012999	9
chr16	82013000	82013999	20
chr16	82014000	82014999	3
chr16	82015000	82015999	31
chr16	82016000	82016999	10
chr16	82017000	82017999	17
chr16	82018000	82018999	4
chr16	82019000	82019999	3
chr16	82020000	82020999	12
chr16	82021000	82021999	0
chr16	82022000	82022999	0
chr16	82023000	82023999	0
chr16	82024000	82024999	5
chr16	82025000	82025999	14
chr16	82026000	82026999	1
chr16	82027000	82027999	7
chr16	82028000	82028999	15
chr16	82029000	82029999	14
chr16	82030000	82030999	10
chr16	82031000	82031999	30
chr16	82032000	82032999	0
chr16	82033000	82033999	19
chr16	82034000	82034999	1
chr16	82035000	82035999	18
chr16	82036000	82036999	16
chr16	82037000	82037999	0
chr16	82038000	82038999	12
chr16	82039000	82039999	1
chr16	82040000	82040999	13
chr16	82041000	82041999	11
chr16	82042000	82042999	3
chr16	82043000	82043999	0
chr16	82044000	82044999	0
chr16	82045000	82045999	0
chr16	82046000	82046999	0
chr16	82047000	82047999	0
chr16	82048000	82048999	0
chr16	82049000	82049999	20
chr16	82050000	82050999	1
chr16	82051000	82051999	6
chr16	82052000	82052999	18
chr16	82053000	82053999	0
chr16	82054000	82054999	7
chr16	82055000	82055999	0
chr16	82056000	82056999	14
chr16	82057000	82057999	0
chr16	82058000	82058999	19
chr16	82059000	82059999	5
chr16	82060000	82060999	0
chr16	82061000	82061999	27
chr16	82062000	82062999	4
chr16	82063000	82063999	23
chr16	82064000	82064999	11
chr16	82065000	82065999	1
chr16	82066000	82066999	4
chr16	82067000	82067999	12
chr16	82068000	82068999	7
chr16	82069000	82069999	16
chr16	82070000	82070999	0
chr16	82071000	82071999	25
chr16	82072000	82072999	9
chr16	82073000	82073999	18
chr16	82074000	82074999	24
chr16	82075000	82075999	2
chr16	82076000	82076999	43
chr16	82077000	82077999	2
chr16	82078000	82078999	4
chr16	82079000	82079999	0
chr16	82080000	82080999	0
chr16	82081000	82081999	0
chr16	82082000	82082999	1
chr16	82083000	82083999	0
chr16	82084000	82084999	0
chr16	82085000	82085999	0
chr16	82086000	82086999	0
chr16	82087000	82087999	0
chr16	82088000	82088999	0
chr16	82089000	82089999	0
chr16	82090000	82090999	0
chr16	82091000	82091999	0
chr16	82092000	82092999	0
chr16	82093000	82093999	7
chr16	82094000	82094999	0
chr16	82095000	82095999	0
chr16	82096000	82096999	4
chr16	82097000	82097999	2
chr16	82098000	82098999	0
chr16	82099000	82099999	18
chr16	82100000	82100999	8
chr16	82101000	82101999	8
chr16	82102000	82102999	0
chr16	82103000	82103999	13
chr16	82104000	82104999	1
chr16	82105000	82105999	11
chr16	82106000	82106999	4
chr16	82107000	82107999	15
chr16	82108000	82108999	23
chr16	82109000	82109999	42
chr16	82110000	82110999	10
chr16	82111000	82111999	13
chr16	82112000	82112999	16
chr16	82113000	82113999	1
chr16	82114000	82114999	0
chr16	82115000	82115999	36
chr16	82116000	82116999	0
chr16	82117000	82117999	0
chr16	82118000	82118999	4
chr16	82119000	82119999	3
chr16	82120000	82120999	19
chr16	82121000	82121999	15
chr16	82122000	82122999	6
chr16	82123000	82123999	12
chr16	82124000	82124999	3
chr16	82125000	82125999	8
chr16	82126000	82126999	3
chr16	82127000	82127999	0
chr16	82128000	82128999	2
chr16	82129000	82129999	6
chr16	82130000	82130999	15
chr16	82131000	82131999	0
chr16	82132000	82132999	1
chr16	82133000	82133999	4
chr16	82134000	82134999	5
chr16	82135000	82135999	4
chr16	82136000	82136999	13
chr16	82137000	82137999	15
chr16	82138000	82138999	7
chr16	82139000	82139999	12
chr16	82140000	82140999	0
chr16	82141000	82141999	17
chr16	82142000	82142999	35
chr16	82143000	82143999	13
chr16	82144000	82144999	28
chr16	82145000	82145999	13
chr16	82146000	82146999	5
chr16	82147000	82147999	0
chr16	82148000	82148999	35
chr16	82149000	82149999	24
chr16	82150000	82150999	4
chr16	82151000	82151999	32
chr16	82152000	82152999	0
chr16	82153000	82153999	34
chr16	82154000	82154999	8
chr16	82155000	82155999	0
chr16	82156000	82156999	14
chr16	82157000	82157999	12
chr16	82158000	82158999	4
chr16	82159000	82159999	0
chr16	82160000	82160999	17
chr16	82161000	82161999	4
chr16	82162000	82162999	13
chr16	82163000	82163999	5
chr16	82164000	82164999	1
chr16	82165000	82165999	0
chr16	82166000	82166999	0
chr16	82167000	82167999	2
chr16	82168000	82168999	10
chr16	82169000	82169999	14
chr16	82170000	82170999	10
chr16	82171000	82171999	0
chr16	82172000	82172999	13
chr16	82173000	82173999	8
chr16	82174000	82174999	0
chr16	82175000	82175999	18
chr16	82176000	82176999	0
chr16	82177000	82177999	19
chr16	82178000	82178999	11
chr16	82179000	82179999	7
chr16	82180000	82180999	1
chr16	82181000	82181999	20
chr16	82182000	82182999	6
chr16	82183000	82183999	14
chr16	82184000	82184999	0
chr16	82185000	82185999	18
chr16	82186000	82186999	5
chr16	82187000	82187999	3
chr16	82188000	82188999	2
chr16	82189000	82189999	13
chr16	82190000	82190999	25
chr16	82191000	82191999	1
chr16	82192000	82192999	3
chr16	82193000	82193999	14
chr16	82194000	82194999	17
chr16	82195000	82195999	18
chr16	82196000	82196999	0
chr16	82197000	82197999	19
chr16	82198000	82198999	0
chr16	82199000	82199999	5
chr16	82200000	82200999	10
chr16	82201000	82201999	0
chr16	82202000	82202999	4
chr16	82203000	82203999	8
chr16	82204000	82204999	0
chr16	82205000	82205999	22
chr16	82206000	82206999	13
chr16	82207000	82207999	5
chr16	82208000	82208999	0
chr16	82209000	82209999	0
chr16	82210000	82210999	0
chr16	82211000	82211999	0
chr16	82212000	82212999	0
chr16	82213000	82213999	9
chr16	82214000	82214999	0
chr16	82215000	82215999	4
chr16	82216000	82216999	7
chr16	82217000	82217999	7
chr16	82218000	82218999	13
chr16	82219000	82219999	10
chr16	82220000	82220999	12
chr16	82221000	82221999	20
chr16	82222000	82222999	0
chr16	82223000	82223999	12
chr16	82224000	82224999	5
chr16	82225000	82225999	9
chr16	82226000	82226999	10
chr16	82227000	82227999	13
chr16	82228000	82228999	0
chr16	82229000	82229999	23
chr16	82230000	82230999	0
chr16	82231000	82231999	22
chr16	82232000	82232999	0
chr16	82233000	82233999	35
chr16	82234000	82234999	0
chr16	82235000	82235999	7
chr16	82236000	82236999	3
chr16	82237000	82237999	13
chr16	82238000	82238999	0
chr16	82239000	82239999	0
chr16	82240000	82240999	0
chr16	82241000	82241999	0
chr16	82242000	82242999	0
chr16	82243000	82243999	18
chr16	82244000	82244999	29
chr16	82245000	82245999	3
chr16	82246000	82246999	3
chr16	82247000	82247999	3
chr16	82248000	82248999	9
chr16	82249000	82249999	20
chr16	82250000	82250999	6
chr16	82251000	82251999	20
chr16	82252000	82252999	13
chr16	82253000	82253999	8
chr16	82254000	82254999	5
chr16	82255000	82255999	0
chr16	82256000	82256999	5
chr16	82257000	82257999	0
chr16	82258000	82258999	0
chr16	82259000	82259999	0
chr16	82260000	82260999	12
chr16	82261000	82261999	7
chr16	82262000	82262999	2
chr16	82263000	82263999	19
chr16	82264000	82264999	0
chr16	82265000	82265999	4
chr16	82266000	82266999	6
chr16	82267000	82267999	17
chr16	82268000	82268999	0
chr16	82269000	82269999	2
chr16	82270000	82270999	0
chr16	82271000	82271999	6
chr16	82272000	82272999	4
chr16	82273000	82273999	24
chr16	82274000	82274999	6
chr16	82275000	82275999	0
chr16	82276000	82276999	4
chr16	82277000	82277999	24
chr16	82278000	82278999	8
chr16	82279000	82279999	13
chr16	82280000	82280999	8
chr16	82281000	82281999	10
chr16	82282000	82282999	5
chr16	82283000	82283999	0
chr16	82284000	82284999	11
chr16	82285000	82285999	24
chr16	82286000	82286999	1
chr16	82287000	82287999	10
chr16	82288000	82288999	9
chr16	82289000	82289999	0
chr16	82290000	82290999	23
chr16	82291000	82291999	0
chr16	82292000	82292999	6
chr16	82293000	82293999	6
chr16	82294000	82294999	15
chr16	82295000	82295999	7
chr16	82296000	82296999	2
chr16	82297000	82297999	4
chr16	82298000	82298999	12
chr16	82299000	82299999	0
chr16	82300000	82300999	0
chr16	82301000	82301999	0
chr16	82302000	82302999	11
chr16	82303000	82303999	0
chr16	82304000	82304999	6
chr16	82305000	82305999	5
chr16	82306000	82306999	7
chr16	82307000	82307999	0
chr16	82308000	82308999	0
chr16	82309000	82309999	10
chr16	82310000	82310999	8
chr16	82311000	82311999	10
chr16	82312000	82312999	0
chr16	82313000	82313999	17
chr16	82314000	82314999	14
chr16	82315000	82315999	0
chr16	82316000	82316999	20
chr16	82317000	82317999	2
chr16	82318000	82318999	8
chr16	82319000	82319999	12
chr16	82320000	82320999	55
chr16	82321000	82321999	3
chr16	82322000	82322999	2
chr16	82323000	82323999	0
chr16	82324000	82324999	1
chr16	82325000	82325999	0
chr16	82326000	82326999	22
chr16	82327000	82327999	14
chr16	82328000	82328999	26
chr16	82329000	82329999	0
chr16	82330000	82330999	13
chr16	82331000	82331999	6
chr16	82332000	82332999	9
chr16	82333000	82333999	5
chr16	82334000	82334999	4
chr16	82335000	82335999	0
chr16	82336000	82336999	5
chr16	82337000	82337999	6
chr16	82338000	82338999	3
chr16	82339000	82339999	14
chr16	82340000	82340999	5
chr16	82341000	82341999	13
chr16	82342000	82342999	0
chr16	82343000	82343999	0
chr16	82344000	82344999	0
chr16	82345000	82345999	9
chr16	82346000	82346999	1
chr16	82347000	82347999	1
chr16	82348000	82348999	11
chr16	82349000	82349999	0
chr16	82350000	82350999	10
chr16	82351000	82351999	0
chr16	82352000	82352999	18
chr16	82353000	82353999	0
chr16	82354000	82354999	12
chr16	82355000	82355999	0
chr16	82356000	82356999	0
chr16	82357000	82357999	17
chr16	82358000	82358999	18
chr16	82359000	82359999	2
chr16	82360000	82360999	0
chr16	82361000	82361999	12
chr16	82362000	82362999	6
chr16	82363000	82363999	11
chr16	82364000	82364999	2
chr16	82365000	82365999	16
chr16	82366000	82366999	12
chr16	82367000	82367999	4
chr16	82368000	82368999	6
chr16	82369000	82369999	6
chr16	82370000	82370999	12
chr16	82371000	82371999	9
chr16	82372000	82372999	2
chr16	82373000	82373999	5
chr16	82374000	82374999	0
chr16	82375000	82375999	0
chr16	82376000	82376999	0
chr16	82377000	82377999	4
chr16	82378000	82378999	5
chr16	82379000	82379999	0
chr16	82380000	82380999	1
chr16	82381000	82381999	1
chr16	82382000	82382999	9
chr16	82383000	82383999	0
chr16	82384000	82384999	15
chr16	82385000	82385999	23
chr16	82386000	82386999	20
chr16	82387000	82387999	0
chr16	82388000	82388999	11
chr16	82389000	82389999	0
chr16	82390000	82390999	7
chr16	82391000	82391999	4
chr16	82392000	82392999	0
chr16	82393000	82393999	15
chr16	82394000	82394999	6
chr16	82395000	82395999	12
chr16	82396000	82396999	3
chr16	82397000	82397999	11
chr16	82398000	82398999	20
chr16	82399000	82399999	9
chr16	82400000	82400999	0
chr16	82401000	82401999	34
chr16	82402000	82402999	23
chr16	82403000	82403999	16
chr16	82404000	82404999	21
chr16	82405000	82405999	19
chr16	82406000	82406999	4
chr16	82407000	82407999	1
chr16	82408000	82408999	17
chr16	82409000	82409999	9
chr16	82410000	82410999	5
chr16	82411000	82411999	0
chr16	82412000	82412999	4
chr16	82413000	82413999	14
chr16	82414000	82414999	2
chr16	82415000	82415999	1
chr16	82416000	82416999	7
chr16	82417000	82417999	8
chr16	82418000	82418999	3
chr16	82419000	82419999	8
chr16	82420000	82420999	2
chr16	82421000	82421999	0
chr16	82422000	82422999	0
chr16	82423000	82423999	9
chr16	82424000	82424999	3
chr16	82425000	82425999	0
chr16	82426000	82426999	39
chr16	82427000	82427999	7
chr16	82428000	82428999	12
chr16	82429000	82429999	0
chr16	82430000	82430999	41
chr16	82431000	82431999	0
chr16	82432000	82432999	8
chr16	82433000	82433999	10
chr16	82434000	82434999	5
chr16	82435000	82435999	4
chr16	82436000	82436999	8
chr16	82437000	82437999	17
chr16	82438000	82438999	10
chr16	82439000	82439999	13
chr16	82440000	82440999	0
chr16	82441000	82441999	24
chr16	82442000	82442999	11
chr16	82443000	82443999	9
chr16	82444000	82444999	0
chr16	82445000	82445999	10
chr16	82446000	82446999	2
chr16	82447000	82447999	0
chr16	82448000	82448999	0
chr16	82449000	82449999	4
chr16	82450000	82450999	7
chr16	82451000	82451999	19
chr16	82452000	82452999	4
chr16	82453000	82453999	6
chr16	82454000	82454999	30
chr16	82455000	82455999	0
chr16	82456000	82456999	0
chr16	82457000	82457999	7
chr16	82458000	82458999	14
chr16	82459000	82459999	9
chr16	82460000	82460999	6
chr16	82461000	82461999	7
chr16	82462000	82462999	1
chr16	82463000	82463999	0
chr16	82464000	82464999	0
chr16	82465000	82465999	1
chr16	82466000	82466999	3
chr16	82467000	82467999	0
chr16	82468000	82468999	18
chr16	82469000	82469999	10
chr16	82470000	82470999	0
chr16	82471000	82471999	11
chr16	82472000	82472999	7
chr16	82473000	82473999	4
chr16	82474000	82474999	3
chr16	82475000	82475999	3
chr16	82476000	82476999	17
chr16	82477000	82477999	11
chr16	82478000	82478999	0
chr16	82479000	82479999	3
chr16	82480000	82480999	16
chr16	82481000	82481999	7
chr16	82482000	82482999	0
chr16	82483000	82483999	19
chr16	82484000	82484999	12
chr16	82485000	82485999	0
chr16	82486000	82486999	0
chr16	82487000	82487999	15
chr16	82488000	82488999	8
chr16	82489000	82489999	24
chr16	82490000	82490999	10
chr16	82491000	82491999	20
chr16	82492000	82492999	15
chr16	82493000	82493999	0
chr16	82494000	82494999	0
chr16	82495000	82495999	0
chr16	82496000	82496999	16
chr16	82497000	82497999	10
chr16	82498000	82498999	9
chr16	82499000	82499999	0
chr16	82500000	82500999	0
chr16	82501000	82501999	9
chr16	82502000	82502999	2
chr16	82503000	82503999	23
chr16	82504000	82504999	2
chr16	82505000	82505999	23
chr16	82506000	82506999	21
chr16	82507000	82507999	0
chr16	82508000	82508999	0
chr16	82509000	82509999	0
chr16	82510000	82510999	0
chr16	82511000	82511999	0
chr16	82512000	82512999	0
chr16	82513000	82513999	0
chr16	82514000	82514999	3
chr16	82515000	82515999	0
chr16	82516000	82516999	10
chr16	82517000	82517999	0
chr16	82518000	82518999	7
chr16	82519000	82519999	4
chr16	82520000	82520999	1
chr16	82521000	82521999	5
chr16	82522000	82522999	6
chr16	82523000	82523999	4
chr16	82524000	82524999	0
chr16	82525000	82525999	1
chr16	82526000	82526999	0
chr16	82527000	82527999	17
chr16	82528000	82528999	20
chr16	82529000	82529999	4
chr16	82530000	82530999	9
chr16	82531000	82531999	0
chr16	82532000	82532999	1
chr16	82533000	82533999	3
chr16	82534000	82534999	0
chr16	82535000	82535999	14
chr16	82536000	82536999	0
chr16	82537000	82537999	18
chr16	82538000	82538999	6
chr16	82539000	82539999	1
chr16	82540000	82540999	15
chr16	82541000	82541999	0
chr16	82542000	82542999	4
chr16	82543000	82543999	0
chr16	82544000	82544999	0
chr16	82545000	82545999	0
chr16	82546000	82546999	0
chr16	82547000	82547999	3
chr16	82548000	82548999	25
chr16	82549000	82549999	5
chr16	82550000	82550999	4
chr16	82551000	82551999	9
chr16	82552000	82552999	2
chr16	82553000	82553999	15
chr16	82554000	82554999	2
chr16	82555000	82555999	12
chr16	82556000	82556999	14
chr16	82557000	82557999	17
chr16	82558000	82558999	16
chr16	82559000	82559999	5
chr16	82560000	82560999	0
chr16	82561000	82561999	15
chr16	82562000	82562999	0
chr16	82563000	82563999	0
chr16	82564000	82564999	24
chr16	82565000	82565999	0
chr16	82566000	82566999	36
chr16	82567000	82567999	15
chr16	82568000	82568999	11
chr16	82569000	82569999	20
chr16	82570000	82570999	3
chr16	82571000	82571999	32
chr16	82572000	82572999	14
chr16	82573000	82573999	6
chr16	82574000	82574999	3
chr16	82575000	82575999	40
chr16	82576000	82576999	5
chr16	82577000	82577999	12
chr16	82578000	82578999	20
chr16	82579000	82579999	2
chr16	82580000	82580999	29
chr16	82581000	82581999	5
chr16	82582000	82582999	6
chr16	82583000	82583999	3
chr16	82584000	82584999	0
chr16	82585000	82585999	0
chr16	82586000	82586999	0
chr16	82587000	82587999	0
chr16	82588000	82588999	0
chr16	82589000	82589999	0
chr16	82590000	82590999	0
chr16	82591000	82591999	20
chr16	82592000	82592999	22
chr16	82593000	82593999	0
chr16	82594000	82594999	9
chr16	82595000	82595999	0
chr16	82596000	82596999	18
chr16	82597000	82597999	6
chr16	82598000	82598999	12
chr16	82599000	82599999	10
chr16	82600000	82600999	21
chr16	82601000	82601999	5
chr16	82602000	82602999	17
chr16	82603000	82603999	11
chr16	82604000	82604999	10
chr16	82605000	82605999	1
chr16	82606000	82606999	5
chr16	82607000	82607999	8
chr16	82608000	82608999	0
chr16	82609000	82609999	3
chr16	82610000	82610999	24
chr16	82611000	82611999	0
chr16	82612000	82612999	9
chr16	82613000	82613999	2
chr16	82614000	82614999	0
chr16	82615000	82615999	15
chr16	82616000	82616999	0
chr16	82617000	82617999	4
chr16	82618000	82618999	2
chr16	82619000	82619999	16
chr16	82620000	82620999	4
chr16	82621000	82621999	11
chr16	82622000	82622999	3
chr16	82623000	82623999	0
chr16	82624000	82624999	35
chr16	82625000	82625999	0
chr16	82626000	82626999	9
chr16	82627000	82627999	16
chr16	82628000	82628999	0
chr16	82629000	82629999	31
chr16	82630000	82630999	4
chr16	82631000	82631999	12
chr16	82632000	82632999	0
chr16	82633000	82633999	2
chr16	82634000	82634999	0
chr16	82635000	82635999	0
chr16	82636000	82636999	0
chr16	82637000	82637999	0
chr16	82638000	82638999	0
chr16	82639000	82639999	0
chr16	82640000	82640999	0
chr16	82641000	82641999	0
chr16	82642000	82642999	4
chr16	82643000	82643999	38
chr16	82644000	82644999	18
chr16	82645000	82645999	0
chr16	82646000	82646999	23
chr16	82647000	82647999	0
chr16	82648000	82648999	0
chr16	82649000	82649999	9
chr16	82650000	82650999	0
chr16	82651000	82651999	20
chr16	82652000	82652999	17
chr16	82653000	82653999	5
chr16	82654000	82654999	5
chr16	82655000	82655999	2
chr16	82656000	82656999	8
chr16	82657000	82657999	0
chr16	82658000	82658999	4
chr16	82659000	82659999	11
chr16	82660000	82660999	16
chr16	82661000	82661999	1
chr16	82662000	82662999	20
chr16	82663000	82663999	27
chr16	82664000	82664999	17
chr16	82665000	82665999	10
chr16	82666000	82666999	2
chr16	82667000	82667999	25
chr16	82668000	82668999	2
chr16	82669000	82669999	17
chr16	82670000	82670999	28
chr16	82671000	82671999	10
chr16	82672000	82672999	0
chr16	82673000	82673999	15
chr16	82674000	82674999	0
chr16	82675000	82675999	3
chr16	82676000	82676999	4
chr16	82677000	82677999	8
chr16	82678000	82678999	13
chr16	82679000	82679999	0
chr16	82680000	82680999	6
chr16	82681000	82681999	14
chr16	82682000	82682999	16
chr16	82683000	82683999	16
chr16	82684000	82684999	4
chr16	82685000	82685999	6
chr16	82686000	82686999	0
chr16	82687000	82687999	0
chr16	82688000	82688999	0
chr16	82689000	82689999	0
chr16	82690000	82690999	20
chr16	82691000	82691999	6
chr16	82692000	82692999	0
chr16	82693000	82693999	15
chr16	82694000	82694999	0
chr16	82695000	82695999	3
chr16	82696000	82696999	11
chr16	82697000	82697999	2
chr16	82698000	82698999	10
chr16	82699000	82699999	4
chr16	82700000	82700999	6
chr16	82701000	82701999	0
chr16	82702000	82702999	10
chr16	82703000	82703999	11
chr16	82704000	82704999	13
chr16	82705000	82705999	18
chr16	82706000	82706999	20
chr16	82707000	82707999	4
chr16	82708000	82708999	0
chr16	82709000	82709999	49
chr16	82710000	82710999	30
chr16	82711000	82711999	22
chr16	82712000	82712999	8
chr16	82713000	82713999	4
chr16	82714000	82714999	8
chr16	82715000	82715999	4
chr16	82716000	82716999	9
chr16	82717000	82717999	6
chr16	82718000	82718999	4
chr16	82719000	82719999	6
chr16	82720000	82720999	11
chr16	82721000	82721999	3
chr16	82722000	82722999	9
chr16	82723000	82723999	4
chr16	82724000	82724999	0
chr16	82725000	82725999	0
chr16	82726000	82726999	0
chr16	82727000	82727999	0
chr16	82728000	82728999	5
chr16	82729000	82729999	0
chr16	82730000	82730999	7
chr16	82731000	82731999	17
chr16	82732000	82732999	5
chr16	82733000	82733999	6
chr16	82734000	82734999	4
chr16	82735000	82735999	6
chr16	82736000	82736999	9
chr16	82737000	82737999	6
chr16	82738000	82738999	0
chr16	82739000	82739999	32
chr16	82740000	82740999	1
chr16	82741000	82741999	10
chr16	82742000	82742999	0
chr16	82743000	82743999	0
chr16	82744000	82744999	6
chr16	82745000	82745999	15
chr16	82746000	82746999	0
chr16	82747000	82747999	29
chr16	82748000	82748999	4
chr16	82749000	82749999	26
chr16	82750000	82750999	3
chr16	82751000	82751999	13
chr16	82752000	82752999	11
chr16	82753000	82753999	0
chr16	82754000	82754999	0
chr16	82755000	82755999	9
chr16	82756000	82756999	1
chr16	82757000	82757999	0
chr16	82758000	82758999	3
chr16	82759000	82759999	5
chr16	82760000	82760999	0
chr16	82761000	82761999	1
chr16	82762000	82762999	5
chr16	82763000	82763999	8
chr16	82764000	82764999	0
chr16	82765000	82765999	42
chr16	82766000	82766999	3
chr16	82767000	82767999	13
chr16	82768000	82768999	14
chr16	82769000	82769999	3
chr16	82770000	82770999	9
chr16	82771000	82771999	10
chr16	82772000	82772999	28
chr16	82773000	82773999	22
chr16	82774000	82774999	19
chr16	82775000	82775999	5
chr16	82776000	82776999	2
chr16	82777000	82777999	0
chr16	82778000	82778999	0
chr16	82779000	82779999	4
chr16	82780000	82780999	9
chr16	82781000	82781999	6
chr16	82782000	82782999	4
chr16	82783000	82783999	31
chr16	82784000	82784999	0
chr16	82785000	82785999	5
chr16	82786000	82786999	6
chr16	82787000	82787999	6
chr16	82788000	82788999	29
chr16	82789000	82789999	8
chr16	82790000	82790999	17
chr16	82791000	82791999	17
chr16	82792000	82792999	1
chr16	82793000	82793999	7
chr16	82794000	82794999	0
chr16	82795000	82795999	3
chr16	82796000	82796999	19
chr16	82797000	82797999	21
chr16	82798000	82798999	11
chr16	82799000	82799999	13
chr16	82800000	82800999	8
chr16	82801000	82801999	13
chr16	82802000	82802999	4
chr16	82803000	82803999	16
chr16	82804000	82804999	18
chr16	82805000	82805999	9
chr16	82806000	82806999	3
chr16	82807000	82807999	2
chr16	82808000	82808999	12
chr16	82809000	82809999	13
chr16	82810000	82810999	0
chr16	82811000	82811999	10
chr16	82812000	82812999	0
chr16	82813000	82813999	0
chr16	82814000	82814999	0
chr16	82815000	82815999	4
chr16	82816000	82816999	22
chr16	82817000	82817999	27
chr16	82818000	82818999	15
chr16	82819000	82819999	4
chr16	82820000	82820999	10
chr16	82821000	82821999	3
chr16	82822000	82822999	0
chr16	82823000	82823999	6
chr16	82824000	82824999	6
chr16	82825000	82825999	10
chr16	82826000	82826999	19
chr16	82827000	82827999	0
chr16	82828000	82828999	0
chr16	82829000	82829999	0
chr16	82830000	82830999	2
chr16	82831000	82831999	1
chr16	82832000	82832999	0
chr16	82833000	82833999	4
chr16	82834000	82834999	0
chr16	82835000	82835999	0
chr16	82836000	82836999	13
chr16	82837000	82837999	9
chr16	82838000	82838999	0
chr16	82839000	82839999	6
chr16	82840000	82840999	8
chr16	82841000	82841999	0
chr16	82842000	82842999	14
chr16	82843000	82843999	3
chr16	82844000	82844999	0
chr16	82845000	82845999	0
chr16	82846000	82846999	13
chr16	82847000	82847999	12
chr16	82848000	82848999	0
chr16	82849000	82849999	0
chr16	82850000	82850999	19
chr16	82851000	82851999	2
chr16	82852000	82852999	4
chr16	82853000	82853999	0
chr16	82854000	82854999	2
chr16	82855000	82855999	0
chr16	82856000	82856999	12
chr16	82857000	82857999	6
chr16	82858000	82858999	12
chr16	82859000	82859999	4
chr16	82860000	82860999	9
chr16	82861000	82861999	0
chr16	82862000	82862999	0
chr16	82863000	82863999	14
chr16	82864000	82864999	23
chr16	82865000	82865999	0
chr16	82866000	82866999	12
chr16	82867000	82867999	11
chr16	82868000	82868999	3
chr16	82869000	82869999	0
chr16	82870000	82870999	0
chr16	82871000	82871999	10
chr16	82872000	82872999	6
chr16	82873000	82873999	3
chr16	82874000	82874999	6
chr16	82875000	82875999	1
chr16	82876000	82876999	21
chr16	82877000	82877999	4
chr16	82878000	82878999	11
chr16	82879000	82879999	4
chr16	82880000	82880999	0
chr16	82881000	82881999	5
chr16	82882000	82882999	12
chr16	82883000	82883999	0
chr16	82884000	82884999	7
chr16	82885000	82885999	1
chr16	82886000	82886999	6
chr16	82887000	82887999	9
chr16	82888000	82888999	0
chr16	82889000	82889999	1
chr16	82890000	82890999	0
chr16	82891000	82891999	0
chr16	82892000	82892999	2
chr16	82893000	82893999	10
chr16	82894000	82894999	0
chr16	82895000	82895999	1
chr16	82896000	82896999	8
chr16	82897000	82897999	0
chr16	82898000	82898999	0
chr16	82899000	82899999	24
chr16	82900000	82900999	0
chr16	82901000	82901999	8
chr16	82902000	82902999	6
chr16	82903000	82903999	13
chr16	82904000	82904999	0
chr16	82905000	82905999	9
chr16	82906000	82906999	5
chr16	82907000	82907999	5
chr16	82908000	82908999	35
chr16	82909000	82909999	0
chr16	82910000	82910999	0
chr16	82911000	82911999	17
chr16	82912000	82912999	0
chr16	82913000	82913999	0
chr16	82914000	82914999	0
chr16	82915000	82915999	0
chr16	82916000	82916999	0
chr16	82917000	82917999	0
chr16	82918000	82918999	5
chr16	82919000	82919999	6
chr16	82920000	82920999	9
chr16	82921000	82921999	1
chr16	82922000	82922999	5
chr16	82923000	82923999	12
chr16	82924000	82924999	3
chr16	82925000	82925999	0
chr16	82926000	82926999	10
chr16	82927000	82927999	12
chr16	82928000	82928999	0
chr16	82929000	82929999	16
chr16	82930000	82930999	15
chr16	82931000	82931999	3
chr16	82932000	82932999	20
chr16	82933000	82933999	4
chr16	82934000	82934999	11
chr16	82935000	82935999	13
chr16	82936000	82936999	0
chr16	82937000	82937999	0
chr16	82938000	82938999	0
chr16	82939000	82939999	24
chr16	82940000	82940999	17
chr16	82941000	82941999	15
chr16	82942000	82942999	3
chr16	82943000	82943999	10
chr16	82944000	82944999	0
chr16	82945000	82945999	12
chr16	82946000	82946999	0
chr16	82947000	82947999	1
chr16	82948000	82948999	8
chr16	82949000	82949999	4
chr16	82950000	82950999	0
chr16	82951000	82951999	0
chr16	82952000	82952999	0
chr16	82953000	82953999	0
chr16	82954000	82954999	0
chr16	82955000	82955999	0
chr16	82956000	82956999	11
chr16	82957000	82957999	4
chr16	82958000	82958999	22
chr16	82959000	82959999	5
chr16	82960000	82960999	2
chr16	82961000	82961999	9
chr16	82962000	82962999	4
chr16	82963000	82963999	0
chr16	82964000	82964999	8
chr16	82965000	82965999	4
chr16	82966000	82966999	6
chr16	82967000	82967999	10
chr16	82968000	82968999	3
chr16	82969000	82969999	0
chr16	82970000	82970999	4
chr16	82971000	82971999	21
chr16	82972000	82972999	15
chr16	82973000	82973999	21
chr16	82974000	82974999	34
chr16	82975000	82975999	0
chr16	82976000	82976999	0
chr16	82977000	82977999	3
chr16	82978000	82978999	0
chr16	82979000	82979999	0
chr16	82980000	82980999	17
chr16	82981000	82981999	0
chr16	82982000	82982999	0
chr16	82983000	82983999	7
chr16	82984000	82984999	7
chr16	82985000	82985999	2
chr16	82986000	82986999	0
chr16	82987000	82987999	9
chr16	82988000	82988999	4
chr16	82989000	82989999	8
chr16	82990000	82990999	6
chr16	82991000	82991999	15
chr16	82992000	82992999	6
chr16	82993000	82993999	13
chr16	82994000	82994999	0
chr16	82995000	82995999	2
chr16	82996000	82996999	4
chr16	82997000	82997999	11
chr16	82998000	82998999	12
chr16	82999000	82999999	9
chr16	83000000	83000999	9
chr16	83001000	83001999	4
chr16	83002000	83002999	0
chr16	83003000	83003999	0
chr16	83004000	83004999	0
chr16	83005000	83005999	25
chr16	83006000	83006999	0
chr16	83007000	83007999	0
chr16	83008000	83008999	0
chr16	83009000	83009999	0
chr16	83010000	83010999	0
chr16	83011000	83011999	19
chr16	83012000	83012999	16
chr16	83013000	83013999	0
chr16	83014000	83014999	0
chr16	83015000	83015999	0
chr16	83016000	83016999	13
chr16	83017000	83017999	16
chr16	83018000	83018999	11
chr16	83019000	83019999	4
chr16	83020000	83020999	5
chr16	83021000	83021999	26
chr16	83022000	83022999	0
chr16	83023000	83023999	5
chr16	83024000	83024999	14
chr16	83025000	83025999	7
chr16	83026000	83026999	12
chr16	83027000	83027999	15
chr16	83028000	83028999	0
chr16	83029000	83029999	2
chr16	83030000	83030999	27
chr16	83031000	83031999	13
chr16	83032000	83032999	8
chr16	83033000	83033999	7
chr16	83034000	83034999	16
chr16	83035000	83035999	4
chr16	83036000	83036999	0
chr16	83037000	83037999	0
chr16	83038000	83038999	1
chr16	83039000	83039999	0
chr16	83040000	83040999	0
chr16	83041000	83041999	0
chr16	83042000	83042999	0
chr16	83043000	83043999	0
chr16	83044000	83044999	0
chr16	83045000	83045999	0
chr16	83046000	83046999	0
chr16	83047000	83047999	0
chr16	83048000	83048999	5
chr16	83049000	83049999	10
chr16	83050000	83050999	16
chr16	83051000	83051999	15
chr16	83052000	83052999	8
chr16	83053000	83053999	6
chr16	83054000	83054999	0
chr16	83055000	83055999	0
chr16	83056000	83056999	5
chr16	83057000	83057999	0
chr16	83058000	83058999	2
chr16	83059000	83059999	8
chr16	83060000	83060999	19
chr16	83061000	83061999	19
chr16	83062000	83062999	0
chr16	83063000	83063999	6
chr16	83064000	83064999	12
chr16	83065000	83065999	0
chr16	83066000	83066999	17
chr16	83067000	83067999	1
chr16	83068000	83068999	9
chr16	83069000	83069999	24
chr16	83070000	83070999	0
chr16	83071000	83071999	14
chr16	83072000	83072999	0
chr16	83073000	83073999	0
chr16	83074000	83074999	5
chr16	83075000	83075999	16
chr16	83076000	83076999	16
chr16	83077000	83077999	0
chr16	83078000	83078999	0
chr16	83079000	83079999	0
chr16	83080000	83080999	0
chr16	83081000	83081999	0
chr16	83082000	83082999	0
chr16	83083000	83083999	3
chr16	83084000	83084999	19
chr16	83085000	83085999	0
chr16	83086000	83086999	0
chr16	83087000	83087999	11
chr16	83088000	83088999	1
chr16	83089000	83089999	8
chr16	83090000	83090999	15
chr16	83091000	83091999	8
chr16	83092000	83092999	2
chr16	83093000	83093999	8
chr16	83094000	83094999	34
chr16	83095000	83095999	0
chr16	83096000	83096999	8
chr16	83097000	83097999	4
chr16	83098000	83098999	19
chr16	83099000	83099999	12
chr16	83100000	83100999	0
chr16	83101000	83101999	20
chr16	83102000	83102999	0
chr16	83103000	83103999	31
chr16	83104000	83104999	6
chr16	83105000	83105999	0
chr16	83106000	83106999	6
chr16	83107000	83107999	6
chr16	83108000	83108999	14
chr16	83109000	83109999	19
chr16	83110000	83110999	13
chr16	83111000	83111999	13
chr16	83112000	83112999	0
chr16	83113000	83113999	0
chr16	83114000	83114999	2
chr16	83115000	83115999	5
chr16	83116000	83116999	6
chr16	83117000	83117999	9
chr16	83118000	83118999	6
chr16	83119000	83119999	3
chr16	83120000	83120999	7
chr16	83121000	83121999	15
chr16	83122000	83122999	23
chr16	83123000	83123999	2
chr16	83124000	83124999	3
chr16	83125000	83125999	1
chr16	83126000	83126999	0
chr16	83127000	83127999	4
chr16	83128000	83128999	33
chr16	83129000	83129999	26
chr16	83130000	83130999	20
chr16	83131000	83131999	11
chr16	83132000	83132999	1
chr16	83133000	83133999	31
chr16	83134000	83134999	2
chr16	83135000	83135999	25
chr16	83136000	83136999	35
chr16	83137000	83137999	18
chr16	83138000	83138999	11
chr16	83139000	83139999	0
chr16	83140000	83140999	11
chr16	83141000	83141999	0
chr16	83142000	83142999	0
chr16	83143000	83143999	15
chr16	83144000	83144999	0
chr16	83145000	83145999	6
chr16	83146000	83146999	28
chr16	83147000	83147999	14
chr16	83148000	83148999	5
chr16	83149000	83149999	0
chr16	83150000	83150999	6
chr16	83151000	83151999	0
chr16	83152000	83152999	5
chr16	83153000	83153999	4
chr16	83154000	83154999	25
chr16	83155000	83155999	16
chr16	83156000	83156999	13
chr16	83157000	83157999	2
chr16	83158000	83158999	0
chr16	83159000	83159999	0
chr16	83160000	83160999	2
chr16	83161000	83161999	33
chr16	83162000	83162999	0
chr16	83163000	83163999	10
chr16	83164000	83164999	3
chr16	83165000	83165999	0
chr16	83166000	83166999	10
chr16	83167000	83167999	16
chr16	83168000	83168999	49
chr16	83169000	83169999	3
chr16	83170000	83170999	24
chr16	83171000	83171999	10
chr16	83172000	83172999	0
chr16	83173000	83173999	2
chr16	83174000	83174999	5
chr16	83175000	83175999	0
chr16	83176000	83176999	13
chr16	83177000	83177999	6
chr16	83178000	83178999	0
chr16	83179000	83179999	0
chr16	83180000	83180999	31
chr16	83181000	83181999	10
chr16	83182000	83182999	0
chr16	83183000	83183999	12
chr16	83184000	83184999	12
chr16	83185000	83185999	8
chr16	83186000	83186999	25
chr16	83187000	83187999	20
chr16	83188000	83188999	18
chr16	83189000	83189999	4
chr16	83190000	83190999	0
chr16	83191000	83191999	5
chr16	83192000	83192999	5
chr16	83193000	83193999	7
chr16	83194000	83194999	9
chr16	83195000	83195999	7
chr16	83196000	83196999	13
chr16	83197000	83197999	9
chr16	83198000	83198999	2
chr16	83199000	83199999	3
chr16	83200000	83200999	8
chr16	83201000	83201999	7
chr16	83202000	83202999	0
chr16	83203000	83203999	2
chr16	83204000	83204999	4
chr16	83205000	83205999	0
chr16	83206000	83206999	0
chr16	83207000	83207999	0
chr16	83208000	83208999	3
chr16	83209000	83209999	2
chr16	83210000	83210999	8
chr16	83211000	83211999	7
chr16	83212000	83212999	0
chr16	83213000	83213999	13
chr16	83214000	83214999	4
chr16	83215000	83215999	14
chr16	83216000	83216999	7
chr16	83217000	83217999	13
chr16	83218000	83218999	0
chr16	83219000	83219999	4
chr16	83220000	83220999	8
chr16	83221000	83221999	0
chr16	83222000	83222999	16
chr16	83223000	83223999	10
chr16	83224000	83224999	50
chr16	83225000	83225999	25
chr16	83226000	83226999	0
chr16	83227000	83227999	12
chr16	83228000	83228999	12
chr16	83229000	83229999	0
chr16	83230000	83230999	9
chr16	83231000	83231999	0
chr16	83232000	83232999	6
chr16	83233000	83233999	11
chr16	83234000	83234999	2
chr16	83235000	83235999	0
chr16	83236000	83236999	0
chr16	83237000	83237999	0
chr16	83238000	83238999	0
chr16	83239000	83239999	13
chr16	83240000	83240999	10
chr16	83241000	83241999	7
chr16	83242000	83242999	4
chr16	83243000	83243999	0
chr16	83244000	83244999	2
chr16	83245000	83245999	22
chr16	83246000	83246999	2
chr16	83247000	83247999	17
chr16	83248000	83248999	6
chr16	83249000	83249999	0
chr16	83250000	83250999	8
chr16	83251000	83251999	13
chr16	83252000	83252999	0
chr16	83253000	83253999	12
chr16	83254000	83254999	11
chr16	83255000	83255999	10
chr16	83256000	83256999	0
chr16	83257000	83257999	9
chr16	83258000	83258999	3
chr16	83259000	83259999	3
chr16	83260000	83260999	0
chr16	83261000	83261999	15
chr16	83262000	83262999	0
chr16	83263000	83263999	0
chr16	83264000	83264999	0
chr16	83265000	83265999	0
chr16	83266000	83266999	0
chr16	83267000	83267999	0
chr16	83268000	83268999	2
chr16	83269000	83269999	26
chr16	83270000	83270999	5
chr16	83271000	83271999	3
chr16	83272000	83272999	0
chr16	83273000	83273999	0
chr16	83274000	83274999	2
chr16	83275000	83275999	2
chr16	83276000	83276999	14
chr16	83277000	83277999	29
chr16	83278000	83278999	0
chr16	83279000	83279999	0
chr16	83280000	83280999	6
chr16	83281000	83281999	16
chr16	83282000	83282999	17
chr16	83283000	83283999	0
chr16	83284000	83284999	4
chr16	83285000	83285999	3
chr16	83286000	83286999	12
chr16	83287000	83287999	6
chr16	83288000	83288999	0
chr16	83289000	83289999	0
chr16	83290000	83290999	8
chr16	83291000	83291999	2
chr16	83292000	83292999	16
chr16	83293000	83293999	5
chr16	83294000	83294999	6
chr16	83295000	83295999	10
chr16	83296000	83296999	4
chr16	83297000	83297999	16
chr16	83298000	83298999	0
chr16	83299000	83299999	1
chr16	83300000	83300999	0
chr16	83301000	83301999	8
chr16	83302000	83302999	2
chr16	83303000	83303999	5
chr16	83304000	83304999	14
chr16	83305000	83305999	0
chr16	83306000	83306999	0
chr16	83307000	83307999	0
chr16	83308000	83308999	22
chr16	83309000	83309999	23
chr16	83310000	83310999	0
chr16	83311000	83311999	46
chr16	83312000	83312999	8
chr16	83313000	83313999	0
chr16	83314000	83314999	11
chr16	83315000	83315999	5
chr16	83316000	83316999	17
chr16	83317000	83317999	6
chr16	83318000	83318999	0
chr16	83319000	83319999	0
chr16	83320000	83320999	0
chr16	83321000	83321999	7
chr16	83322000	83322999	0
chr16	83323000	83323999	0
chr16	83324000	83324999	2
chr16	83325000	83325999	17
chr16	83326000	83326999	0
chr16	83327000	83327999	10
chr16	83328000	83328999	25
chr16	83329000	83329999	29
chr16	83330000	83330999	0
chr16	83331000	83331999	13
chr16	83332000	83332999	0
chr16	83333000	83333999	0
chr16	83334000	83334999	13
chr16	83335000	83335999	9
chr16	83336000	83336999	6
chr16	83337000	83337999	15
chr16	83338000	83338999	7
chr16	83339000	83339999	0
chr16	83340000	83340999	1
chr16	83341000	83341999	8
chr16	83342000	83342999	0
chr16	83343000	83343999	0
chr16	83344000	83344999	6
chr16	83345000	83345999	16
chr16	83346000	83346999	0
chr16	83347000	83347999	0
chr16	83348000	83348999	0
chr16	83349000	83349999	9
chr16	83350000	83350999	10
chr16	83351000	83351999	7
chr16	83352000	83352999	0
chr16	83353000	83353999	10
chr16	83354000	83354999	0
chr16	83355000	83355999	6
chr16	83356000	83356999	22
chr16	83357000	83357999	6
chr16	83358000	83358999	6
chr16	83359000	83359999	0
chr16	83360000	83360999	3
chr16	83361000	83361999	0
chr16	83362000	83362999	0
chr16	83363000	83363999	0
chr16	83364000	83364999	0
chr16	83365000	83365999	0
chr16	83366000	83366999	0
chr16	83367000	83367999	0
chr16	83368000	83368999	7
chr16	83369000	83369999	6
chr16	83370000	83370999	1
chr16	83371000	83371999	12
chr16	83372000	83372999	12
chr16	83373000	83373999	12
chr16	83374000	83374999	7
chr16	83375000	83375999	1
chr16	83376000	83376999	29
chr16	83377000	83377999	11
chr16	83378000	83378999	8
chr16	83379000	83379999	13
chr16	83380000	83380999	7
chr16	83381000	83381999	0
chr16	83382000	83382999	7
chr16	83383000	83383999	5
chr16	83384000	83384999	11
chr16	83385000	83385999	15
chr16	83386000	83386999	24
chr16	83387000	83387999	13
chr16	83388000	83388999	7
chr16	83389000	83389999	8
chr16	83390000	83390999	0
chr16	83391000	83391999	15
chr16	83392000	83392999	10
chr16	83393000	83393999	15
chr16	83394000	83394999	2
chr16	83395000	83395999	31
chr16	83396000	83396999	9
chr16	83397000	83397999	0
chr16	83398000	83398999	12
chr16	83399000	83399999	6
chr16	83400000	83400999	0
chr16	83401000	83401999	3
chr16	83402000	83402999	0
chr16	83403000	83403999	10
chr16	83404000	83404999	8
chr16	83405000	83405999	9
chr16	83406000	83406999	17
chr16	83407000	83407999	8
chr16	83408000	83408999	32
chr16	83409000	83409999	1
chr16	83410000	83410999	15
chr16	83411000	83411999	16
chr16	83412000	83412999	0
chr16	83413000	83413999	3
chr16	83414000	83414999	13
chr16	83415000	83415999	5
chr16	83416000	83416999	9
chr16	83417000	83417999	6
chr16	83418000	83418999	16
chr16	83419000	83419999	0
chr16	83420000	83420999	15
chr16	83421000	83421999	3
chr16	83422000	83422999	10
chr16	83423000	83423999	17
chr16	83424000	83424999	14
chr16	83425000	83425999	27
chr16	83426000	83426999	0
chr16	83427000	83427999	7
chr16	83428000	83428999	9
chr16	83429000	83429999	34
chr16	83430000	83430999	1
chr16	83431000	83431999	8
chr16	83432000	83432999	22
chr16	83433000	83433999	4
chr16	83434000	83434999	0
chr16	83435000	83435999	0
chr16	83436000	83436999	1
chr16	83437000	83437999	0
chr16	83438000	83438999	5
chr16	83439000	83439999	0
chr16	83440000	83440999	5
chr16	83441000	83441999	12
chr16	83442000	83442999	13
chr16	83443000	83443999	32
chr16	83444000	83444999	3
chr16	83445000	83445999	0
chr16	83446000	83446999	0
chr16	83447000	83447999	7
chr16	83448000	83448999	12
chr16	83449000	83449999	0
chr16	83450000	83450999	1
chr16	83451000	83451999	0
chr16	83452000	83452999	0
chr16	83453000	83453999	0
chr16	83454000	83454999	0
chr16	83455000	83455999	0
chr16	83456000	83456999	1
chr16	83457000	83457999	14
chr16	83458000	83458999	10
chr16	83459000	83459999	6
chr16	83460000	83460999	0
chr16	83461000	83461999	14
chr16	83462000	83462999	9
chr16	83463000	83463999	0
chr16	83464000	83464999	6
chr16	83465000	83465999	15
chr16	83466000	83466999	0
chr16	83467000	83467999	13
chr16	83468000	83468999	2
chr16	83469000	83469999	4
chr16	83470000	83470999	1
chr16	83471000	83471999	3
chr16	83472000	83472999	0
chr16	83473000	83473999	6
chr16	83474000	83474999	13
chr16	83475000	83475999	6
chr16	83476000	83476999	5
chr16	83477000	83477999	0
chr16	83478000	83478999	15
chr16	83479000	83479999	0
chr16	83480000	83480999	5
chr16	83481000	83481999	7
chr16	83482000	83482999	17
chr16	83483000	83483999	3
chr16	83484000	83484999	10
chr16	83485000	83485999	0
chr16	83486000	83486999	2
chr16	83487000	83487999	13
chr16	83488000	83488999	0
chr16	83489000	83489999	18
chr16	83490000	83490999	0
chr16	83491000	83491999	3
chr16	83492000	83492999	0
chr16	83493000	83493999	3
chr16	83494000	83494999	0
chr16	83495000	83495999	0
chr16	83496000	83496999	10
chr16	83497000	83497999	22
chr16	83498000	83498999	3
chr16	83499000	83499999	7
chr16	83500000	83500999	6
chr16	83501000	83501999	14
chr16	83502000	83502999	0
chr16	83503000	83503999	0
chr16	83504000	83504999	12
chr16	83505000	83505999	15
chr16	83506000	83506999	0
chr16	83507000	83507999	28
chr16	83508000	83508999	17
chr16	83509000	83509999	4
chr16	83510000	83510999	2
chr16	83511000	83511999	9
chr16	83512000	83512999	0
chr16	83513000	83513999	14
chr16	83514000	83514999	16
chr16	83515000	83515999	16
chr16	83516000	83516999	18
chr16	83517000	83517999	0
chr16	83518000	83518999	14
chr16	83519000	83519999	0
chr16	83520000	83520999	0
chr16	83521000	83521999	0
chr16	83522000	83522999	8
chr16	83523000	83523999	0
chr16	83524000	83524999	30
chr16	83525000	83525999	0
chr16	83526000	83526999	5
chr16	83527000	83527999	2
chr16	83528000	83528999	10
chr16	83529000	83529999	16
chr16	83530000	83530999	7
chr16	83531000	83531999	0
chr16	83532000	83532999	18
chr16	83533000	83533999	33
chr16	83534000	83534999	0
chr16	83535000	83535999	10
chr16	83536000	83536999	12
chr16	83537000	83537999	11
chr16	83538000	83538999	5
chr16	83539000	83539999	16
chr16	83540000	83540999	2
chr16	83541000	83541999	9
chr16	83542000	83542999	0
chr16	83543000	83543999	52
chr16	83544000	83544999	11
chr16	83545000	83545999	0
chr16	83546000	83546999	8
chr16	83547000	83547999	15
chr16	83548000	83548999	5
chr16	83549000	83549999	3
chr16	83550000	83550999	0
chr16	83551000	83551999	0
chr16	83552000	83552999	5
chr16	83553000	83553999	4
chr16	83554000	83554999	7
chr16	83555000	83555999	0
chr16	83556000	83556999	0
chr16	83557000	83557999	25
chr16	83558000	83558999	12
chr16	83559000	83559999	5
chr16	83560000	83560999	26
chr16	83561000	83561999	0
chr16	83562000	83562999	6
chr16	83563000	83563999	22
chr16	83564000	83564999	0
chr16	83565000	83565999	17
chr16	83566000	83566999	0
chr16	83567000	83567999	8
chr16	83568000	83568999	17
chr16	83569000	83569999	10
chr16	83570000	83570999	22
chr16	83571000	83571999	9
chr16	83572000	83572999	0
chr16	83573000	83573999	2
chr16	83574000	83574999	14
chr16	83575000	83575999	0
chr16	83576000	83576999	0
chr16	83577000	83577999	0
chr16	83578000	83578999	28
chr16	83579000	83579999	0
chr16	83580000	83580999	12
chr16	83581000	83581999	0
chr16	83582000	83582999	0
chr16	83583000	83583999	6
chr16	83584000	83584999	5
chr16	83585000	83585999	12
chr16	83586000	83586999	13
chr16	83587000	83587999	0
chr16	83588000	83588999	0
chr16	83589000	83589999	0
chr16	83590000	83590999	9
chr16	83591000	83591999	2
chr16	83592000	83592999	4
chr16	83593000	83593999	16
chr16	83594000	83594999	0
chr16	83595000	83595999	6
chr16	83596000	83596999	4
chr16	83597000	83597999	17
chr16	83598000	83598999	0
chr16	83599000	83599999	11
chr16	83600000	83600999	0
chr16	83601000	83601999	17
chr16	83602000	83602999	0
chr16	83603000	83603999	6
chr16	83604000	83604999	4
chr16	83605000	83605999	0
chr16	83606000	83606999	2
chr16	83607000	83607999	12
chr16	83608000	83608999	0
chr16	83609000	83609999	0
chr16	83610000	83610999	8
chr16	83611000	83611999	12
chr16	83612000	83612999	25
chr16	83613000	83613999	16
chr16	83614000	83614999	2
chr16	83615000	83615999	0
chr16	83616000	83616999	5
chr16	83617000	83617999	3
chr16	83618000	83618999	23
chr16	83619000	83619999	21
chr16	83620000	83620999	10
chr16	83621000	83621999	7
chr16	83622000	83622999	17
chr16	83623000	83623999	10
chr16	83624000	83624999	7
chr16	83625000	83625999	1
chr16	83626000	83626999	3
chr16	83627000	83627999	21
chr16	83628000	83628999	3
chr16	83629000	83629999	5
chr16	83630000	83630999	0
chr16	83631000	83631999	0
chr16	83632000	83632999	6
chr16	83633000	83633999	20
chr16	83634000	83634999	5
chr16	83635000	83635999	14
chr16	83636000	83636999	1
chr16	83637000	83637999	19
chr16	83638000	83638999	21
chr16	83639000	83639999	8
chr16	83640000	83640999	0
chr16	83641000	83641999	0
chr16	83642000	83642999	10
chr16	83643000	83643999	9
chr16	83644000	83644999	0
chr16	83645000	83645999	2
chr16	83646000	83646999	6
chr16	83647000	83647999	14
chr16	83648000	83648999	0
chr16	83649000	83649999	15
chr16	83650000	83650999	23
chr16	83651000	83651999	0
chr16	83652000	83652999	5
chr16	83653000	83653999	2
chr16	83654000	83654999	2
chr16	83655000	83655999	0
chr16	83656000	83656999	19
chr16	83657000	83657999	10
chr16	83658000	83658999	0
chr16	83659000	83659999	8
chr16	83660000	83660999	0
chr16	83661000	83661999	30
chr16	83662000	83662999	0
chr16	83663000	83663999	11
chr16	83664000	83664999	0
chr16	83665000	83665999	7
chr16	83666000	83666999	20
chr16	83667000	83667999	30
chr16	83668000	83668999	5
chr16	83669000	83669999	17
chr16	83670000	83670999	2
chr16	83671000	83671999	0
chr16	83672000	83672999	0
chr16	83673000	83673999	17
chr16	83674000	83674999	22
chr16	83675000	83675999	3
chr16	83676000	83676999	3
chr16	83677000	83677999	5
chr16	83678000	83678999	10
chr16	83679000	83679999	4
chr16	83680000	83680999	6
chr16	83681000	83681999	6
chr16	83682000	83682999	6
chr16	83683000	83683999	0
chr16	83684000	83684999	30
chr16	83685000	83685999	2
chr16	83686000	83686999	26
chr16	83687000	83687999	0
chr16	83688000	83688999	0
chr16	83689000	83689999	12
chr16	83690000	83690999	2
chr16	83691000	83691999	0
chr16	83692000	83692999	0
chr16	83693000	83693999	4
chr16	83694000	83694999	0
chr16	83695000	83695999	1
chr16	83696000	83696999	8
chr16	83697000	83697999	1
chr16	83698000	83698999	18
chr16	83699000	83699999	1
chr16	83700000	83700999	0
chr16	83701000	83701999	6
chr16	83702000	83702999	11
chr16	83703000	83703999	5
chr16	83704000	83704999	12
chr16	83705000	83705999	5
chr16	83706000	83706999	0
chr16	83707000	83707999	0
chr16	83708000	83708999	4
chr16	83709000	83709999	0
chr16	83710000	83710999	25
chr16	83711000	83711999	6
chr16	83712000	83712999	1
chr16	83713000	83713999	0
chr16	83714000	83714999	26
chr16	83715000	83715999	2
chr16	83716000	83716999	9
chr16	83717000	83717999	13
chr16	83718000	83718999	13
chr16	83719000	83719999	0
chr16	83720000	83720999	1
chr16	83721000	83721999	2
chr16	83722000	83722999	15
chr16	83723000	83723999	0
chr16	83724000	83724999	2
chr16	83725000	83725999	5
chr16	83726000	83726999	10
chr16	83727000	83727999	12
chr16	83728000	83728999	3
chr16	83729000	83729999	13
chr16	83730000	83730999	8
chr16	83731000	83731999	7
chr16	83732000	83732999	5
chr16	83733000	83733999	2
chr16	83734000	83734999	12
chr16	83735000	83735999	0
chr16	83736000	83736999	0
chr16	83737000	83737999	7
chr16	83738000	83738999	16
chr16	83739000	83739999	8
chr16	83740000	83740999	8
chr16	83741000	83741999	7
chr16	83742000	83742999	19
chr16	83743000	83743999	6
chr16	83744000	83744999	0
chr16	83745000	83745999	10
chr16	83746000	83746999	0
chr16	83747000	83747999	0
chr16	83748000	83748999	0
chr16	83749000	83749999	12
chr16	83750000	83750999	0
chr16	83751000	83751999	0
chr16	83752000	83752999	21
chr16	83753000	83753999	31
chr16	83754000	83754999	10
chr16	83755000	83755999	24
chr16	83756000	83756999	0
chr16	83757000	83757999	0
chr16	83758000	83758999	22
chr16	83759000	83759999	0
chr16	83760000	83760999	0
chr16	83761000	83761999	0
chr16	83762000	83762999	0
chr16	83763000	83763999	0
chr16	83764000	83764999	13
chr16	83765000	83765999	1
chr16	83766000	83766999	5
chr16	83767000	83767999	6
chr16	83768000	83768999	30
chr16	83769000	83769999	10
chr16	83770000	83770999	34
chr16	83771000	83771999	5
chr16	83772000	83772999	33
chr16	83773000	83773999	6
chr16	83774000	83774999	0
chr16	83775000	83775999	11
chr16	83776000	83776999	3
chr16	83777000	83777999	7
chr16	83778000	83778999	1
chr16	83779000	83779999	0
chr16	83780000	83780999	13
chr16	83781000	83781999	14
chr16	83782000	83782999	5
chr16	83783000	83783999	10
chr16	83784000	83784999	11
chr16	83785000	83785999	8
chr16	83786000	83786999	12
chr16	83787000	83787999	0
chr16	83788000	83788999	23
chr16	83789000	83789999	8
chr16	83790000	83790999	0
chr16	83791000	83791999	4
chr16	83792000	83792999	2
chr16	83793000	83793999	23
chr16	83794000	83794999	7
chr16	83795000	83795999	21
chr16	83796000	83796999	19
chr16	83797000	83797999	13
chr16	83798000	83798999	17
chr16	83799000	83799999	11
chr16	83800000	83800999	0
chr16	83801000	83801999	0
chr16	83802000	83802999	0
chr16	83803000	83803999	0
chr16	83804000	83804999	5
chr16	83805000	83805999	0
chr16	83806000	83806999	0
chr16	83807000	83807999	0
chr16	83808000	83808999	1
chr16	83809000	83809999	0
chr16	83810000	83810999	6
chr16	83811000	83811999	0
chr16	83812000	83812999	19
chr16	83813000	83813999	11
chr16	83814000	83814999	0
chr16	83815000	83815999	16
chr16	83816000	83816999	16
chr16	83817000	83817999	0
chr16	83818000	83818999	0
chr16	83819000	83819999	2
chr16	83820000	83820999	5
chr16	83821000	83821999	13
chr16	83822000	83822999	4
chr16	83823000	83823999	2
chr16	83824000	83824999	20
chr16	83825000	83825999	0
chr16	83826000	83826999	2
chr16	83827000	83827999	0
chr16	83828000	83828999	3
chr16	83829000	83829999	1
chr16	83830000	83830999	2
chr16	83831000	83831999	1
chr16	83832000	83832999	9
chr16	83833000	83833999	0
chr16	83834000	83834999	2
chr16	83835000	83835999	3
chr16	83836000	83836999	0
chr16	83837000	83837999	0
chr16	83838000	83838999	0
chr16	83839000	83839999	0
chr16	83840000	83840999	10
chr16	83841000	83841999	3
chr16	83842000	83842999	4
chr16	83843000	83843999	19
chr16	83844000	83844999	11
chr16	83845000	83845999	36
chr16	83846000	83846999	1
chr16	83847000	83847999	0
chr16	83848000	83848999	11
chr16	83849000	83849999	0
chr16	83850000	83850999	1
chr16	83851000	83851999	15
chr16	83852000	83852999	8
chr16	83853000	83853999	10
chr16	83854000	83854999	4
chr16	83855000	83855999	35
chr16	83856000	83856999	28
chr16	83857000	83857999	8
chr16	83858000	83858999	1
chr16	83859000	83859999	2
chr16	83860000	83860999	6
chr16	83861000	83861999	2
chr16	83862000	83862999	0
chr16	83863000	83863999	0
chr16	83864000	83864999	9
chr16	83865000	83865999	0
chr16	83866000	83866999	34
chr16	83867000	83867999	0
chr16	83868000	83868999	0
chr16	83869000	83869999	15
chr16	83870000	83870999	0
chr16	83871000	83871999	13
chr16	83872000	83872999	7
chr16	83873000	83873999	13
chr16	83874000	83874999	0
chr16	83875000	83875999	0
chr16	83876000	83876999	17
chr16	83877000	83877999	14
chr16	83878000	83878999	15
chr16	83879000	83879999	0
chr16	83880000	83880999	12
chr16	83881000	83881999	14
chr16	83882000	83882999	8
chr16	83883000	83883999	11
chr16	83884000	83884999	14
chr16	83885000	83885999	11
chr16	83886000	83886999	8
chr16	83887000	83887999	1
chr16	83888000	83888999	0
chr16	83889000	83889999	0
chr16	83890000	83890999	2
chr16	83891000	83891999	12
chr16	83892000	83892999	7
chr16	83893000	83893999	8
chr16	83894000	83894999	7
chr16	83895000	83895999	9
chr16	83896000	83896999	5
chr16	83897000	83897999	6
chr16	83898000	83898999	4
chr16	83899000	83899999	14
chr16	83900000	83900999	0
chr16	83901000	83901999	8
chr16	83902000	83902999	14
chr16	83903000	83903999	15
chr16	83904000	83904999	9
chr16	83905000	83905999	11
chr16	83906000	83906999	11
chr16	83907000	83907999	7
chr16	83908000	83908999	3
chr16	83909000	83909999	21
chr16	83910000	83910999	19
chr16	83911000	83911999	0
chr16	83912000	83912999	12
chr16	83913000	83913999	6
chr16	83914000	83914999	0
chr16	83915000	83915999	18
chr16	83916000	83916999	27
chr16	83917000	83917999	18
chr16	83918000	83918999	10
chr16	83919000	83919999	3
chr16	83920000	83920999	0
chr16	83921000	83921999	20
chr16	83922000	83922999	2
chr16	83923000	83923999	29
chr16	83924000	83924999	21
chr16	83925000	83925999	22
chr16	83926000	83926999	0
chr16	83927000	83927999	4
chr16	83928000	83928999	2
chr16	83929000	83929999	8
chr16	83930000	83930999	3
chr16	83931000	83931999	0
chr16	83932000	83932999	0
chr16	83933000	83933999	7
chr16	83934000	83934999	0
chr16	83935000	83935999	8
chr16	83936000	83936999	4
chr16	83937000	83937999	0
chr16	83938000	83938999	0
chr16	83939000	83939999	17
chr16	83940000	83940999	1
chr16	83941000	83941999	13
chr16	83942000	83942999	24
chr16	83943000	83943999	11
chr16	83944000	83944999	4
chr16	83945000	83945999	20
chr16	83946000	83946999	0
chr16	83947000	83947999	0
chr16	83948000	83948999	0
chr16	83949000	83949999	0
chr16	83950000	83950999	0
chr16	83951000	83951999	0
chr16	83952000	83952999	0
chr16	83953000	83953999	0
chr16	83954000	83954999	0
chr16	83955000	83955999	0
chr16	83956000	83956999	0
chr16	83957000	83957999	10
chr16	83958000	83958999	3
chr16	83959000	83959999	7
chr16	83960000	83960999	0
chr16	83961000	83961999	16
chr16	83962000	83962999	17
chr16	83963000	83963999	24
chr16	83964000	83964999	7
chr16	83965000	83965999	14
chr16	83966000	83966999	2
chr16	83967000	83967999	10
chr16	83968000	83968999	0
chr16	83969000	83969999	0
chr16	83970000	83970999	11
chr16	83971000	83971999	0
chr16	83972000	83972999	1
chr16	83973000	83973999	0
chr16	83974000	83974999	4
chr16	83975000	83975999	7
chr16	83976000	83976999	6
chr16	83977000	83977999	0
chr16	83978000	83978999	9
chr16	83979000	83979999	28
chr16	83980000	83980999	22
chr16	83981000	83981999	0
chr16	83982000	83982999	2
chr16	83983000	83983999	24
chr16	83984000	83984999	28
chr16	83985000	83985999	2
chr16	83986000	83986999	9
chr16	83987000	83987999	6
chr16	83988000	83988999	12
chr16	83989000	83989999	26
chr16	83990000	83990999	14
chr16	83991000	83991999	17
chr16	83992000	83992999	0
chr16	83993000	83993999	8
chr16	83994000	83994999	4
chr16	83995000	83995999	9
chr16	83996000	83996999	34
chr16	83997000	83997999	8
chr16	83998000	83998999	5
chr16	83999000	83999999	2
chr16	84000000	84000999	0
chr16	84001000	84001999	18
chr16	84002000	84002999	19
chr16	84003000	84003999	27
chr16	84004000	84004999	0
chr16	84005000	84005999	0
chr16	84006000	84006999	18
chr16	84007000	84007999	10
chr16	84008000	84008999	16
chr16	84009000	84009999	6
chr16	84010000	84010999	0
chr16	84011000	84011999	2
chr16	84012000	84012999	5
chr16	84013000	84013999	18
chr16	84014000	84014999	0
chr16	84015000	84015999	0
chr16	84016000	84016999	11
chr16	84017000	84017999	18
chr16	84018000	84018999	10
chr16	84019000	84019999	21
chr16	84020000	84020999	15
chr16	84021000	84021999	16
chr16	84022000	84022999	22
chr16	84023000	84023999	13
chr16	84024000	84024999	0
chr16	84025000	84025999	25
chr16	84026000	84026999	9
chr16	84027000	84027999	18
chr16	84028000	84028999	7
chr16	84029000	84029999	0
chr16	84030000	84030999	0
chr16	84031000	84031999	2
chr16	84032000	84032999	20
chr16	84033000	84033999	0
chr16	84034000	84034999	20
chr16	84035000	84035999	0
chr16	84036000	84036999	7
chr16	84037000	84037999	7
chr16	84038000	84038999	5
chr16	84039000	84039999	2
chr16	84040000	84040999	1
chr16	84041000	84041999	4
chr16	84042000	84042999	10
chr16	84043000	84043999	5
chr16	84044000	84044999	22
chr16	84045000	84045999	5
chr16	84046000	84046999	11
chr16	84047000	84047999	5
chr16	84048000	84048999	1
chr16	84049000	84049999	0
chr16	84050000	84050999	9
chr16	84051000	84051999	16
chr16	84052000	84052999	9
chr16	84053000	84053999	27
chr16	84054000	84054999	12
chr16	84055000	84055999	0
chr16	84056000	84056999	18
chr16	84057000	84057999	5
chr16	84058000	84058999	2
chr16	84059000	84059999	21
chr16	84060000	84060999	9
chr16	84061000	84061999	9
chr16	84062000	84062999	14
chr16	84063000	84063999	7
chr16	84064000	84064999	14
chr16	84065000	84065999	0
chr16	84066000	84066999	15
chr16	84067000	84067999	10
chr16	84068000	84068999	0
chr16	84069000	84069999	13
chr16	84070000	84070999	3
chr16	84071000	84071999	10
chr16	84072000	84072999	10
chr16	84073000	84073999	5
chr16	84074000	84074999	4
chr16	84075000	84075999	0
chr16	84076000	84076999	22
chr16	84077000	84077999	0
chr16	84078000	84078999	20
chr16	84079000	84079999	0
chr16	84080000	84080999	6
chr16	84081000	84081999	0
chr16	84082000	84082999	7
chr16	84083000	84083999	2
chr16	84084000	84084999	4
chr16	84085000	84085999	0
chr16	84086000	84086999	5
chr16	84087000	84087999	6
chr16	84088000	84088999	8
chr16	84089000	84089999	8
chr16	84090000	84090999	24
chr16	84091000	84091999	7
chr16	84092000	84092999	1
chr16	84093000	84093999	0
chr16	84094000	84094999	0
chr16	84095000	84095999	20
chr16	84096000	84096999	8
chr16	84097000	84097999	11
chr16	84098000	84098999	21
chr16	84099000	84099999	30
chr16	84100000	84100999	14
chr16	84101000	84101999	0
chr16	84102000	84102999	6
chr16	84103000	84103999	0
chr16	84104000	84104999	13
chr16	84105000	84105999	8
chr16	84106000	84106999	0
chr16	84107000	84107999	2
chr16	84108000	84108999	11
chr16	84109000	84109999	0
chr16	84110000	84110999	18
chr16	84111000	84111999	8
chr16	84112000	84112999	11
chr16	84113000	84113999	12
chr16	84114000	84114999	9
chr16	84115000	84115999	0
chr16	84116000	84116999	5
chr16	84117000	84117999	18
chr16	84118000	84118999	34
chr16	84119000	84119999	0
chr16	84120000	84120999	7
chr16	84121000	84121999	13
chr16	84122000	84122999	0
chr16	84123000	84123999	10
chr16	84124000	84124999	7
chr16	84125000	84125999	12
chr16	84126000	84126999	0
chr16	84127000	84127999	19
chr16	84128000	84128999	11
chr16	84129000	84129999	25
chr16	84130000	84130999	6
chr16	84131000	84131999	14
chr16	84132000	84132999	14
chr16	84133000	84133999	12
chr16	84134000	84134999	0
chr16	84135000	84135999	9
chr16	84136000	84136999	8
chr16	84137000	84137999	23
chr16	84138000	84138999	3
chr16	84139000	84139999	18
chr16	84140000	84140999	8
chr16	84141000	84141999	16
chr16	84142000	84142999	20
chr16	84143000	84143999	0
chr16	84144000	84144999	0
chr16	84145000	84145999	5
chr16	84146000	84146999	5
chr16	84147000	84147999	37
chr16	84148000	84148999	8
chr16	84149000	84149999	10
chr16	84150000	84150999	16
chr16	84151000	84151999	0
chr16	84152000	84152999	4
chr16	84153000	84153999	10
chr16	84154000	84154999	28
chr16	84155000	84155999	1
chr16	84156000	84156999	0
chr16	84157000	84157999	0
chr16	84158000	84158999	16
chr16	84159000	84159999	5
chr16	84160000	84160999	5
chr16	84161000	84161999	7
chr16	84162000	84162999	8
chr16	84163000	84163999	29
chr16	84164000	84164999	13
chr16	84165000	84165999	0
chr16	84166000	84166999	8
chr16	84167000	84167999	17
chr16	84168000	84168999	0
chr16	84169000	84169999	17
chr16	84170000	84170999	1
chr16	84171000	84171999	0
chr16	84172000	84172999	6
chr16	84173000	84173999	14
chr16	84174000	84174999	7
chr16	84175000	84175999	5
chr16	84176000	84176999	24
chr16	84177000	84177999	4
chr16	84178000	84178999	10
chr16	84179000	84179999	21
chr16	84180000	84180999	21
chr16	84181000	84181999	0
chr16	84182000	84182999	0
chr16	84183000	84183999	6
chr16	84184000	84184999	10
chr16	84185000	84185999	10
chr16	84186000	84186999	11
chr16	84187000	84187999	11
chr16	84188000	84188999	8
chr16	84189000	84189999	0
chr16	84190000	84190999	7
chr16	84191000	84191999	0
chr16	84192000	84192999	14
chr16	84193000	84193999	15
chr16	84194000	84194999	3
chr16	84195000	84195999	11
chr16	84196000	84196999	23
chr16	84197000	84197999	0
chr16	84198000	84198999	5
chr16	84199000	84199999	21
chr16	84200000	84200999	3
chr16	84201000	84201999	15
chr16	84202000	84202999	0
chr16	84203000	84203999	14
chr16	84204000	84204999	0
chr16	84205000	84205999	0
chr16	84206000	84206999	11
chr16	84207000	84207999	3
chr16	84208000	84208999	42
chr16	84209000	84209999	27
chr16	84210000	84210999	2
chr16	84211000	84211999	3
chr16	84212000	84212999	24
chr16	84213000	84213999	0
chr16	84214000	84214999	11
chr16	84215000	84215999	4
chr16	84216000	84216999	1
chr16	84217000	84217999	16
chr16	84218000	84218999	7
chr16	84219000	84219999	4
chr16	84220000	84220999	7
chr16	84221000	84221999	0
chr16	84222000	84222999	3
chr16	84223000	84223999	17
chr16	84224000	84224999	2
chr16	84225000	84225999	5
chr16	84226000	84226999	4
chr16	84227000	84227999	20
chr16	84228000	84228999	4
chr16	84229000	84229999	5
chr16	84230000	84230999	9
chr16	84231000	84231999	3
chr16	84232000	84232999	0
chr16	84233000	84233999	0
chr16	84234000	84234999	0
chr16	84235000	84235999	0
chr16	84236000	84236999	5
chr16	84237000	84237999	0
chr16	84238000	84238999	7
chr16	84239000	84239999	8
chr16	84240000	84240999	0
chr16	84241000	84241999	21
chr16	84242000	84242999	3
chr16	84243000	84243999	2
chr16	84244000	84244999	0
chr16	84245000	84245999	15
chr16	84246000	84246999	25
chr16	84247000	84247999	5
chr16	84248000	84248999	2
chr16	84249000	84249999	0
chr16	84250000	84250999	0
chr16	84251000	84251999	5
chr16	84252000	84252999	34
chr16	84253000	84253999	0
chr16	84254000	84254999	1
chr16	84255000	84255999	19
chr16	84256000	84256999	4
chr16	84257000	84257999	7
chr16	84258000	84258999	0
chr16	84259000	84259999	6
chr16	84260000	84260999	0
chr16	84261000	84261999	0
chr16	84262000	84262999	4
chr16	84263000	84263999	3
chr16	84264000	84264999	0
chr16	84265000	84265999	4
chr16	84266000	84266999	1
chr16	84267000	84267999	7
chr16	84268000	84268999	0
chr16	84269000	84269999	0
chr16	84270000	84270999	14
chr16	84271000	84271999	3
chr16	84272000	84272999	27
chr16	84273000	84273999	13
chr16	84274000	84274999	5
chr16	84275000	84275999	9
chr16	84276000	84276999	0
chr16	84277000	84277999	0
chr16	84278000	84278999	0
chr16	84279000	84279999	0
chr16	84280000	84280999	0
chr16	84281000	84281999	0
chr16	84282000	84282999	0
chr16	84283000	84283999	18
chr16	84284000	84284999	4
chr16	84285000	84285999	2
chr16	84286000	84286999	0
chr16	84287000	84287999	14
chr16	84288000	84288999	22
chr16	84289000	84289999	4
chr16	84290000	84290999	2
chr16	84291000	84291999	10
chr16	84292000	84292999	31
chr16	84293000	84293999	7
chr16	84294000	84294999	10
chr16	84295000	84295999	13
chr16	84296000	84296999	24
chr16	84297000	84297999	16
chr16	84298000	84298999	11
chr16	84299000	84299999	0
chr16	84300000	84300999	2
chr16	84301000	84301999	11
chr16	84302000	84302999	17
chr16	84303000	84303999	0
chr16	84304000	84304999	39
chr16	84305000	84305999	4
chr16	84306000	84306999	8
chr16	84307000	84307999	0
chr16	84308000	84308999	30
chr16	84309000	84309999	14
chr16	84310000	84310999	25
chr16	84311000	84311999	1
chr16	84312000	84312999	0
chr16	84313000	84313999	6
chr16	84314000	84314999	2
chr16	84315000	84315999	7
chr16	84316000	84316999	0
chr16	84317000	84317999	10
chr16	84318000	84318999	1
chr16	84319000	84319999	0
chr16	84320000	84320999	3
chr16	84321000	84321999	3
chr16	84322000	84322999	0
chr16	84323000	84323999	6
chr16	84324000	84324999	18
chr16	84325000	84325999	23
chr16	84326000	84326999	0
chr16	84327000	84327999	35
chr16	84328000	84328999	14
chr16	84329000	84329999	21
chr16	84330000	84330999	8
chr16	84331000	84331999	0
chr16	84332000	84332999	9
chr16	84333000	84333999	19
chr16	84334000	84334999	3
chr16	84335000	84335999	5
chr16	84336000	84336999	39
chr16	84337000	84337999	31
chr16	84338000	84338999	0
chr16	84339000	84339999	5
chr16	84340000	84340999	18
chr16	84341000	84341999	3
chr16	84342000	84342999	16
chr16	84343000	84343999	21
chr16	84344000	84344999	0
chr16	84345000	84345999	10
chr16	84346000	84346999	4
chr16	84347000	84347999	3
chr16	84348000	84348999	6
chr16	84349000	84349999	0
chr16	84350000	84350999	1
chr16	84351000	84351999	13
chr16	84352000	84352999	6
chr16	84353000	84353999	2
chr16	84354000	84354999	2
chr16	84355000	84355999	5
chr16	84356000	84356999	4
chr16	84357000	84357999	13
chr16	84358000	84358999	21
chr16	84359000	84359999	7
chr16	84360000	84360999	0
chr16	84361000	84361999	0
chr16	84362000	84362999	0
chr16	84363000	84363999	0
chr16	84364000	84364999	2
chr16	84365000	84365999	7
chr16	84366000	84366999	0
chr16	84367000	84367999	5
chr16	84368000	84368999	0
chr16	84369000	84369999	8
chr16	84370000	84370999	7
chr16	84371000	84371999	19
chr16	84372000	84372999	3
chr16	84373000	84373999	0
chr16	84374000	84374999	8
chr16	84375000	84375999	10
chr16	84376000	84376999	0
chr16	84377000	84377999	0
chr16	84378000	84378999	12
chr16	84379000	84379999	10
chr16	84380000	84380999	0
chr16	84381000	84381999	0
chr16	84382000	84382999	0
chr16	84383000	84383999	0
chr16	84384000	84384999	0
chr16	84385000	84385999	0
chr16	84386000	84386999	7
chr16	84387000	84387999	3
chr16	84388000	84388999	11
chr16	84389000	84389999	0
chr16	84390000	84390999	7
chr16	84391000	84391999	11
chr16	84392000	84392999	0
chr16	84393000	84393999	8
chr16	84394000	84394999	6
chr16	84395000	84395999	9
chr16	84396000	84396999	25
chr16	84397000	84397999	30
chr16	84398000	84398999	2
chr16	84399000	84399999	0
chr16	84400000	84400999	3
chr16	84401000	84401999	18
chr16	84402000	84402999	6
chr16	84403000	84403999	6
chr16	84404000	84404999	11
chr16	84405000	84405999	13
chr16	84406000	84406999	9
chr16	84407000	84407999	5
chr16	84408000	84408999	4
chr16	84409000	84409999	8
chr16	84410000	84410999	10
chr16	84411000	84411999	7
chr16	84412000	84412999	0
chr16	84413000	84413999	0
chr16	84414000	84414999	11
chr16	84415000	84415999	16
chr16	84416000	84416999	11
chr16	84417000	84417999	2
chr16	84418000	84418999	8
chr16	84419000	84419999	20
chr16	84420000	84420999	7
chr16	84421000	84421999	0
chr16	84422000	84422999	12
chr16	84423000	84423999	13
chr16	84424000	84424999	21
chr16	84425000	84425999	34
chr16	84426000	84426999	16
chr16	84427000	84427999	8
chr16	84428000	84428999	16
chr16	84429000	84429999	0
chr16	84430000	84430999	28
chr16	84431000	84431999	0
chr16	84432000	84432999	0
chr16	84433000	84433999	10
chr16	84434000	84434999	7
chr16	84435000	84435999	0
chr16	84436000	84436999	3
chr16	84437000	84437999	15
chr16	84438000	84438999	0
chr16	84439000	84439999	0
chr16	84440000	84440999	6
chr16	84441000	84441999	0
chr16	84442000	84442999	0
chr16	84443000	84443999	0
chr16	84444000	84444999	0
chr16	84445000	84445999	0
chr16	84446000	84446999	0
chr16	84447000	84447999	0
chr16	84448000	84448999	6
chr16	84449000	84449999	23
chr16	84450000	84450999	0
chr16	84451000	84451999	6
chr16	84452000	84452999	6
chr16	84453000	84453999	0
chr16	84454000	84454999	0
chr16	84455000	84455999	0
chr16	84456000	84456999	24
chr16	84457000	84457999	9
chr16	84458000	84458999	22
chr16	84459000	84459999	0
chr16	84460000	84460999	6
chr16	84461000	84461999	11
chr16	84462000	84462999	0
chr16	84463000	84463999	7
chr16	84464000	84464999	0
chr16	84465000	84465999	0
chr16	84466000	84466999	17
chr16	84467000	84467999	2
chr16	84468000	84468999	0
chr16	84469000	84469999	25
chr16	84470000	84470999	16
chr16	84471000	84471999	1
chr16	84472000	84472999	0
chr16	84473000	84473999	0
chr16	84474000	84474999	0
chr16	84475000	84475999	10
chr16	84476000	84476999	10
chr16	84477000	84477999	0
chr16	84478000	84478999	12
chr16	84479000	84479999	0
chr16	84480000	84480999	2
chr16	84481000	84481999	3
chr16	84482000	84482999	17
chr16	84483000	84483999	0
chr16	84484000	84484999	1
chr16	84485000	84485999	15
chr16	84486000	84486999	1
chr16	84487000	84487999	15
chr16	84488000	84488999	19
chr16	84489000	84489999	1
chr16	84490000	84490999	5
chr16	84491000	84491999	4
chr16	84492000	84492999	4
chr16	84493000	84493999	18
chr16	84494000	84494999	12
chr16	84495000	84495999	2
chr16	84496000	84496999	26
chr16	84497000	84497999	14
chr16	84498000	84498999	0
chr16	84499000	84499999	27
chr16	84500000	84500999	21
chr16	84501000	84501999	5
chr16	84502000	84502999	8
chr16	84503000	84503999	7
chr16	84504000	84504999	2
chr16	84505000	84505999	13
chr16	84506000	84506999	10
chr16	84507000	84507999	17
chr16	84508000	84508999	14
chr16	84509000	84509999	5
chr16	84510000	84510999	7
chr16	84511000	84511999	0
chr16	84512000	84512999	0
chr16	84513000	84513999	1
chr16	84514000	84514999	1
chr16	84515000	84515999	0
chr16	84516000	84516999	4
chr16	84517000	84517999	10
chr16	84518000	84518999	3
chr16	84519000	84519999	18
chr16	84520000	84520999	12
chr16	84521000	84521999	1
chr16	84522000	84522999	10
chr16	84523000	84523999	0
chr16	84524000	84524999	16
chr16	84525000	84525999	13
chr16	84526000	84526999	41
chr16	84527000	84527999	21
chr16	84528000	84528999	14
chr16	84529000	84529999	0
chr16	84530000	84530999	22
chr16	84531000	84531999	6
chr16	84532000	84532999	32
chr16	84533000	84533999	1
chr16	84534000	84534999	0
chr16	84535000	84535999	25
chr16	84536000	84536999	7
chr16	84537000	84537999	13
chr16	84538000	84538999	17
chr16	84539000	84539999	1
chr16	84540000	84540999	19
chr16	84541000	84541999	9
chr16	84542000	84542999	10
chr16	84543000	84543999	4
chr16	84544000	84544999	0
chr16	84545000	84545999	0
chr16	84546000	84546999	16
chr16	84547000	84547999	15
chr16	84548000	84548999	16
chr16	84549000	84549999	27
chr16	84550000	84550999	4
chr16	84551000	84551999	9
chr16	84552000	84552999	6
chr16	84553000	84553999	4
chr16	84554000	84554999	34
chr16	84555000	84555999	21
chr16	84556000	84556999	4
chr16	84557000	84557999	20
chr16	84558000	84558999	16
chr16	84559000	84559999	19
chr16	84560000	84560999	3
chr16	84561000	84561999	14
chr16	84562000	84562999	26
chr16	84563000	84563999	16
chr16	84564000	84564999	0
chr16	84565000	84565999	1
chr16	84566000	84566999	19
chr16	84567000	84567999	12
chr16	84568000	84568999	27
chr16	84569000	84569999	2
chr16	84570000	84570999	3
chr16	84571000	84571999	10
chr16	84572000	84572999	29
chr16	84573000	84573999	0
chr16	84574000	84574999	1
chr16	84575000	84575999	0
chr16	84576000	84576999	0
chr16	84577000	84577999	2
chr16	84578000	84578999	1
chr16	84579000	84579999	22
chr16	84580000	84580999	6
chr16	84581000	84581999	1
chr16	84582000	84582999	9
chr16	84583000	84583999	18
chr16	84584000	84584999	16
chr16	84585000	84585999	4
chr16	84586000	84586999	10
chr16	84587000	84587999	0
chr16	84588000	84588999	1
chr16	84589000	84589999	15
chr16	84590000	84590999	0
chr16	84591000	84591999	13
chr16	84592000	84592999	8
chr16	84593000	84593999	0
chr16	84594000	84594999	30
chr16	84595000	84595999	0
chr16	84596000	84596999	18
chr16	84597000	84597999	25
chr16	84598000	84598999	16
chr16	84599000	84599999	0
chr16	84600000	84600999	0
chr16	84601000	84601999	8
chr16	84602000	84602999	0
chr16	84603000	84603999	16
chr16	84604000	84604999	0
chr16	84605000	84605999	5
chr16	84606000	84606999	14
chr16	84607000	84607999	0
chr16	84608000	84608999	7
chr16	84609000	84609999	0
chr16	84610000	84610999	8
chr16	84611000	84611999	0
chr16	84612000	84612999	4
chr16	84613000	84613999	0
chr16	84614000	84614999	0
chr16	84615000	84615999	0
chr16	84616000	84616999	12
chr16	84617000	84617999	11
chr16	84618000	84618999	5
chr16	84619000	84619999	16
chr16	84620000	84620999	8
chr16	84621000	84621999	11
chr16	84622000	84622999	9
chr16	84623000	84623999	0
chr16	84624000	84624999	9
chr16	84625000	84625999	8
chr16	84626000	84626999	20
chr16	84627000	84627999	6
chr16	84628000	84628999	5
chr16	84629000	84629999	38
chr16	84630000	84630999	13
chr16	84631000	84631999	16
chr16	84632000	84632999	2
chr16	84633000	84633999	21
chr16	84634000	84634999	14
chr16	84635000	84635999	10
chr16	84636000	84636999	0
chr16	84637000	84637999	0
chr16	84638000	84638999	14
chr16	84639000	84639999	2
chr16	84640000	84640999	5
chr16	84641000	84641999	3
chr16	84642000	84642999	4
chr16	84643000	84643999	0
chr16	84644000	84644999	7
chr16	84645000	84645999	1
chr16	84646000	84646999	1
chr16	84647000	84647999	29
chr16	84648000	84648999	10
chr16	84649000	84649999	21
chr16	84650000	84650999	31
chr16	84651000	84651999	10
chr16	84652000	84652999	5
chr16	84653000	84653999	10
chr16	84654000	84654999	15
chr16	84655000	84655999	5
chr16	84656000	84656999	0
chr16	84657000	84657999	6
chr16	84658000	84658999	0
chr16	84659000	84659999	6
chr16	84660000	84660999	10
chr16	84661000	84661999	18
chr16	84662000	84662999	4
chr16	84663000	84663999	12
chr16	84664000	84664999	6
chr16	84665000	84665999	0
chr16	84666000	84666999	15
chr16	84667000	84667999	11
chr16	84668000	84668999	0
chr16	84669000	84669999	5
chr16	84670000	84670999	0
chr16	84671000	84671999	10
chr16	84672000	84672999	3
chr16	84673000	84673999	0
chr16	84674000	84674999	13
chr16	84675000	84675999	5
chr16	84676000	84676999	6
chr16	84677000	84677999	3
chr16	84678000	84678999	1
chr16	84679000	84679999	0
chr16	84680000	84680999	8
chr16	84681000	84681999	8
chr16	84682000	84682999	2
chr16	84683000	84683999	3
chr16	84684000	84684999	0
chr16	84685000	84685999	23
chr16	84686000	84686999	0
chr16	84687000	84687999	3
chr16	84688000	84688999	27
chr16	84689000	84689999	3
chr16	84690000	84690999	0
chr16	84691000	84691999	30
chr16	84692000	84692999	5
chr16	84693000	84693999	13
chr16	84694000	84694999	14
chr16	84695000	84695999	30
chr16	84696000	84696999	6
chr16	84697000	84697999	13
chr16	84698000	84698999	3
chr16	84699000	84699999	6
chr16	84700000	84700999	18
chr16	84701000	84701999	7
chr16	84702000	84702999	11
chr16	84703000	84703999	9
chr16	84704000	84704999	3
chr16	84705000	84705999	15
chr16	84706000	84706999	12
chr16	84707000	84707999	9
chr16	84708000	84708999	13
chr16	84709000	84709999	19
chr16	84710000	84710999	0
chr16	84711000	84711999	16
chr16	84712000	84712999	14
chr16	84713000	84713999	11
chr16	84714000	84714999	2
chr16	84715000	84715999	12
chr16	84716000	84716999	10
chr16	84717000	84717999	0
chr16	84718000	84718999	4
chr16	84719000	84719999	0
chr16	84720000	84720999	28
chr16	84721000	84721999	27
chr16	84722000	84722999	13
chr16	84723000	84723999	9
chr16	84724000	84724999	20
chr16	84725000	84725999	6
chr16	84726000	84726999	1
chr16	84727000	84727999	3
chr16	84728000	84728999	20
chr16	84729000	84729999	2
chr16	84730000	84730999	1
chr16	84731000	84731999	0
chr16	84732000	84732999	0
chr16	84733000	84733999	1
chr16	84734000	84734999	31
chr16	84735000	84735999	171
chr16	84736000	84736999	13
chr16	84737000	84737999	7
chr16	84738000	84738999	0
chr16	84739000	84739999	5
chr16	84740000	84740999	0
chr16	84741000	84741999	8
chr16	84742000	84742999	5
chr16	84743000	84743999	5
chr16	84744000	84744999	0
chr16	84745000	84745999	5
chr16	84746000	84746999	2
chr16	84747000	84747999	7
chr16	84748000	84748999	3
chr16	84749000	84749999	17
chr16	84750000	84750999	0
chr16	84751000	84751999	31
chr16	84752000	84752999	0
chr16	84753000	84753999	0
chr16	84754000	84754999	5
chr16	84755000	84755999	0
chr16	84756000	84756999	0
chr16	84757000	84757999	0
chr16	84758000	84758999	17
chr16	84759000	84759999	0
chr16	84760000	84760999	0
chr16	84761000	84761999	0
chr16	84762000	84762999	26
chr16	84763000	84763999	3
chr16	84764000	84764999	11
chr16	84765000	84765999	0
chr16	84766000	84766999	0
chr16	84767000	84767999	10
chr16	84768000	84768999	8
chr16	84769000	84769999	0
chr16	84770000	84770999	3
chr16	84771000	84771999	18
chr16	84772000	84772999	16
chr16	84773000	84773999	4
chr16	84774000	84774999	23
chr16	84775000	84775999	16
chr16	84776000	84776999	5
chr16	84777000	84777999	2
chr16	84778000	84778999	2
chr16	84779000	84779999	4
chr16	84780000	84780999	6
chr16	84781000	84781999	33
chr16	84782000	84782999	5
chr16	84783000	84783999	20
chr16	84784000	84784999	7
chr16	84785000	84785999	9
chr16	84786000	84786999	16
chr16	84787000	84787999	6
chr16	84788000	84788999	5
chr16	84789000	84789999	10
chr16	84790000	84790999	21
chr16	84791000	84791999	8
chr16	84792000	84792999	5
chr16	84793000	84793999	19
chr16	84794000	84794999	0
chr16	84795000	84795999	3
chr16	84796000	84796999	27
chr16	84797000	84797999	0
chr16	84798000	84798999	13
chr16	84799000	84799999	23
chr16	84800000	84800999	10
chr16	84801000	84801999	6
chr16	84802000	84802999	16
chr16	84803000	84803999	18
chr16	84804000	84804999	29
chr16	84805000	84805999	10
chr16	84806000	84806999	22
chr16	84807000	84807999	25
chr16	84808000	84808999	3
chr16	84809000	84809999	10
chr16	84810000	84810999	0
chr16	84811000	84811999	3
chr16	84812000	84812999	12
chr16	84813000	84813999	24
chr16	84814000	84814999	0
chr16	84815000	84815999	7
chr16	84816000	84816999	5
chr16	84817000	84817999	38
chr16	84818000	84818999	7
chr16	84819000	84819999	16
chr16	84820000	84820999	10
chr16	84821000	84821999	7
chr16	84822000	84822999	0
chr16	84823000	84823999	4
chr16	84824000	84824999	1
chr16	84825000	84825999	15
chr16	84826000	84826999	6
chr16	84827000	84827999	2
chr16	84828000	84828999	17
chr16	84829000	84829999	7
chr16	84830000	84830999	33
chr16	84831000	84831999	14
chr16	84832000	84832999	3
chr16	84833000	84833999	9
chr16	84834000	84834999	136
chr16	84835000	84835999	115
chr16	84836000	84836999	30
chr16	84837000	84837999	6
chr16	84838000	84838999	17
chr16	84839000	84839999	4
chr16	84840000	84840999	0
chr16	84841000	84841999	0
chr16	84842000	84842999	6
chr16	84843000	84843999	4
chr16	84844000	84844999	12
chr16	84845000	84845999	4
chr16	84846000	84846999	5
chr16	84847000	84847999	21
chr16	84848000	84848999	1
chr16	84849000	84849999	6
chr16	84850000	84850999	24
chr16	84851000	84851999	11
chr16	84852000	84852999	8
chr16	84853000	84853999	5
chr16	84854000	84854999	0
chr16	84855000	84855999	18
chr16	84856000	84856999	17
chr16	84857000	84857999	5
chr16	84858000	84858999	14
chr16	84859000	84859999	2
chr16	84860000	84860999	12
chr16	84861000	84861999	4
chr16	84862000	84862999	9
chr16	84863000	84863999	5
chr16	84864000	84864999	28
chr16	84865000	84865999	5
chr16	84866000	84866999	7
chr16	84867000	84867999	6
chr16	84868000	84868999	11
chr16	84869000	84869999	11
chr16	84870000	84870999	8
chr16	84871000	84871999	23
chr16	84872000	84872999	35
chr16	84873000	84873999	21
chr16	84874000	84874999	17
chr16	84875000	84875999	11
chr16	84876000	84876999	29
chr16	84877000	84877999	37
chr16	84878000	84878999	55
chr16	84879000	84879999	28
chr16	84880000	84880999	2
chr16	84881000	84881999	10
chr16	84882000	84882999	0
chr16	84883000	84883999	6
chr16	84884000	84884999	10
chr16	84885000	84885999	4
chr16	84886000	84886999	0
chr16	84887000	84887999	4
chr16	84888000	84888999	12
chr16	84889000	84889999	21
chr16	84890000	84890999	12
chr16	84891000	84891999	2
chr16	84892000	84892999	0
chr16	84893000	84893999	10
chr16	84894000	84894999	12
chr16	84895000	84895999	9
chr16	84896000	84896999	17
chr16	84897000	84897999	4
chr16	84898000	84898999	11
chr16	84899000	84899999	1
chr16	84900000	84900999	7
chr16	84901000	84901999	3
chr16	84902000	84902999	18
chr16	84903000	84903999	28
chr16	84904000	84904999	0
chr16	84905000	84905999	20
chr16	84906000	84906999	16
chr16	84907000	84907999	14
chr16	84908000	84908999	3
chr16	84909000	84909999	11
chr16	84910000	84910999	0
chr16	84911000	84911999	11
chr16	84912000	84912999	4
chr16	84913000	84913999	3
chr16	84914000	84914999	14
chr16	84915000	84915999	14
chr16	84916000	84916999	37
chr16	84917000	84917999	17
chr16	84918000	84918999	0
chr16	84919000	84919999	2
chr16	84920000	84920999	34
chr16	84921000	84921999	2
chr16	84922000	84922999	8
chr16	84923000	84923999	15
chr16	84924000	84924999	0
chr16	84925000	84925999	20
chr16	84926000	84926999	12
chr16	84927000	84927999	4
chr16	84928000	84928999	8
chr16	84929000	84929999	3
chr16	84930000	84930999	3
chr16	84931000	84931999	0
chr16	84932000	84932999	0
chr16	84933000	84933999	24
chr16	84934000	84934999	4
chr16	84935000	84935999	6
chr16	84936000	84936999	0
chr16	84937000	84937999	0
chr16	84938000	84938999	0
chr16	84939000	84939999	0
chr16	84940000	84940999	0
chr16	84941000	84941999	0
chr16	84942000	84942999	0
chr16	84943000	84943999	5
chr16	84944000	84944999	10
chr16	84945000	84945999	8
chr16	84946000	84946999	25
chr16	84947000	84947999	39
chr16	84948000	84948999	32
chr16	84949000	84949999	10
chr16	84950000	84950999	6
chr16	84951000	84951999	14
chr16	84952000	84952999	4
chr16	84953000	84953999	12
chr16	84954000	84954999	16
chr16	84955000	84955999	14
chr16	84956000	84956999	15
chr16	84957000	84957999	16
chr16	84958000	84958999	8
chr16	84959000	84959999	25
chr16	84960000	84960999	12
chr16	84961000	84961999	0
chr16	84962000	84962999	10
chr16	84963000	84963999	30
chr16	84964000	84964999	1
chr16	84965000	84965999	1
chr16	84966000	84966999	6
chr16	84967000	84967999	22
chr16	84968000	84968999	0
chr16	84969000	84969999	22
chr16	84970000	84970999	9
chr16	84971000	84971999	13
chr16	84972000	84972999	51
chr16	84973000	84973999	17
chr16	84974000	84974999	0
chr16	84975000	84975999	0
chr16	84976000	84976999	1
chr16	84977000	84977999	0
chr16	84978000	84978999	12
chr16	84979000	84979999	9
chr16	84980000	84980999	3
chr16	84981000	84981999	18
chr16	84982000	84982999	16
chr16	84983000	84983999	18
chr16	84984000	84984999	0
chr16	84985000	84985999	28
chr16	84986000	84986999	16
chr16	84987000	84987999	1
chr16	84988000	84988999	8
chr16	84989000	84989999	12
chr16	84990000	84990999	9
chr16	84991000	84991999	3
chr16	84992000	84992999	20
chr16	84993000	84993999	13
chr16	84994000	84994999	0
chr16	84995000	84995999	10
chr16	84996000	84996999	15
chr16	84997000	84997999	8
chr16	84998000	84998999	14
chr16	84999000	84999999	8
chr16	85000000	85000999	3
chr16	85001000	85001999	2
chr16	85002000	85002999	0
chr16	85003000	85003999	0
chr16	85004000	85004999	24
chr16	85005000	85005999	7
chr16	85006000	85006999	27
chr16	85007000	85007999	0
chr16	85008000	85008999	6
chr16	85009000	85009999	1
chr16	85010000	85010999	20
chr16	85011000	85011999	0
chr16	85012000	85012999	11
chr16	85013000	85013999	10
chr16	85014000	85014999	17
chr16	85015000	85015999	13
chr16	85016000	85016999	2
chr16	85017000	85017999	4
chr16	85018000	85018999	8
chr16	85019000	85019999	0
chr16	85020000	85020999	6
chr16	85021000	85021999	8
chr16	85022000	85022999	0
chr16	85023000	85023999	6
chr16	85024000	85024999	5
chr16	85025000	85025999	4
chr16	85026000	85026999	0
chr16	85027000	85027999	12
chr16	85028000	85028999	6
chr16	85029000	85029999	37
chr16	85030000	85030999	5
chr16	85031000	85031999	0
chr16	85032000	85032999	0
chr16	85033000	85033999	0
chr16	85034000	85034999	15
chr16	85035000	85035999	10
chr16	85036000	85036999	5
chr16	85037000	85037999	6
chr16	85038000	85038999	8
chr16	85039000	85039999	0
chr16	85040000	85040999	16
chr16	85041000	85041999	10
chr16	85042000	85042999	8
chr16	85043000	85043999	15
chr16	85044000	85044999	6
chr16	85045000	85045999	7
chr16	85046000	85046999	17
chr16	85047000	85047999	0
chr16	85048000	85048999	11
chr16	85049000	85049999	7
chr16	85050000	85050999	2
chr16	85051000	85051999	12
chr16	85052000	85052999	1
chr16	85053000	85053999	14
chr16	85054000	85054999	0
chr16	85055000	85055999	5
chr16	85056000	85056999	7
chr16	85057000	85057999	3
chr16	85058000	85058999	7
chr16	85059000	85059999	6
chr16	85060000	85060999	6
chr16	85061000	85061999	1
chr16	85062000	85062999	10
chr16	85063000	85063999	8
chr16	85064000	85064999	6
chr16	85065000	85065999	18
chr16	85066000	85066999	4
chr16	85067000	85067999	21
chr16	85068000	85068999	13
chr16	85069000	85069999	20
chr16	85070000	85070999	18
chr16	85071000	85071999	30
chr16	85072000	85072999	32
chr16	85073000	85073999	0
chr16	85074000	85074999	25
chr16	85075000	85075999	7
chr16	85076000	85076999	19
chr16	85077000	85077999	9
chr16	85078000	85078999	19
chr16	85079000	85079999	0
chr16	85080000	85080999	14
chr16	85081000	85081999	26
chr16	85082000	85082999	26
chr16	85083000	85083999	2
chr16	85084000	85084999	3
chr16	85085000	85085999	3
chr16	85086000	85086999	13
chr16	85087000	85087999	9
chr16	85088000	85088999	0
chr16	85089000	85089999	28
chr16	85090000	85090999	2
chr16	85091000	85091999	12
chr16	85092000	85092999	0
chr16	85093000	85093999	9
chr16	85094000	85094999	5
chr16	85095000	85095999	5
chr16	85096000	85096999	0
chr16	85097000	85097999	29
chr16	85098000	85098999	25
chr16	85099000	85099999	9
chr16	85100000	85100999	27
chr16	85101000	85101999	26
chr16	85102000	85102999	13
chr16	85103000	85103999	104
chr16	85104000	85104999	9
chr16	85105000	85105999	0
chr16	85106000	85106999	2
chr16	85107000	85107999	18
chr16	85108000	85108999	3
chr16	85109000	85109999	1
chr16	85110000	85110999	5
chr16	85111000	85111999	0
chr16	85112000	85112999	4
chr16	85113000	85113999	13
chr16	85114000	85114999	7
chr16	85115000	85115999	6
chr16	85116000	85116999	11
chr16	85117000	85117999	10
chr16	85118000	85118999	2
chr16	85119000	85119999	14
chr16	85120000	85120999	0
chr16	85121000	85121999	9
chr16	85122000	85122999	3
chr16	85123000	85123999	0
chr16	85124000	85124999	4
chr16	85125000	85125999	5
chr16	85126000	85126999	0
chr16	85127000	85127999	8
chr16	85128000	85128999	12
chr16	85129000	85129999	12
chr16	85130000	85130999	0
chr16	85131000	85131999	47
chr16	85132000	85132999	19
chr16	85133000	85133999	80
chr16	85134000	85134999	19
chr16	85135000	85135999	12
chr16	85136000	85136999	4
chr16	85137000	85137999	33
chr16	85138000	85138999	14
chr16	85139000	85139999	24
chr16	85140000	85140999	10
chr16	85141000	85141999	11
chr16	85142000	85142999	10
chr16	85143000	85143999	6
chr16	85144000	85144999	21
chr16	85145000	85145999	24
chr16	85146000	85146999	5
chr16	85147000	85147999	10
chr16	85148000	85148999	17
chr16	85149000	85149999	11
chr16	85150000	85150999	0
chr16	85151000	85151999	26
chr16	85152000	85152999	19
chr16	85153000	85153999	11
chr16	85154000	85154999	16
chr16	85155000	85155999	26
chr16	85156000	85156999	17
chr16	85157000	85157999	7
chr16	85158000	85158999	39
chr16	85159000	85159999	0
chr16	85160000	85160999	9
chr16	85161000	85161999	0
chr16	85162000	85162999	4
chr16	85163000	85163999	0
chr16	85164000	85164999	10
chr16	85165000	85165999	18
chr16	85166000	85166999	14
chr16	85167000	85167999	4
chr16	85168000	85168999	4
chr16	85169000	85169999	4
chr16	85170000	85170999	6
chr16	85171000	85171999	2
chr16	85172000	85172999	30
chr16	85173000	85173999	87
chr16	85174000	85174999	54
chr16	85175000	85175999	0
chr16	85176000	85176999	15
chr16	85177000	85177999	19
chr16	85178000	85178999	0
chr16	85179000	85179999	12
chr16	85180000	85180999	2
chr16	85181000	85181999	7
chr16	85182000	85182999	0
chr16	85183000	85183999	5
chr16	85184000	85184999	0
chr16	85185000	85185999	22
chr16	85186000	85186999	3
chr16	85187000	85187999	0
chr16	85188000	85188999	0
chr16	85189000	85189999	13
chr16	85190000	85190999	0
chr16	85191000	85191999	5
chr16	85192000	85192999	9
chr16	85193000	85193999	1
chr16	85194000	85194999	0
chr16	85195000	85195999	8
chr16	85196000	85196999	9
chr16	85197000	85197999	0
chr16	85198000	85198999	5
chr16	85199000	85199999	14
chr16	85200000	85200999	36
chr16	85201000	85201999	0
chr16	85202000	85202999	5
chr16	85203000	85203999	5
chr16	85204000	85204999	0
chr16	85205000	85205999	19
chr16	85206000	85206999	0
chr16	85207000	85207999	22
chr16	85208000	85208999	0
chr16	85209000	85209999	14
chr16	85210000	85210999	8
chr16	85211000	85211999	40
chr16	85212000	85212999	9
chr16	85213000	85213999	15
chr16	85214000	85214999	8
chr16	85215000	85215999	20
chr16	85216000	85216999	4
chr16	85217000	85217999	10
chr16	85218000	85218999	8
chr16	85219000	85219999	19
chr16	85220000	85220999	8
chr16	85221000	85221999	11
chr16	85222000	85222999	11
chr16	85223000	85223999	0
chr16	85224000	85224999	0
chr16	85225000	85225999	6
chr16	85226000	85226999	0
chr16	85227000	85227999	0
chr16	85228000	85228999	2
chr16	85229000	85229999	2
chr16	85230000	85230999	0
chr16	85231000	85231999	6
chr16	85232000	85232999	25
chr16	85233000	85233999	3
chr16	85234000	85234999	0
chr16	85235000	85235999	0
chr16	85236000	85236999	0
chr16	85237000	85237999	0
chr16	85238000	85238999	0
chr16	85239000	85239999	0
chr16	85240000	85240999	0
chr16	85241000	85241999	0
chr16	85242000	85242999	0
chr16	85243000	85243999	0
chr16	85244000	85244999	0
chr16	85245000	85245999	0
chr16	85246000	85246999	0
chr16	85247000	85247999	3
chr16	85248000	85248999	17
chr16	85249000	85249999	25
chr16	85250000	85250999	20
chr16	85251000	85251999	0
chr16	85252000	85252999	3
chr16	85253000	85253999	17
chr16	85254000	85254999	8
chr16	85255000	85255999	14
chr16	85256000	85256999	9
chr16	85257000	85257999	10
chr16	85258000	85258999	15
chr16	85259000	85259999	0
chr16	85260000	85260999	0
chr16	85261000	85261999	15
chr16	85262000	85262999	8
chr16	85263000	85263999	0
chr16	85264000	85264999	10
chr16	85265000	85265999	0
chr16	85266000	85266999	6
chr16	85267000	85267999	18
chr16	85268000	85268999	27
chr16	85269000	85269999	12
chr16	85270000	85270999	0
chr16	85271000	85271999	7
chr16	85272000	85272999	19
chr16	85273000	85273999	7
chr16	85274000	85274999	8
chr16	85275000	85275999	6
chr16	85276000	85276999	11
chr16	85277000	85277999	5
chr16	85278000	85278999	11
chr16	85279000	85279999	4
chr16	85280000	85280999	19
chr16	85281000	85281999	21
chr16	85282000	85282999	9
chr16	85283000	85283999	7
chr16	85284000	85284999	9
chr16	85285000	85285999	41
chr16	85286000	85286999	11
chr16	85287000	85287999	3
chr16	85288000	85288999	23
chr16	85289000	85289999	0
chr16	85290000	85290999	12
chr16	85291000	85291999	28
chr16	85292000	85292999	0
chr16	85293000	85293999	6
chr16	85294000	85294999	6
chr16	85295000	85295999	22
chr16	85296000	85296999	16
chr16	85297000	85297999	6
chr16	85298000	85298999	9
chr16	85299000	85299999	11
chr16	85300000	85300999	17
chr16	85301000	85301999	0
chr16	85302000	85302999	5
chr16	85303000	85303999	12
chr16	85304000	85304999	35
chr16	85305000	85305999	17
chr16	85306000	85306999	4
chr16	85307000	85307999	8
chr16	85308000	85308999	0
chr16	85309000	85309999	4
chr16	85310000	85310999	6
chr16	85311000	85311999	0
chr16	85312000	85312999	20
chr16	85313000	85313999	10
chr16	85314000	85314999	11
chr16	85315000	85315999	0
chr16	85316000	85316999	0
chr16	85317000	85317999	2
chr16	85318000	85318999	1
chr16	85319000	85319999	22
chr16	85320000	85320999	14
chr16	85321000	85321999	0
chr16	85322000	85322999	7
chr16	85323000	85323999	5
chr16	85324000	85324999	1
chr16	85325000	85325999	0
chr16	85326000	85326999	8
chr16	85327000	85327999	0
chr16	85328000	85328999	7
chr16	85329000	85329999	3
chr16	85330000	85330999	11
chr16	85331000	85331999	0
chr16	85332000	85332999	12
chr16	85333000	85333999	13
chr16	85334000	85334999	13
chr16	85335000	85335999	11
chr16	85336000	85336999	18
chr16	85337000	85337999	31
chr16	85338000	85338999	3
chr16	85339000	85339999	6
chr16	85340000	85340999	9
chr16	85341000	85341999	12
chr16	85342000	85342999	16
chr16	85343000	85343999	33
chr16	85344000	85344999	0
chr16	85345000	85345999	2
chr16	85346000	85346999	6
chr16	85347000	85347999	9
chr16	85348000	85348999	11
chr16	85349000	85349999	22
chr16	85350000	85350999	0
chr16	85351000	85351999	0
chr16	85352000	85352999	5
chr16	85353000	85353999	5
chr16	85354000	85354999	26
chr16	85355000	85355999	8
chr16	85356000	85356999	20
chr16	85357000	85357999	6
chr16	85358000	85358999	12
chr16	85359000	85359999	5
chr16	85360000	85360999	0
chr16	85361000	85361999	4
chr16	85362000	85362999	45
chr16	85363000	85363999	6
chr16	85364000	85364999	12
chr16	85365000	85365999	11
chr16	85366000	85366999	0
chr16	85367000	85367999	8
chr16	85368000	85368999	2
chr16	85369000	85369999	0
chr16	85370000	85370999	8
chr16	85371000	85371999	0
chr16	85372000	85372999	7
chr16	85373000	85373999	0
chr16	85374000	85374999	1
chr16	85375000	85375999	35
chr16	85376000	85376999	0
chr16	85377000	85377999	19
chr16	85378000	85378999	17
chr16	85379000	85379999	36
chr16	85380000	85380999	12
chr16	85381000	85381999	0
chr16	85382000	85382999	13
chr16	85383000	85383999	8
chr16	85384000	85384999	12
chr16	85385000	85385999	27
chr16	85386000	85386999	11
chr16	85387000	85387999	5
chr16	85388000	85388999	13
chr16	85389000	85389999	4
chr16	85390000	85390999	23
chr16	85391000	85391999	2
chr16	85392000	85392999	13
chr16	85393000	85393999	21
chr16	85394000	85394999	18
chr16	85395000	85395999	1
chr16	85396000	85396999	21
chr16	85397000	85397999	27
chr16	85398000	85398999	0
chr16	85399000	85399999	28
chr16	85400000	85400999	6
chr16	85401000	85401999	8
chr16	85402000	85402999	7
chr16	85403000	85403999	9
chr16	85404000	85404999	2
chr16	85405000	85405999	13
chr16	85406000	85406999	6
chr16	85407000	85407999	30
chr16	85408000	85408999	20
chr16	85409000	85409999	0
chr16	85410000	85410999	1
chr16	85411000	85411999	13
chr16	85412000	85412999	6
chr16	85413000	85413999	2
chr16	85414000	85414999	2
chr16	85415000	85415999	0
chr16	85416000	85416999	2
chr16	85417000	85417999	15
chr16	85418000	85418999	11
chr16	85419000	85419999	0
chr16	85420000	85420999	14
chr16	85421000	85421999	5
chr16	85422000	85422999	14
chr16	85423000	85423999	13
chr16	85424000	85424999	12
chr16	85425000	85425999	19
chr16	85426000	85426999	0
chr16	85427000	85427999	6
chr16	85428000	85428999	28
chr16	85429000	85429999	15
chr16	85430000	85430999	1
chr16	85431000	85431999	21
chr16	85432000	85432999	6
chr16	85433000	85433999	13
chr16	85434000	85434999	10
chr16	85435000	85435999	8
chr16	85436000	85436999	3
chr16	85437000	85437999	0
chr16	85438000	85438999	10
chr16	85439000	85439999	11
chr16	85440000	85440999	5
chr16	85441000	85441999	8
chr16	85442000	85442999	0
chr16	85443000	85443999	17
chr16	85444000	85444999	3
chr16	85445000	85445999	0
chr16	85446000	85446999	32
chr16	85447000	85447999	6
chr16	85448000	85448999	0
chr16	85449000	85449999	0
chr16	85450000	85450999	0
chr16	85451000	85451999	0
chr16	85452000	85452999	0
chr16	85453000	85453999	0
chr16	85454000	85454999	0
chr16	85455000	85455999	4
chr16	85456000	85456999	0
chr16	85457000	85457999	6
chr16	85458000	85458999	25
chr16	85459000	85459999	11
chr16	85460000	85460999	15
chr16	85461000	85461999	1
chr16	85462000	85462999	14
chr16	85463000	85463999	10
chr16	85464000	85464999	3
chr16	85465000	85465999	9
chr16	85466000	85466999	23
chr16	85467000	85467999	2
chr16	85468000	85468999	5
chr16	85469000	85469999	1
chr16	85470000	85470999	0
chr16	85471000	85471999	25
chr16	85472000	85472999	2
chr16	85473000	85473999	2
chr16	85474000	85474999	3
chr16	85475000	85475999	16
chr16	85476000	85476999	8
chr16	85477000	85477999	8
chr16	85478000	85478999	15
chr16	85479000	85479999	0
chr16	85480000	85480999	14
chr16	85481000	85481999	18
chr16	85482000	85482999	2
chr16	85483000	85483999	12
chr16	85484000	85484999	16
chr16	85485000	85485999	12
chr16	85486000	85486999	6
chr16	85487000	85487999	17
chr16	85488000	85488999	0
chr16	85489000	85489999	14
chr16	85490000	85490999	0
chr16	85491000	85491999	10
chr16	85492000	85492999	32
chr16	85493000	85493999	25
chr16	85494000	85494999	14
chr16	85495000	85495999	6
chr16	85496000	85496999	14
chr16	85497000	85497999	17
chr16	85498000	85498999	9
chr16	85499000	85499999	5
chr16	85500000	85500999	19
chr16	85501000	85501999	5
chr16	85502000	85502999	10
chr16	85503000	85503999	3
chr16	85504000	85504999	19
chr16	85505000	85505999	0
chr16	85506000	85506999	7
chr16	85507000	85507999	1
chr16	85508000	85508999	4
chr16	85509000	85509999	23
chr16	85510000	85510999	0
chr16	85511000	85511999	10
chr16	85512000	85512999	7
chr16	85513000	85513999	17
chr16	85514000	85514999	7
chr16	85515000	85515999	12
chr16	85516000	85516999	3
chr16	85517000	85517999	5
chr16	85518000	85518999	2
chr16	85519000	85519999	22
chr16	85520000	85520999	26
chr16	85521000	85521999	27
chr16	85522000	85522999	0
chr16	85523000	85523999	3
chr16	85524000	85524999	3
chr16	85525000	85525999	12
chr16	85526000	85526999	14
chr16	85527000	85527999	5
chr16	85528000	85528999	27
chr16	85529000	85529999	14
chr16	85530000	85530999	0
chr16	85531000	85531999	0
chr16	85532000	85532999	0
chr16	85533000	85533999	0
chr16	85534000	85534999	0
chr16	85535000	85535999	14
chr16	85536000	85536999	11
chr16	85537000	85537999	0
chr16	85538000	85538999	5
chr16	85539000	85539999	2
chr16	85540000	85540999	9
chr16	85541000	85541999	2
chr16	85542000	85542999	11
chr16	85543000	85543999	12
chr16	85544000	85544999	19
chr16	85545000	85545999	5
chr16	85546000	85546999	6
chr16	85547000	85547999	8
chr16	85548000	85548999	1
chr16	85549000	85549999	23
chr16	85550000	85550999	6
chr16	85551000	85551999	10
chr16	85552000	85552999	0
chr16	85553000	85553999	2
chr16	85554000	85554999	5
chr16	85555000	85555999	10
chr16	85556000	85556999	9
chr16	85557000	85557999	14
chr16	85558000	85558999	20
chr16	85559000	85559999	26
chr16	85560000	85560999	1
chr16	85561000	85561999	8
chr16	85562000	85562999	1
chr16	85563000	85563999	8
chr16	85564000	85564999	0
chr16	85565000	85565999	5
chr16	85566000	85566999	4
chr16	85567000	85567999	0
chr16	85568000	85568999	16
chr16	85569000	85569999	17
chr16	85570000	85570999	12
chr16	85571000	85571999	9
chr16	85572000	85572999	2
chr16	85573000	85573999	3
chr16	85574000	85574999	0
chr16	85575000	85575999	12
chr16	85576000	85576999	15
chr16	85577000	85577999	6
chr16	85578000	85578999	17
chr16	85579000	85579999	3
chr16	85580000	85580999	25
chr16	85581000	85581999	14
chr16	85582000	85582999	5
chr16	85583000	85583999	0
chr16	85584000	85584999	0
chr16	85585000	85585999	1
chr16	85586000	85586999	25
chr16	85587000	85587999	20
chr16	85588000	85588999	0
chr16	85589000	85589999	28
chr16	85590000	85590999	20
chr16	85591000	85591999	4
chr16	85592000	85592999	8
chr16	85593000	85593999	12
chr16	85594000	85594999	14
chr16	85595000	85595999	0
chr16	85596000	85596999	3
chr16	85597000	85597999	20
chr16	85598000	85598999	20
chr16	85599000	85599999	4
chr16	85600000	85600999	3
chr16	85601000	85601999	0
chr16	85602000	85602999	3
chr16	85603000	85603999	19
chr16	85604000	85604999	6
chr16	85605000	85605999	6
chr16	85606000	85606999	15
chr16	85607000	85607999	2
chr16	85608000	85608999	7
chr16	85609000	85609999	9
chr16	85610000	85610999	0
chr16	85611000	85611999	10
chr16	85612000	85612999	0
chr16	85613000	85613999	17
chr16	85614000	85614999	6
chr16	85615000	85615999	15
chr16	85616000	85616999	0
chr16	85617000	85617999	0
chr16	85618000	85618999	13
chr16	85619000	85619999	0
chr16	85620000	85620999	13
chr16	85621000	85621999	0
chr16	85622000	85622999	6
chr16	85623000	85623999	6
chr16	85624000	85624999	8
chr16	85625000	85625999	6
chr16	85626000	85626999	30
chr16	85627000	85627999	6
chr16	85628000	85628999	9
chr16	85629000	85629999	0
chr16	85630000	85630999	10
chr16	85631000	85631999	0
chr16	85632000	85632999	4
chr16	85633000	85633999	0
chr16	85634000	85634999	16
chr16	85635000	85635999	0
chr16	85636000	85636999	21
chr16	85637000	85637999	14
chr16	85638000	85638999	20
chr16	85639000	85639999	12
chr16	85640000	85640999	5
chr16	85641000	85641999	11
chr16	85642000	85642999	0
chr16	85643000	85643999	4
chr16	85644000	85644999	0
chr16	85645000	85645999	13
chr16	85646000	85646999	0
chr16	85647000	85647999	2
chr16	85648000	85648999	0
chr16	85649000	85649999	17
chr16	85650000	85650999	0
chr16	85651000	85651999	16
chr16	85652000	85652999	8
chr16	85653000	85653999	7
chr16	85654000	85654999	13
chr16	85655000	85655999	18
chr16	85656000	85656999	15
chr16	85657000	85657999	0
chr16	85658000	85658999	13
chr16	85659000	85659999	9
chr16	85660000	85660999	18
chr16	85661000	85661999	0
chr16	85662000	85662999	5
chr16	85663000	85663999	3
chr16	85664000	85664999	11
chr16	85665000	85665999	11
chr16	85666000	85666999	0
chr16	85667000	85667999	4
chr16	85668000	85668999	17
chr16	85669000	85669999	27
chr16	85670000	85670999	0
chr16	85671000	85671999	5
chr16	85672000	85672999	0
chr16	85673000	85673999	18
chr16	85674000	85674999	22
chr16	85675000	85675999	13
chr16	85676000	85676999	32
chr16	85677000	85677999	8
chr16	85678000	85678999	4
chr16	85679000	85679999	7
chr16	85680000	85680999	0
chr16	85681000	85681999	6
chr16	85682000	85682999	30
chr16	85683000	85683999	4
chr16	85684000	85684999	0
chr16	85685000	85685999	4
chr16	85686000	85686999	8
chr16	85687000	85687999	2
chr16	85688000	85688999	11
chr16	85689000	85689999	9
chr16	85690000	85690999	9
chr16	85691000	85691999	18
chr16	85692000	85692999	0
chr16	85693000	85693999	28
chr16	85694000	85694999	6
chr16	85695000	85695999	0
chr16	85696000	85696999	0
chr16	85697000	85697999	3
chr16	85698000	85698999	0
chr16	85699000	85699999	18
chr16	85700000	85700999	5
chr16	85701000	85701999	19
chr16	85702000	85702999	29
chr16	85703000	85703999	10
chr16	85704000	85704999	9
chr16	85705000	85705999	48
chr16	85706000	85706999	9
chr16	85707000	85707999	2
chr16	85708000	85708999	33
chr16	85709000	85709999	6
chr16	85710000	85710999	35
chr16	85711000	85711999	7
chr16	85712000	85712999	6
chr16	85713000	85713999	0
chr16	85714000	85714999	0
chr16	85715000	85715999	0
chr16	85716000	85716999	0
chr16	85717000	85717999	0
chr16	85718000	85718999	0
chr16	85719000	85719999	0
chr16	85720000	85720999	3
chr16	85721000	85721999	2
chr16	85722000	85722999	11
chr16	85723000	85723999	19
chr16	85724000	85724999	7
chr16	85725000	85725999	7
chr16	85726000	85726999	27
chr16	85727000	85727999	30
chr16	85728000	85728999	4
chr16	85729000	85729999	0
chr16	85730000	85730999	6
chr16	85731000	85731999	34
chr16	85732000	85732999	13
chr16	85733000	85733999	8
chr16	85734000	85734999	16
chr16	85735000	85735999	15
chr16	85736000	85736999	31
chr16	85737000	85737999	5
chr16	85738000	85738999	0
chr16	85739000	85739999	4
chr16	85740000	85740999	13
chr16	85741000	85741999	8
chr16	85742000	85742999	15
chr16	85743000	85743999	0
chr16	85744000	85744999	12
chr16	85745000	85745999	21
chr16	85746000	85746999	5
chr16	85747000	85747999	10
chr16	85748000	85748999	9
chr16	85749000	85749999	2
chr16	85750000	85750999	11
chr16	85751000	85751999	15
chr16	85752000	85752999	23
chr16	85753000	85753999	10
chr16	85754000	85754999	22
chr16	85755000	85755999	4
chr16	85756000	85756999	13
chr16	85757000	85757999	3
chr16	85758000	85758999	15
chr16	85759000	85759999	13
chr16	85760000	85760999	0
chr16	85761000	85761999	5
chr16	85762000	85762999	9
chr16	85763000	85763999	3
chr16	85764000	85764999	1
chr16	85765000	85765999	0
chr16	85766000	85766999	0
chr16	85767000	85767999	4
chr16	85768000	85768999	15
chr16	85769000	85769999	8
chr16	85770000	85770999	0
chr16	85771000	85771999	7
chr16	85772000	85772999	2
chr16	85773000	85773999	1
chr16	85774000	85774999	15
chr16	85775000	85775999	1
chr16	85776000	85776999	23
chr16	85777000	85777999	5
chr16	85778000	85778999	16
chr16	85779000	85779999	7
chr16	85780000	85780999	8
chr16	85781000	85781999	7
chr16	85782000	85782999	0
chr16	85783000	85783999	0
chr16	85784000	85784999	0
chr16	85785000	85785999	7
chr16	85786000	85786999	5
chr16	85787000	85787999	8
chr16	85788000	85788999	0
chr16	85789000	85789999	3
chr16	85790000	85790999	2
chr16	85791000	85791999	23
chr16	85792000	85792999	5
chr16	85793000	85793999	0
chr16	85794000	85794999	6
chr16	85795000	85795999	14
chr16	85796000	85796999	4
chr16	85797000	85797999	0
chr16	85798000	85798999	5
chr16	85799000	85799999	23
chr16	85800000	85800999	59
chr16	85801000	85801999	73
chr16	85802000	85802999	34
chr16	85803000	85803999	23
chr16	85804000	85804999	27
chr16	85805000	85805999	24
chr16	85806000	85806999	7
chr16	85807000	85807999	24
chr16	85808000	85808999	21
chr16	85809000	85809999	6
chr16	85810000	85810999	18
chr16	85811000	85811999	8
chr16	85812000	85812999	13
chr16	85813000	85813999	10
chr16	85814000	85814999	11
chr16	85815000	85815999	2
chr16	85816000	85816999	8
chr16	85817000	85817999	4
chr16	85818000	85818999	22
chr16	85819000	85819999	7
chr16	85820000	85820999	8
chr16	85821000	85821999	5
chr16	85822000	85822999	0
chr16	85823000	85823999	0
chr16	85824000	85824999	5
chr16	85825000	85825999	0
chr16	85826000	85826999	3
chr16	85827000	85827999	16
chr16	85828000	85828999	7
chr16	85829000	85829999	13
chr16	85830000	85830999	0
chr16	85831000	85831999	3
chr16	85832000	85832999	0
chr16	85833000	85833999	0
chr16	85834000	85834999	6
chr16	85835000	85835999	26
chr16	85836000	85836999	1
chr16	85837000	85837999	39
chr16	85838000	85838999	0
chr16	85839000	85839999	7
chr16	85840000	85840999	13
chr16	85841000	85841999	24
chr16	85842000	85842999	37
chr16	85843000	85843999	1
chr16	85844000	85844999	10
chr16	85845000	85845999	12
chr16	85846000	85846999	2
chr16	85847000	85847999	17
chr16	85848000	85848999	15
chr16	85849000	85849999	5
chr16	85850000	85850999	0
chr16	85851000	85851999	5
chr16	85852000	85852999	1
chr16	85853000	85853999	0
chr16	85854000	85854999	13
chr16	85855000	85855999	20
chr16	85856000	85856999	8
chr16	85857000	85857999	6
chr16	85858000	85858999	4
chr16	85859000	85859999	0
chr16	85860000	85860999	0
chr16	85861000	85861999	5
chr16	85862000	85862999	4
chr16	85863000	85863999	12
chr16	85864000	85864999	10
chr16	85865000	85865999	10
chr16	85866000	85866999	13
chr16	85867000	85867999	5
chr16	85868000	85868999	9
chr16	85869000	85869999	8
chr16	85870000	85870999	4
chr16	85871000	85871999	10
chr16	85872000	85872999	5
chr16	85873000	85873999	0
chr16	85874000	85874999	37
chr16	85875000	85875999	11
chr16	85876000	85876999	0
chr16	85877000	85877999	0
chr16	85878000	85878999	2
chr16	85879000	85879999	29
chr16	85880000	85880999	15
chr16	85881000	85881999	0
chr16	85882000	85882999	1
chr16	85883000	85883999	3
chr16	85884000	85884999	0
chr16	85885000	85885999	0
chr16	85886000	85886999	13
chr16	85887000	85887999	7
chr16	85888000	85888999	34
chr16	85889000	85889999	9
chr16	85890000	85890999	1
chr16	85891000	85891999	7
chr16	85892000	85892999	4
chr16	85893000	85893999	0
chr16	85894000	85894999	13
chr16	85895000	85895999	7
chr16	85896000	85896999	23
chr16	85897000	85897999	29
chr16	85898000	85898999	35
chr16	85899000	85899999	67
chr16	85900000	85900999	48
chr16	85901000	85901999	75
chr16	85902000	85902999	13
chr16	85903000	85903999	10
chr16	85904000	85904999	9
chr16	85905000	85905999	6
chr16	85906000	85906999	0
chr16	85907000	85907999	30
chr16	85908000	85908999	0
chr16	85909000	85909999	6
chr16	85910000	85910999	6
chr16	85911000	85911999	15
chr16	85912000	85912999	4
chr16	85913000	85913999	2
chr16	85914000	85914999	7
chr16	85915000	85915999	10
chr16	85916000	85916999	0
chr16	85917000	85917999	0
chr16	85918000	85918999	5
chr16	85919000	85919999	6
chr16	85920000	85920999	20
chr16	85921000	85921999	6
chr16	85922000	85922999	0
chr16	85923000	85923999	4
chr16	85924000	85924999	12
chr16	85925000	85925999	0
chr16	85926000	85926999	6
chr16	85927000	85927999	0
chr16	85928000	85928999	0
chr16	85929000	85929999	20
chr16	85930000	85930999	12
chr16	85931000	85931999	18
chr16	85932000	85932999	9
chr16	85933000	85933999	11
chr16	85934000	85934999	6
chr16	85935000	85935999	12
chr16	85936000	85936999	26
chr16	85937000	85937999	22
chr16	85938000	85938999	27
chr16	85939000	85939999	11
chr16	85940000	85940999	8
chr16	85941000	85941999	29
chr16	85942000	85942999	6
chr16	85943000	85943999	21
chr16	85944000	85944999	6
chr16	85945000	85945999	14
chr16	85946000	85946999	6
chr16	85947000	85947999	48
chr16	85948000	85948999	5
chr16	85949000	85949999	0
chr16	85950000	85950999	20
chr16	85951000	85951999	6
chr16	85952000	85952999	10
chr16	85953000	85953999	12
chr16	85954000	85954999	10
chr16	85955000	85955999	0
chr16	85956000	85956999	12
chr16	85957000	85957999	13
chr16	85958000	85958999	3
chr16	85959000	85959999	14
chr16	85960000	85960999	24
chr16	85961000	85961999	3
chr16	85962000	85962999	2
chr16	85963000	85963999	11
chr16	85964000	85964999	19
chr16	85965000	85965999	6
chr16	85966000	85966999	2
chr16	85967000	85967999	10
chr16	85968000	85968999	3
chr16	85969000	85969999	26
chr16	85970000	85970999	7
chr16	85971000	85971999	13
chr16	85972000	85972999	4
chr16	85973000	85973999	3
chr16	85974000	85974999	0
chr16	85975000	85975999	42
chr16	85976000	85976999	15
chr16	85977000	85977999	18
chr16	85978000	85978999	13
chr16	85979000	85979999	11
chr16	85980000	85980999	2
chr16	85981000	85981999	0
chr16	85982000	85982999	11
chr16	85983000	85983999	6
chr16	85984000	85984999	0
chr16	85985000	85985999	4
chr16	85986000	85986999	10
chr16	85987000	85987999	1
chr16	85988000	85988999	11
chr16	85989000	85989999	0
chr16	85990000	85990999	6
chr16	85991000	85991999	0
chr16	85992000	85992999	4
chr16	85993000	85993999	5
chr16	85994000	85994999	14
chr16	85995000	85995999	0
chr16	85996000	85996999	13
chr16	85997000	85997999	6
chr16	85998000	85998999	11
chr16	85999000	85999999	0
chr16	86000000	86000999	9
chr16	86001000	86001999	11
chr16	86002000	86002999	9
chr16	86003000	86003999	17
chr16	86004000	86004999	9
chr16	86005000	86005999	8
chr16	86006000	86006999	18
chr16	86007000	86007999	0
chr16	86008000	86008999	1
chr16	86009000	86009999	5
chr16	86010000	86010999	0
chr16	86011000	86011999	0
chr16	86012000	86012999	18
chr16	86013000	86013999	0
chr16	86014000	86014999	0
chr16	86015000	86015999	4
chr16	86016000	86016999	2
chr16	86017000	86017999	0
chr16	86018000	86018999	0
chr16	86019000	86019999	13
chr16	86020000	86020999	6
chr16	86021000	86021999	25
chr16	86022000	86022999	17
chr16	86023000	86023999	15
chr16	86024000	86024999	1
chr16	86025000	86025999	0
chr16	86026000	86026999	0
chr16	86027000	86027999	8
chr16	86028000	86028999	3
chr16	86029000	86029999	9
chr16	86030000	86030999	14
chr16	86031000	86031999	30
chr16	86032000	86032999	8
chr16	86033000	86033999	6
chr16	86034000	86034999	22
chr16	86035000	86035999	3
chr16	86036000	86036999	0
chr16	86037000	86037999	0
chr16	86038000	86038999	1
chr16	86039000	86039999	0
chr16	86040000	86040999	0
chr16	86041000	86041999	14
chr16	86042000	86042999	6
chr16	86043000	86043999	22
chr16	86044000	86044999	0
chr16	86045000	86045999	3
chr16	86046000	86046999	0
chr16	86047000	86047999	1
chr16	86048000	86048999	0
chr16	86049000	86049999	0
chr16	86050000	86050999	0
chr16	86051000	86051999	6
chr16	86052000	86052999	0
chr16	86053000	86053999	3
chr16	86054000	86054999	0
chr16	86055000	86055999	26
chr16	86056000	86056999	0
chr16	86057000	86057999	1
chr16	86058000	86058999	14
chr16	86059000	86059999	10
chr16	86060000	86060999	8
chr16	86061000	86061999	17
chr16	86062000	86062999	13
chr16	86063000	86063999	25
chr16	86064000	86064999	13
chr16	86065000	86065999	18
chr16	86066000	86066999	0
chr16	86067000	86067999	8
chr16	86068000	86068999	7
chr16	86069000	86069999	1
chr16	86070000	86070999	1
chr16	86071000	86071999	6
chr16	86072000	86072999	25
chr16	86073000	86073999	9
chr16	86074000	86074999	0
chr16	86075000	86075999	0
chr16	86076000	86076999	0
chr16	86077000	86077999	0
chr16	86078000	86078999	0
chr16	86079000	86079999	0
chr16	86080000	86080999	0
chr16	86081000	86081999	0
chr16	86082000	86082999	0
chr16	86083000	86083999	0
chr16	86084000	86084999	9
chr16	86085000	86085999	12
chr16	86086000	86086999	36
chr16	86087000	86087999	0
chr16	86088000	86088999	12
chr16	86089000	86089999	0
chr16	86090000	86090999	3
chr16	86091000	86091999	14
chr16	86092000	86092999	0
chr16	86093000	86093999	10
chr16	86094000	86094999	0
chr16	86095000	86095999	33
chr16	86096000	86096999	1
chr16	86097000	86097999	2
chr16	86098000	86098999	4
chr16	86099000	86099999	0
chr16	86100000	86100999	3
chr16	86101000	86101999	7
chr16	86102000	86102999	1
chr16	86103000	86103999	3
chr16	86104000	86104999	12
chr16	86105000	86105999	6
chr16	86106000	86106999	19
chr16	86107000	86107999	7
chr16	86108000	86108999	1
chr16	86109000	86109999	0
chr16	86110000	86110999	13
chr16	86111000	86111999	5
chr16	86112000	86112999	0
chr16	86113000	86113999	0
chr16	86114000	86114999	7
chr16	86115000	86115999	15
chr16	86116000	86116999	1
chr16	86117000	86117999	3
chr16	86118000	86118999	13
chr16	86119000	86119999	2
chr16	86120000	86120999	4
chr16	86121000	86121999	13
chr16	86122000	86122999	14
chr16	86123000	86123999	16
chr16	86124000	86124999	0
chr16	86125000	86125999	0
chr16	86126000	86126999	0
chr16	86127000	86127999	7
chr16	86128000	86128999	17
chr16	86129000	86129999	16
chr16	86130000	86130999	0
chr16	86131000	86131999	0
chr16	86132000	86132999	1
chr16	86133000	86133999	0
chr16	86134000	86134999	9
chr16	86135000	86135999	3
chr16	86136000	86136999	4
chr16	86137000	86137999	26
chr16	86138000	86138999	36
chr16	86139000	86139999	14
chr16	86140000	86140999	0
chr16	86141000	86141999	0
chr16	86142000	86142999	12
chr16	86143000	86143999	14
chr16	86144000	86144999	7
chr16	86145000	86145999	7
chr16	86146000	86146999	6
chr16	86147000	86147999	0
chr16	86148000	86148999	7
chr16	86149000	86149999	0
chr16	86150000	86150999	10
chr16	86151000	86151999	31
chr16	86152000	86152999	0
chr16	86153000	86153999	1
chr16	86154000	86154999	30
chr16	86155000	86155999	3
chr16	86156000	86156999	2
chr16	86157000	86157999	10
chr16	86158000	86158999	0
chr16	86159000	86159999	12
chr16	86160000	86160999	0
chr16	86161000	86161999	12
chr16	86162000	86162999	16
chr16	86163000	86163999	13
chr16	86164000	86164999	20
chr16	86165000	86165999	18
chr16	86166000	86166999	2
chr16	86167000	86167999	0
chr16	86168000	86168999	8
chr16	86169000	86169999	0
chr16	86170000	86170999	0
chr16	86171000	86171999	12
chr16	86172000	86172999	12
chr16	86173000	86173999	0
chr16	86174000	86174999	0
chr16	86175000	86175999	0
chr16	86176000	86176999	0
chr16	86177000	86177999	0
chr16	86178000	86178999	2
chr16	86179000	86179999	7
chr16	86180000	86180999	20
chr16	86181000	86181999	0
chr16	86182000	86182999	0
chr16	86183000	86183999	25
chr16	86184000	86184999	0
chr16	86185000	86185999	7
chr16	86186000	86186999	0
chr16	86187000	86187999	3
chr16	86188000	86188999	5
chr16	86189000	86189999	32
chr16	86190000	86190999	15
chr16	86191000	86191999	5
chr16	86192000	86192999	7
chr16	86193000	86193999	11
chr16	86194000	86194999	10
chr16	86195000	86195999	10
chr16	86196000	86196999	6
chr16	86197000	86197999	0
chr16	86198000	86198999	0
chr16	86199000	86199999	0
chr16	86200000	86200999	10
chr16	86201000	86201999	11
chr16	86202000	86202999	6
chr16	86203000	86203999	24
chr16	86204000	86204999	29
chr16	86205000	86205999	9
chr16	86206000	86206999	2
chr16	86207000	86207999	0
chr16	86208000	86208999	19
chr16	86209000	86209999	2
chr16	86210000	86210999	11
chr16	86211000	86211999	7
chr16	86212000	86212999	10
chr16	86213000	86213999	13
chr16	86214000	86214999	11
chr16	86215000	86215999	9
chr16	86216000	86216999	6
chr16	86217000	86217999	16
chr16	86218000	86218999	8
chr16	86219000	86219999	0
chr16	86220000	86220999	34
chr16	86221000	86221999	13
chr16	86222000	86222999	11
chr16	86223000	86223999	13
chr16	86224000	86224999	18
chr16	86225000	86225999	5
chr16	86226000	86226999	2
chr16	86227000	86227999	4
chr16	86228000	86228999	1
chr16	86229000	86229999	9
chr16	86230000	86230999	1
chr16	86231000	86231999	5
chr16	86232000	86232999	7
chr16	86233000	86233999	10
chr16	86234000	86234999	3
chr16	86235000	86235999	0
chr16	86236000	86236999	0
chr16	86237000	86237999	4
chr16	86238000	86238999	0
chr16	86239000	86239999	17
chr16	86240000	86240999	9
chr16	86241000	86241999	3
chr16	86242000	86242999	16
chr16	86243000	86243999	26
chr16	86244000	86244999	16
chr16	86245000	86245999	6
chr16	86246000	86246999	9
chr16	86247000	86247999	4
chr16	86248000	86248999	17
chr16	86249000	86249999	5
chr16	86250000	86250999	3
chr16	86251000	86251999	15
chr16	86252000	86252999	9
chr16	86253000	86253999	12
chr16	86254000	86254999	0
chr16	86255000	86255999	0
chr16	86256000	86256999	7
chr16	86257000	86257999	0
chr16	86258000	86258999	15
chr16	86259000	86259999	0
chr16	86260000	86260999	3
chr16	86261000	86261999	11
chr16	86262000	86262999	8
chr16	86263000	86263999	18
chr16	86264000	86264999	7
chr16	86265000	86265999	9
chr16	86266000	86266999	0
chr16	86267000	86267999	0
chr16	86268000	86268999	3
chr16	86269000	86269999	18
chr16	86270000	86270999	0
chr16	86271000	86271999	12
chr16	86272000	86272999	0
chr16	86273000	86273999	13
chr16	86274000	86274999	0
chr16	86275000	86275999	2
chr16	86276000	86276999	9
chr16	86277000	86277999	30
chr16	86278000	86278999	0
chr16	86279000	86279999	0
chr16	86280000	86280999	27
chr16	86281000	86281999	0
chr16	86282000	86282999	0
chr16	86283000	86283999	4
chr16	86284000	86284999	0
chr16	86285000	86285999	4
chr16	86286000	86286999	4
chr16	86287000	86287999	12
chr16	86288000	86288999	18
chr16	86289000	86289999	12
chr16	86290000	86290999	14
chr16	86291000	86291999	4
chr16	86292000	86292999	10
chr16	86293000	86293999	0
chr16	86294000	86294999	0
chr16	86295000	86295999	18
chr16	86296000	86296999	11
chr16	86297000	86297999	37
chr16	86298000	86298999	13
chr16	86299000	86299999	11
chr16	86300000	86300999	0
chr16	86301000	86301999	16
chr16	86302000	86302999	19
chr16	86303000	86303999	16
chr16	86304000	86304999	7
chr16	86305000	86305999	0
chr16	86306000	86306999	4
chr16	86307000	86307999	0
chr16	86308000	86308999	0
chr16	86309000	86309999	13
chr16	86310000	86310999	2
chr16	86311000	86311999	9
chr16	86312000	86312999	15
chr16	86313000	86313999	0
chr16	86314000	86314999	13
chr16	86315000	86315999	16
chr16	86316000	86316999	23
chr16	86317000	86317999	7
chr16	86318000	86318999	0
chr16	86319000	86319999	0
chr16	86320000	86320999	12
chr16	86321000	86321999	3
chr16	86322000	86322999	15
chr16	86323000	86323999	15
chr16	86324000	86324999	3
chr16	86325000	86325999	12
chr16	86326000	86326999	41
chr16	86327000	86327999	13
chr16	86328000	86328999	0
chr16	86329000	86329999	0
chr16	86330000	86330999	10
chr16	86331000	86331999	10
chr16	86332000	86332999	0
chr16	86333000	86333999	0
chr16	86334000	86334999	0
chr16	86335000	86335999	12
chr16	86336000	86336999	0
chr16	86337000	86337999	14
chr16	86338000	86338999	14
chr16	86339000	86339999	7
chr16	86340000	86340999	2
chr16	86341000	86341999	0
chr16	86342000	86342999	14
chr16	86343000	86343999	9
chr16	86344000	86344999	6
chr16	86345000	86345999	0
chr16	86346000	86346999	0
chr16	86347000	86347999	21
chr16	86348000	86348999	17
chr16	86349000	86349999	6
chr16	86350000	86350999	12
chr16	86351000	86351999	6
chr16	86352000	86352999	0
chr16	86353000	86353999	0
chr16	86354000	86354999	6
chr16	86355000	86355999	0
chr16	86356000	86356999	3
chr16	86357000	86357999	1
chr16	86358000	86358999	0
chr16	86359000	86359999	4
chr16	86360000	86360999	9
chr16	86361000	86361999	12
chr16	86362000	86362999	10
chr16	86363000	86363999	0
chr16	86364000	86364999	11
chr16	86365000	86365999	1
chr16	86366000	86366999	15
chr16	86367000	86367999	33
chr16	86368000	86368999	28
chr16	86369000	86369999	0
chr16	86370000	86370999	0
chr16	86371000	86371999	14
chr16	86372000	86372999	20
chr16	86373000	86373999	15
chr16	86374000	86374999	2
chr16	86375000	86375999	20
chr16	86376000	86376999	4
chr16	86377000	86377999	5
chr16	86378000	86378999	15
chr16	86379000	86379999	11
chr16	86380000	86380999	0
chr16	86381000	86381999	0
chr16	86382000	86382999	12
chr16	86383000	86383999	0
chr16	86384000	86384999	49
chr16	86385000	86385999	36
chr16	86386000	86386999	1
chr16	86387000	86387999	8
chr16	86388000	86388999	0
chr16	86389000	86389999	17
chr16	86390000	86390999	39
chr16	86391000	86391999	0
chr16	86392000	86392999	4
chr16	86393000	86393999	9
chr16	86394000	86394999	0
chr16	86395000	86395999	6
chr16	86396000	86396999	9
chr16	86397000	86397999	2
chr16	86398000	86398999	7
chr16	86399000	86399999	3
chr16	86400000	86400999	17
chr16	86401000	86401999	13
chr16	86402000	86402999	0
chr16	86403000	86403999	14
chr16	86404000	86404999	9
chr16	86405000	86405999	11
chr16	86406000	86406999	6
chr16	86407000	86407999	7
chr16	86408000	86408999	1
chr16	86409000	86409999	11
chr16	86410000	86410999	1
chr16	86411000	86411999	0
chr16	86412000	86412999	8
chr16	86413000	86413999	0
chr16	86414000	86414999	0
chr16	86415000	86415999	0
chr16	86416000	86416999	0
chr16	86417000	86417999	0
chr16	86418000	86418999	0
chr16	86419000	86419999	6
chr16	86420000	86420999	0
chr16	86421000	86421999	2
chr16	86422000	86422999	3
chr16	86423000	86423999	1
chr16	86424000	86424999	2
chr16	86425000	86425999	1
chr16	86426000	86426999	3
chr16	86427000	86427999	1
chr16	86428000	86428999	25
chr16	86429000	86429999	14
chr16	86430000	86430999	9
chr16	86431000	86431999	20
chr16	86432000	86432999	4
chr16	86433000	86433999	2
chr16	86434000	86434999	5
chr16	86435000	86435999	19
chr16	86436000	86436999	6
chr16	86437000	86437999	0
chr16	86438000	86438999	0
chr16	86439000	86439999	10
chr16	86440000	86440999	17
chr16	86441000	86441999	0
chr16	86442000	86442999	18
chr16	86443000	86443999	7
chr16	86444000	86444999	23
chr16	86445000	86445999	0
chr16	86446000	86446999	0
chr16	86447000	86447999	0
chr16	86448000	86448999	5
chr16	86449000	86449999	3
chr16	86450000	86450999	0
chr16	86451000	86451999	4
chr16	86452000	86452999	0
chr16	86453000	86453999	7
chr16	86454000	86454999	4
chr16	86455000	86455999	17
chr16	86456000	86456999	0
chr16	86457000	86457999	4
chr16	86458000	86458999	3
chr16	86459000	86459999	0
chr16	86460000	86460999	19
chr16	86461000	86461999	27
chr16	86462000	86462999	11
chr16	86463000	86463999	10
chr16	86464000	86464999	16
chr16	86465000	86465999	0
chr16	86466000	86466999	2
chr16	86467000	86467999	0
chr16	86468000	86468999	0
chr16	86469000	86469999	14
chr16	86470000	86470999	1
chr16	86471000	86471999	23
chr16	86472000	86472999	8
chr16	86473000	86473999	11
chr16	86474000	86474999	0
chr16	86475000	86475999	6
chr16	86476000	86476999	0
chr16	86477000	86477999	17
chr16	86478000	86478999	34
chr16	86479000	86479999	14
chr16	86480000	86480999	13
chr16	86481000	86481999	0
chr16	86482000	86482999	4
chr16	86483000	86483999	9
chr16	86484000	86484999	0
chr16	86485000	86485999	3
chr16	86486000	86486999	0
chr16	86487000	86487999	3
chr16	86488000	86488999	21
chr16	86489000	86489999	0
chr16	86490000	86490999	0
chr16	86491000	86491999	18
chr16	86492000	86492999	9
chr16	86493000	86493999	4
chr16	86494000	86494999	13
chr16	86495000	86495999	14
chr16	86496000	86496999	27
chr16	86497000	86497999	29
chr16	86498000	86498999	0
chr16	86499000	86499999	11
chr16	86500000	86500999	7
chr16	86501000	86501999	22
chr16	86502000	86502999	11
chr16	86503000	86503999	31
chr16	86504000	86504999	16
chr16	86505000	86505999	0
chr16	86506000	86506999	0
chr16	86507000	86507999	14
chr16	86508000	86508999	5
chr16	86509000	86509999	0
chr16	86510000	86510999	20
chr16	86511000	86511999	1
chr16	86512000	86512999	0
chr16	86513000	86513999	8
chr16	86514000	86514999	14
chr16	86515000	86515999	0
chr16	86516000	86516999	17
chr16	86517000	86517999	11
chr16	86518000	86518999	22
chr16	86519000	86519999	0
chr16	86520000	86520999	11
chr16	86521000	86521999	2
chr16	86522000	86522999	11
chr16	86523000	86523999	1
chr16	86524000	86524999	8
chr16	86525000	86525999	0
chr16	86526000	86526999	2
chr16	86527000	86527999	8
chr16	86528000	86528999	17
chr16	86529000	86529999	59
chr16	86530000	86530999	19
chr16	86531000	86531999	6
chr16	86532000	86532999	5
chr16	86533000	86533999	2
chr16	86534000	86534999	7
chr16	86535000	86535999	0
chr16	86536000	86536999	0
chr16	86537000	86537999	3
chr16	86538000	86538999	0
chr16	86539000	86539999	0
chr16	86540000	86540999	0
chr16	86541000	86541999	0
chr16	86542000	86542999	1
chr16	86543000	86543999	19
chr16	86544000	86544999	14
chr16	86545000	86545999	6
chr16	86546000	86546999	6
chr16	86547000	86547999	0
chr16	86548000	86548999	8
chr16	86549000	86549999	6
chr16	86550000	86550999	0
chr16	86551000	86551999	0
chr16	86552000	86552999	0
chr16	86553000	86553999	1
chr16	86554000	86554999	2
chr16	86555000	86555999	0
chr16	86556000	86556999	0
chr16	86557000	86557999	4
chr16	86558000	86558999	2
chr16	86559000	86559999	4
chr16	86560000	86560999	0
chr16	86561000	86561999	11
chr16	86562000	86562999	18
chr16	86563000	86563999	0
chr16	86564000	86564999	5
chr16	86565000	86565999	7
chr16	86566000	86566999	1
chr16	86567000	86567999	0
chr16	86568000	86568999	0
chr16	86569000	86569999	0
chr16	86570000	86570999	18
chr16	86571000	86571999	17
chr16	86572000	86572999	9
chr16	86573000	86573999	9
chr16	86574000	86574999	9
chr16	86575000	86575999	7
chr16	86576000	86576999	20
chr16	86577000	86577999	13
chr16	86578000	86578999	13
chr16	86579000	86579999	23
chr16	86580000	86580999	27
chr16	86581000	86581999	18
chr16	86582000	86582999	16
chr16	86583000	86583999	11
chr16	86584000	86584999	19
chr16	86585000	86585999	0
chr16	86586000	86586999	25
chr16	86587000	86587999	2
chr16	86588000	86588999	17
chr16	86589000	86589999	2
chr16	86590000	86590999	0
chr16	86591000	86591999	0
chr16	86592000	86592999	0
chr16	86593000	86593999	0
chr16	86594000	86594999	14
chr16	86595000	86595999	13
chr16	86596000	86596999	9
chr16	86597000	86597999	3
chr16	86598000	86598999	0
chr16	86599000	86599999	21
chr16	86600000	86600999	2
chr16	86601000	86601999	18
chr16	86602000	86602999	14
chr16	86603000	86603999	0
chr16	86604000	86604999	12
chr16	86605000	86605999	17
chr16	86606000	86606999	14
chr16	86607000	86607999	7
chr16	86608000	86608999	9
chr16	86609000	86609999	0
chr16	86610000	86610999	11
chr16	86611000	86611999	5
chr16	86612000	86612999	0
chr16	86613000	86613999	13
chr16	86614000	86614999	18
chr16	86615000	86615999	7
chr16	86616000	86616999	20
chr16	86617000	86617999	13
chr16	86618000	86618999	9
chr16	86619000	86619999	0
chr16	86620000	86620999	25
chr16	86621000	86621999	2
chr16	86622000	86622999	0
chr16	86623000	86623999	0
chr16	86624000	86624999	0
chr16	86625000	86625999	7
chr16	86626000	86626999	12
chr16	86627000	86627999	0
chr16	86628000	86628999	12
chr16	86629000	86629999	6
chr16	86630000	86630999	8
chr16	86631000	86631999	8
chr16	86632000	86632999	9
chr16	86633000	86633999	17
chr16	86634000	86634999	4
chr16	86635000	86635999	0
chr16	86636000	86636999	24
chr16	86637000	86637999	27
chr16	86638000	86638999	0
chr16	86639000	86639999	1
chr16	86640000	86640999	2
chr16	86641000	86641999	0
chr16	86642000	86642999	0
chr16	86643000	86643999	5
chr16	86644000	86644999	34
chr16	86645000	86645999	28
chr16	86646000	86646999	13
chr16	86647000	86647999	3
chr16	86648000	86648999	2
chr16	86649000	86649999	16
chr16	86650000	86650999	6
chr16	86651000	86651999	22
chr16	86652000	86652999	53
chr16	86653000	86653999	7
chr16	86654000	86654999	0
chr16	86655000	86655999	0
chr16	86656000	86656999	8
chr16	86657000	86657999	8
chr16	86658000	86658999	4
chr16	86659000	86659999	24
chr16	86660000	86660999	0
chr16	86661000	86661999	13
chr16	86662000	86662999	9
chr16	86663000	86663999	9
chr16	86664000	86664999	4
chr16	86665000	86665999	2
chr16	86666000	86666999	15
chr16	86667000	86667999	7
chr16	86668000	86668999	7
chr16	86669000	86669999	0
chr16	86670000	86670999	19
chr16	86671000	86671999	7
chr16	86672000	86672999	10
chr16	86673000	86673999	2
chr16	86674000	86674999	11
chr16	86675000	86675999	7
chr16	86676000	86676999	27
chr16	86677000	86677999	6
chr16	86678000	86678999	0
chr16	86679000	86679999	0
chr16	86680000	86680999	0
chr16	86681000	86681999	0
chr16	86682000	86682999	0
chr16	86683000	86683999	25
chr16	86684000	86684999	8
chr16	86685000	86685999	10
chr16	86686000	86686999	5
chr16	86687000	86687999	8
chr16	86688000	86688999	14
chr16	86689000	86689999	6
chr16	86690000	86690999	1
chr16	86691000	86691999	14
chr16	86692000	86692999	2
chr16	86693000	86693999	7
chr16	86694000	86694999	10
chr16	86695000	86695999	3
chr16	86696000	86696999	0
chr16	86697000	86697999	18
chr16	86698000	86698999	4
chr16	86699000	86699999	12
chr16	86700000	86700999	2
chr16	86701000	86701999	18
chr16	86702000	86702999	15
chr16	86703000	86703999	16
chr16	86704000	86704999	7
chr16	86705000	86705999	0
chr16	86706000	86706999	16
chr16	86707000	86707999	3
chr16	86708000	86708999	21
chr16	86709000	86709999	9
chr16	86710000	86710999	5
chr16	86711000	86711999	26
chr16	86712000	86712999	9
chr16	86713000	86713999	0
chr16	86714000	86714999	24
chr16	86715000	86715999	11
chr16	86716000	86716999	4
chr16	86717000	86717999	1
chr16	86718000	86718999	7
chr16	86719000	86719999	21
chr16	86720000	86720999	0
chr16	86721000	86721999	0
chr16	86722000	86722999	6
chr16	86723000	86723999	4
chr16	86724000	86724999	0
chr16	86725000	86725999	4
chr16	86726000	86726999	0
chr16	86727000	86727999	0
chr16	86728000	86728999	0
chr16	86729000	86729999	0
chr16	86730000	86730999	0
chr16	86731000	86731999	7
chr16	86732000	86732999	0
chr16	86733000	86733999	5
chr16	86734000	86734999	3
chr16	86735000	86735999	11
chr16	86736000	86736999	0
chr16	86737000	86737999	7
chr16	86738000	86738999	9
chr16	86739000	86739999	6
chr16	86740000	86740999	25
chr16	86741000	86741999	0
chr16	86742000	86742999	0
chr16	86743000	86743999	9
chr16	86744000	86744999	0
chr16	86745000	86745999	9
chr16	86746000	86746999	7
chr16	86747000	86747999	12
chr16	86748000	86748999	4
chr16	86749000	86749999	29
chr16	86750000	86750999	8
chr16	86751000	86751999	7
chr16	86752000	86752999	13
chr16	86753000	86753999	18
chr16	86754000	86754999	13
chr16	86755000	86755999	0
chr16	86756000	86756999	8
chr16	86757000	86757999	0
chr16	86758000	86758999	0
chr16	86759000	86759999	4
chr16	86760000	86760999	0
chr16	86761000	86761999	5
chr16	86762000	86762999	0
chr16	86763000	86763999	0
chr16	86764000	86764999	5
chr16	86765000	86765999	14
chr16	86766000	86766999	34
chr16	86767000	86767999	11
chr16	86768000	86768999	6
chr16	86769000	86769999	26
chr16	86770000	86770999	28
chr16	86771000	86771999	0
chr16	86772000	86772999	0
chr16	86773000	86773999	6
chr16	86774000	86774999	21
chr16	86775000	86775999	2
chr16	86776000	86776999	7
chr16	86777000	86777999	25
chr16	86778000	86778999	19
chr16	86779000	86779999	1
chr16	86780000	86780999	0
chr16	86781000	86781999	0
chr16	86782000	86782999	24
chr16	86783000	86783999	11
chr16	86784000	86784999	12
chr16	86785000	86785999	4
chr16	86786000	86786999	10
chr16	86787000	86787999	5
chr16	86788000	86788999	11
chr16	86789000	86789999	16
chr16	86790000	86790999	22
chr16	86791000	86791999	20
chr16	86792000	86792999	9
chr16	86793000	86793999	11
chr16	86794000	86794999	0
chr16	86795000	86795999	30
chr16	86796000	86796999	8
chr16	86797000	86797999	0
chr16	86798000	86798999	17
chr16	86799000	86799999	8
chr16	86800000	86800999	10
chr16	86801000	86801999	20
chr16	86802000	86802999	13
chr16	86803000	86803999	40
chr16	86804000	86804999	17
chr16	86805000	86805999	1
chr16	86806000	86806999	6
chr16	86807000	86807999	3
chr16	86808000	86808999	0
chr16	86809000	86809999	3
chr16	86810000	86810999	14
chr16	86811000	86811999	6
chr16	86812000	86812999	4
chr16	86813000	86813999	10
chr16	86814000	86814999	37
chr16	86815000	86815999	0
chr16	86816000	86816999	0
chr16	86817000	86817999	23
chr16	86818000	86818999	13
chr16	86819000	86819999	5
chr16	86820000	86820999	0
chr16	86821000	86821999	24
chr16	86822000	86822999	3
chr16	86823000	86823999	16
chr16	86824000	86824999	6
chr16	86825000	86825999	7
chr16	86826000	86826999	8
chr16	86827000	86827999	0
chr16	86828000	86828999	5
chr16	86829000	86829999	0
chr16	86830000	86830999	6
chr16	86831000	86831999	6
chr16	86832000	86832999	15
chr16	86833000	86833999	5
chr16	86834000	86834999	8
chr16	86835000	86835999	2
chr16	86836000	86836999	0
chr16	86837000	86837999	10
chr16	86838000	86838999	7
chr16	86839000	86839999	0
chr16	86840000	86840999	12
chr16	86841000	86841999	4
chr16	86842000	86842999	3
chr16	86843000	86843999	0
chr16	86844000	86844999	4
chr16	86845000	86845999	5
chr16	86846000	86846999	10
chr16	86847000	86847999	8
chr16	86848000	86848999	0
chr16	86849000	86849999	36
chr16	86850000	86850999	0
chr16	86851000	86851999	25
chr16	86852000	86852999	7
chr16	86853000	86853999	27
chr16	86854000	86854999	6
chr16	86855000	86855999	0
chr16	86856000	86856999	9
chr16	86857000	86857999	10
chr16	86858000	86858999	47
chr16	86859000	86859999	0
chr16	86860000	86860999	3
chr16	86861000	86861999	0
chr16	86862000	86862999	18
chr16	86863000	86863999	0
chr16	86864000	86864999	0
chr16	86865000	86865999	0
chr16	86866000	86866999	8
chr16	86867000	86867999	0
chr16	86868000	86868999	0
chr16	86869000	86869999	4
chr16	86870000	86870999	0
chr16	86871000	86871999	4
chr16	86872000	86872999	14
chr16	86873000	86873999	14
chr16	86874000	86874999	0
chr16	86875000	86875999	18
chr16	86876000	86876999	14
chr16	86877000	86877999	8
chr16	86878000	86878999	1
chr16	86879000	86879999	19
chr16	86880000	86880999	14
chr16	86881000	86881999	4
chr16	86882000	86882999	0
chr16	86883000	86883999	6
chr16	86884000	86884999	15
chr16	86885000	86885999	11
chr16	86886000	86886999	9
chr16	86887000	86887999	12
chr16	86888000	86888999	12
chr16	86889000	86889999	0
chr16	86890000	86890999	43
chr16	86891000	86891999	5
chr16	86892000	86892999	17
chr16	86893000	86893999	8
chr16	86894000	86894999	22
chr16	86895000	86895999	14
chr16	86896000	86896999	11
chr16	86897000	86897999	3
chr16	86898000	86898999	6
chr16	86899000	86899999	10
chr16	86900000	86900999	0
chr16	86901000	86901999	0
chr16	86902000	86902999	0
chr16	86903000	86903999	7
chr16	86904000	86904999	10
chr16	86905000	86905999	8
chr16	86906000	86906999	5
chr16	86907000	86907999	8
chr16	86908000	86908999	14
chr16	86909000	86909999	11
chr16	86910000	86910999	0
chr16	86911000	86911999	26
chr16	86912000	86912999	20
chr16	86913000	86913999	26
chr16	86914000	86914999	11
chr16	86915000	86915999	3
chr16	86916000	86916999	0
chr16	86917000	86917999	2
chr16	86918000	86918999	0
chr16	86919000	86919999	4
chr16	86920000	86920999	17
chr16	86921000	86921999	14
chr16	86922000	86922999	3
chr16	86923000	86923999	12
chr16	86924000	86924999	14
chr16	86925000	86925999	13
chr16	86926000	86926999	0
chr16	86927000	86927999	3
chr16	86928000	86928999	4
chr16	86929000	86929999	0
chr16	86930000	86930999	1
chr16	86931000	86931999	13
chr16	86932000	86932999	26
chr16	86933000	86933999	17
chr16	86934000	86934999	22
chr16	86935000	86935999	20
chr16	86936000	86936999	2
chr16	86937000	86937999	28
chr16	86938000	86938999	19
chr16	86939000	86939999	0
chr16	86940000	86940999	10
chr16	86941000	86941999	1
chr16	86942000	86942999	3
chr16	86943000	86943999	0
chr16	86944000	86944999	18
chr16	86945000	86945999	2
chr16	86946000	86946999	0
chr16	86947000	86947999	0
chr16	86948000	86948999	0
chr16	86949000	86949999	2
chr16	86950000	86950999	3
chr16	86951000	86951999	0
chr16	86952000	86952999	0
chr16	86953000	86953999	0
chr16	86954000	86954999	0
chr16	86955000	86955999	0
chr16	86956000	86956999	0
chr16	86957000	86957999	0
chr16	86958000	86958999	11
chr16	86959000	86959999	14
chr16	86960000	86960999	23
chr16	86961000	86961999	0
chr16	86962000	86962999	9
chr16	86963000	86963999	0
chr16	86964000	86964999	0
chr16	86965000	86965999	0
chr16	86966000	86966999	15
chr16	86967000	86967999	3
chr16	86968000	86968999	0
chr16	86969000	86969999	4
chr16	86970000	86970999	10
chr16	86971000	86971999	7
chr16	86972000	86972999	7
chr16	86973000	86973999	1
chr16	86974000	86974999	6
chr16	86975000	86975999	0
chr16	86976000	86976999	0
chr16	86977000	86977999	0
chr16	86978000	86978999	0
chr16	86979000	86979999	0
chr16	86980000	86980999	0
chr16	86981000	86981999	0
chr16	86982000	86982999	5
chr16	86983000	86983999	8
chr16	86984000	86984999	5
chr16	86985000	86985999	2
chr16	86986000	86986999	0
chr16	86987000	86987999	13
chr16	86988000	86988999	0
chr16	86989000	86989999	0
chr16	86990000	86990999	0
chr16	86991000	86991999	21
chr16	86992000	86992999	21
chr16	86993000	86993999	28
chr16	86994000	86994999	0
chr16	86995000	86995999	15
chr16	86996000	86996999	9
chr16	86997000	86997999	13
chr16	86998000	86998999	8
chr16	86999000	86999999	11
chr16	87000000	87000999	12
chr16	87001000	87001999	7
chr16	87002000	87002999	3
chr16	87003000	87003999	22
chr16	87004000	87004999	48
chr16	87005000	87005999	3
chr16	87006000	87006999	43
chr16	87007000	87007999	11
chr16	87008000	87008999	0
chr16	87009000	87009999	13
chr16	87010000	87010999	17
chr16	87011000	87011999	30
chr16	87012000	87012999	4
chr16	87013000	87013999	0
chr16	87014000	87014999	4
chr16	87015000	87015999	3
chr16	87016000	87016999	15
chr16	87017000	87017999	6
chr16	87018000	87018999	3
chr16	87019000	87019999	3
chr16	87020000	87020999	18
chr16	87021000	87021999	8
chr16	87022000	87022999	13
chr16	87023000	87023999	17
chr16	87024000	87024999	5
chr16	87025000	87025999	7
chr16	87026000	87026999	10
chr16	87027000	87027999	12
chr16	87028000	87028999	1
chr16	87029000	87029999	1
chr16	87030000	87030999	18
chr16	87031000	87031999	4
chr16	87032000	87032999	15
chr16	87033000	87033999	5
chr16	87034000	87034999	0
chr16	87035000	87035999	8
chr16	87036000	87036999	11
chr16	87037000	87037999	9
chr16	87038000	87038999	9
chr16	87039000	87039999	31
chr16	87040000	87040999	17
chr16	87041000	87041999	8
chr16	87042000	87042999	23
chr16	87043000	87043999	0
chr16	87044000	87044999	6
chr16	87045000	87045999	37
chr16	87046000	87046999	0
chr16	87047000	87047999	3
chr16	87048000	87048999	7
chr16	87049000	87049999	0
chr16	87050000	87050999	12
chr16	87051000	87051999	0
chr16	87052000	87052999	0
chr16	87053000	87053999	7
chr16	87054000	87054999	1
chr16	87055000	87055999	0
chr16	87056000	87056999	0
chr16	87057000	87057999	0
chr16	87058000	87058999	0
chr16	87059000	87059999	0
chr16	87060000	87060999	3
chr16	87061000	87061999	25
chr16	87062000	87062999	4
chr16	87063000	87063999	3
chr16	87064000	87064999	16
chr16	87065000	87065999	5
chr16	87066000	87066999	4
chr16	87067000	87067999	30
chr16	87068000	87068999	6
chr16	87069000	87069999	0
chr16	87070000	87070999	21
chr16	87071000	87071999	4
chr16	87072000	87072999	0
chr16	87073000	87073999	7
chr16	87074000	87074999	16
chr16	87075000	87075999	0
chr16	87076000	87076999	21
chr16	87077000	87077999	18
chr16	87078000	87078999	31
chr16	87079000	87079999	0
chr16	87080000	87080999	8
chr16	87081000	87081999	16
chr16	87082000	87082999	37
chr16	87083000	87083999	5
chr16	87084000	87084999	12
chr16	87085000	87085999	27
chr16	87086000	87086999	13
chr16	87087000	87087999	7
chr16	87088000	87088999	3
chr16	87089000	87089999	0
chr16	87090000	87090999	1
chr16	87091000	87091999	0
chr16	87092000	87092999	25
chr16	87093000	87093999	12
chr16	87094000	87094999	0
chr16	87095000	87095999	8
chr16	87096000	87096999	4
chr16	87097000	87097999	12
chr16	87098000	87098999	7
chr16	87099000	87099999	0
chr16	87100000	87100999	17
chr16	87101000	87101999	13
chr16	87102000	87102999	1
chr16	87103000	87103999	21
chr16	87104000	87104999	13
chr16	87105000	87105999	5
chr16	87106000	87106999	0
chr16	87107000	87107999	10
chr16	87108000	87108999	36
chr16	87109000	87109999	0
chr16	87110000	87110999	1
chr16	87111000	87111999	4
chr16	87112000	87112999	0
chr16	87113000	87113999	0
chr16	87114000	87114999	0
chr16	87115000	87115999	0
chr16	87116000	87116999	0
chr16	87117000	87117999	0
chr16	87118000	87118999	0
chr16	87119000	87119999	10
chr16	87120000	87120999	8
chr16	87121000	87121999	2
chr16	87122000	87122999	0
chr16	87123000	87123999	15
chr16	87124000	87124999	11
chr16	87125000	87125999	6
chr16	87126000	87126999	25
chr16	87127000	87127999	14
chr16	87128000	87128999	49
chr16	87129000	87129999	2
chr16	87130000	87130999	25
chr16	87131000	87131999	11
chr16	87132000	87132999	18
chr16	87133000	87133999	11
chr16	87134000	87134999	19
chr16	87135000	87135999	7
chr16	87136000	87136999	11
chr16	87137000	87137999	15
chr16	87138000	87138999	7
chr16	87139000	87139999	0
chr16	87140000	87140999	8
chr16	87141000	87141999	5
chr16	87142000	87142999	9
chr16	87143000	87143999	12
chr16	87144000	87144999	11
chr16	87145000	87145999	3
chr16	87146000	87146999	0
chr16	87147000	87147999	0
chr16	87148000	87148999	4
chr16	87149000	87149999	0
chr16	87150000	87150999	0
chr16	87151000	87151999	0
chr16	87152000	87152999	0
chr16	87153000	87153999	0
chr16	87154000	87154999	0
chr16	87155000	87155999	0
chr16	87156000	87156999	0
chr16	87157000	87157999	0
chr16	87158000	87158999	20
chr16	87159000	87159999	4
chr16	87160000	87160999	0
chr16	87161000	87161999	0
chr16	87162000	87162999	2
chr16	87163000	87163999	4
chr16	87164000	87164999	0
chr16	87165000	87165999	8
chr16	87166000	87166999	13
chr16	87167000	87167999	17
chr16	87168000	87168999	12
chr16	87169000	87169999	17
chr16	87170000	87170999	2
chr16	87171000	87171999	17
chr16	87172000	87172999	10
chr16	87173000	87173999	4
chr16	87174000	87174999	17
chr16	87175000	87175999	0
chr16	87176000	87176999	9
chr16	87177000	87177999	1
chr16	87178000	87178999	20
chr16	87179000	87179999	0
chr16	87180000	87180999	8
chr16	87181000	87181999	0
chr16	87182000	87182999	0
chr16	87183000	87183999	0
chr16	87184000	87184999	0
chr16	87185000	87185999	14
chr16	87186000	87186999	19
chr16	87187000	87187999	0
chr16	87188000	87188999	12
chr16	87189000	87189999	4
chr16	87190000	87190999	2
chr16	87191000	87191999	36
chr16	87192000	87192999	12
chr16	87193000	87193999	5
chr16	87194000	87194999	0
chr16	87195000	87195999	0
chr16	87196000	87196999	0
chr16	87197000	87197999	0
chr16	87198000	87198999	0
chr16	87199000	87199999	8
chr16	87200000	87200999	9
chr16	87201000	87201999	0
chr16	87202000	87202999	0
chr16	87203000	87203999	0
chr16	87204000	87204999	8
chr16	87205000	87205999	7
chr16	87206000	87206999	0
chr16	87207000	87207999	6
chr16	87208000	87208999	1
chr16	87209000	87209999	7
chr16	87210000	87210999	0
chr16	87211000	87211999	2
chr16	87212000	87212999	8
chr16	87213000	87213999	6
chr16	87214000	87214999	11
chr16	87215000	87215999	29
chr16	87216000	87216999	10
chr16	87217000	87217999	3
chr16	87218000	87218999	10
chr16	87219000	87219999	5
chr16	87220000	87220999	18
chr16	87221000	87221999	19
chr16	87222000	87222999	23
chr16	87223000	87223999	6
chr16	87224000	87224999	6
chr16	87225000	87225999	42
chr16	87226000	87226999	16
chr16	87227000	87227999	3
chr16	87228000	87228999	5
chr16	87229000	87229999	8
chr16	87230000	87230999	11
chr16	87231000	87231999	3
chr16	87232000	87232999	5
chr16	87233000	87233999	0
chr16	87234000	87234999	2
chr16	87235000	87235999	14
chr16	87236000	87236999	5
chr16	87237000	87237999	21
chr16	87238000	87238999	0
chr16	87239000	87239999	5
chr16	87240000	87240999	14
chr16	87241000	87241999	7
chr16	87242000	87242999	2
chr16	87243000	87243999	19
chr16	87244000	87244999	17
chr16	87245000	87245999	11
chr16	87246000	87246999	3
chr16	87247000	87247999	3
chr16	87248000	87248999	33
chr16	87249000	87249999	14
chr16	87250000	87250999	16
chr16	87251000	87251999	11
chr16	87252000	87252999	0
chr16	87253000	87253999	0
chr16	87254000	87254999	2
chr16	87255000	87255999	0
chr16	87256000	87256999	31
chr16	87257000	87257999	7
chr16	87258000	87258999	3
chr16	87259000	87259999	11
chr16	87260000	87260999	17
chr16	87261000	87261999	23
chr16	87262000	87262999	38
chr16	87263000	87263999	60
chr16	87264000	87264999	0
chr16	87265000	87265999	9
chr16	87266000	87266999	12
chr16	87267000	87267999	7
chr16	87268000	87268999	7
chr16	87269000	87269999	2
chr16	87270000	87270999	3
chr16	87271000	87271999	6
chr16	87272000	87272999	20
chr16	87273000	87273999	5
chr16	87274000	87274999	24
chr16	87275000	87275999	4
chr16	87276000	87276999	0
chr16	87277000	87277999	4
chr16	87278000	87278999	5
chr16	87279000	87279999	8
chr16	87280000	87280999	12
chr16	87281000	87281999	15
chr16	87282000	87282999	11
chr16	87283000	87283999	2
chr16	87284000	87284999	0
chr16	87285000	87285999	14
chr16	87286000	87286999	20
chr16	87287000	87287999	8
chr16	87288000	87288999	0
chr16	87289000	87289999	0
chr16	87290000	87290999	0
chr16	87291000	87291999	12
chr16	87292000	87292999	9
chr16	87293000	87293999	33
chr16	87294000	87294999	0
chr16	87295000	87295999	9
chr16	87296000	87296999	18
chr16	87297000	87297999	0
chr16	87298000	87298999	0
chr16	87299000	87299999	0
chr16	87300000	87300999	0
chr16	87301000	87301999	0
chr16	87302000	87302999	10
chr16	87303000	87303999	0
chr16	87304000	87304999	16
chr16	87305000	87305999	12
chr16	87306000	87306999	7
chr16	87307000	87307999	11
chr16	87308000	87308999	13
chr16	87309000	87309999	8
chr16	87310000	87310999	0
chr16	87311000	87311999	7
chr16	87312000	87312999	5
chr16	87313000	87313999	5
chr16	87314000	87314999	0
chr16	87315000	87315999	16
chr16	87316000	87316999	0
chr16	87317000	87317999	7
chr16	87318000	87318999	7
chr16	87319000	87319999	10
chr16	87320000	87320999	24
chr16	87321000	87321999	23
chr16	87322000	87322999	3
chr16	87323000	87323999	0
chr16	87324000	87324999	40
chr16	87325000	87325999	21
chr16	87326000	87326999	20
chr16	87327000	87327999	0
chr16	87328000	87328999	5
chr16	87329000	87329999	27
chr16	87330000	87330999	3
chr16	87331000	87331999	13
chr16	87332000	87332999	0
chr16	87333000	87333999	16
chr16	87334000	87334999	6
chr16	87335000	87335999	0
chr16	87336000	87336999	4
chr16	87337000	87337999	27
chr16	87338000	87338999	8
chr16	87339000	87339999	7
chr16	87340000	87340999	14
chr16	87341000	87341999	27
chr16	87342000	87342999	13
chr16	87343000	87343999	20
chr16	87344000	87344999	11
chr16	87345000	87345999	3
chr16	87346000	87346999	0
chr16	87347000	87347999	0
chr16	87348000	87348999	17
chr16	87349000	87349999	7
chr16	87350000	87350999	3
chr16	87351000	87351999	18
chr16	87352000	87352999	5
chr16	87353000	87353999	19
chr16	87354000	87354999	37
chr16	87355000	87355999	10
chr16	87356000	87356999	8
chr16	87357000	87357999	15
chr16	87358000	87358999	0
chr16	87359000	87359999	12
chr16	87360000	87360999	2
chr16	87361000	87361999	13
chr16	87362000	87362999	9
chr16	87363000	87363999	0
chr16	87364000	87364999	6
chr16	87365000	87365999	11
chr16	87366000	87366999	0
chr16	87367000	87367999	14
chr16	87368000	87368999	8
chr16	87369000	87369999	5
chr16	87370000	87370999	7
chr16	87371000	87371999	5
chr16	87372000	87372999	0
chr16	87373000	87373999	0
chr16	87374000	87374999	0
chr16	87375000	87375999	0
chr16	87376000	87376999	6
chr16	87377000	87377999	14
chr16	87378000	87378999	3
chr16	87379000	87379999	14
chr16	87380000	87380999	6
chr16	87381000	87381999	26
chr16	87382000	87382999	0
chr16	87383000	87383999	1
chr16	87384000	87384999	6
chr16	87385000	87385999	1
chr16	87386000	87386999	2
chr16	87387000	87387999	2
chr16	87388000	87388999	22
chr16	87389000	87389999	8
chr16	87390000	87390999	1
chr16	87391000	87391999	0
chr16	87392000	87392999	4
chr16	87393000	87393999	41
chr16	87394000	87394999	8
chr16	87395000	87395999	20
chr16	87396000	87396999	16
chr16	87397000	87397999	6
chr16	87398000	87398999	6
chr16	87399000	87399999	15
chr16	87400000	87400999	13
chr16	87401000	87401999	11
chr16	87402000	87402999	0
chr16	87403000	87403999	0
chr16	87404000	87404999	15
chr16	87405000	87405999	12
chr16	87406000	87406999	3
chr16	87407000	87407999	0
chr16	87408000	87408999	0
chr16	87409000	87409999	3
chr16	87410000	87410999	0
chr16	87411000	87411999	8
chr16	87412000	87412999	2
chr16	87413000	87413999	19
chr16	87414000	87414999	12
chr16	87415000	87415999	1
chr16	87416000	87416999	36
chr16	87417000	87417999	0
chr16	87418000	87418999	2
chr16	87419000	87419999	3
chr16	87420000	87420999	10
chr16	87421000	87421999	10
chr16	87422000	87422999	5
chr16	87423000	87423999	20
chr16	87424000	87424999	6
chr16	87425000	87425999	4
chr16	87426000	87426999	4
chr16	87427000	87427999	2
chr16	87428000	87428999	6
chr16	87429000	87429999	0
chr16	87430000	87430999	0
chr16	87431000	87431999	16
chr16	87432000	87432999	69
chr16	87433000	87433999	20
chr16	87434000	87434999	10
chr16	87435000	87435999	0
chr16	87436000	87436999	22
chr16	87437000	87437999	13
chr16	87438000	87438999	9
chr16	87439000	87439999	4
chr16	87440000	87440999	91
chr16	87441000	87441999	18
chr16	87442000	87442999	7
chr16	87443000	87443999	4
chr16	87444000	87444999	6
chr16	87445000	87445999	17
chr16	87446000	87446999	28
chr16	87447000	87447999	12
chr16	87448000	87448999	0
chr16	87449000	87449999	5
chr16	87450000	87450999	5
chr16	87451000	87451999	0
chr16	87452000	87452999	9
chr16	87453000	87453999	17
chr16	87454000	87454999	43
chr16	87455000	87455999	38
chr16	87456000	87456999	3
chr16	87457000	87457999	0
chr16	87458000	87458999	6
chr16	87459000	87459999	3
chr16	87460000	87460999	17
chr16	87461000	87461999	18
chr16	87462000	87462999	12
chr16	87463000	87463999	3
chr16	87464000	87464999	12
chr16	87465000	87465999	6
chr16	87466000	87466999	5
chr16	87467000	87467999	0
chr16	87468000	87468999	6
chr16	87469000	87469999	8
chr16	87470000	87470999	12
chr16	87471000	87471999	15
chr16	87472000	87472999	6
chr16	87473000	87473999	16
chr16	87474000	87474999	16
chr16	87475000	87475999	1
chr16	87476000	87476999	9
chr16	87477000	87477999	4
chr16	87478000	87478999	9
chr16	87479000	87479999	9
chr16	87480000	87480999	2
chr16	87481000	87481999	4
chr16	87482000	87482999	4
chr16	87483000	87483999	17
chr16	87484000	87484999	0
chr16	87485000	87485999	12
chr16	87486000	87486999	0
chr16	87487000	87487999	0
chr16	87488000	87488999	10
chr16	87489000	87489999	28
chr16	87490000	87490999	8
chr16	87491000	87491999	2
chr16	87492000	87492999	14
chr16	87493000	87493999	6
chr16	87494000	87494999	16
chr16	87495000	87495999	72
chr16	87496000	87496999	50
chr16	87497000	87497999	9
chr16	87498000	87498999	6
chr16	87499000	87499999	2
chr16	87500000	87500999	1
chr16	87501000	87501999	12
chr16	87502000	87502999	10
chr16	87503000	87503999	15
chr16	87504000	87504999	9
chr16	87505000	87505999	0
chr16	87506000	87506999	19
chr16	87507000	87507999	22
chr16	87508000	87508999	9
chr16	87509000	87509999	0
chr16	87510000	87510999	2
chr16	87511000	87511999	0
chr16	87512000	87512999	22
chr16	87513000	87513999	8
chr16	87514000	87514999	6
chr16	87515000	87515999	14
chr16	87516000	87516999	0
chr16	87517000	87517999	0
chr16	87518000	87518999	0
chr16	87519000	87519999	4
chr16	87520000	87520999	12
chr16	87521000	87521999	5
chr16	87522000	87522999	10
chr16	87523000	87523999	8
chr16	87524000	87524999	15
chr16	87525000	87525999	6
chr16	87526000	87526999	4
chr16	87527000	87527999	7
chr16	87528000	87528999	9
chr16	87529000	87529999	39
chr16	87530000	87530999	24
chr16	87531000	87531999	21
chr16	87532000	87532999	12
chr16	87533000	87533999	5
chr16	87534000	87534999	0
chr16	87535000	87535999	13
chr16	87536000	87536999	12
chr16	87537000	87537999	5
chr16	87538000	87538999	1
chr16	87539000	87539999	14
chr16	87540000	87540999	2
chr16	87541000	87541999	0
chr16	87542000	87542999	0
chr16	87543000	87543999	34
chr16	87544000	87544999	11
chr16	87545000	87545999	2
chr16	87546000	87546999	11
chr16	87547000	87547999	0
chr16	87548000	87548999	30
chr16	87549000	87549999	8
chr16	87550000	87550999	1
chr16	87551000	87551999	11
chr16	87552000	87552999	19
chr16	87553000	87553999	12
chr16	87554000	87554999	6
chr16	87555000	87555999	14
chr16	87556000	87556999	5
chr16	87557000	87557999	11
chr16	87558000	87558999	13
chr16	87559000	87559999	10
chr16	87560000	87560999	17
chr16	87561000	87561999	28
chr16	87562000	87562999	0
chr16	87563000	87563999	2
chr16	87564000	87564999	35
chr16	87565000	87565999	31
chr16	87566000	87566999	0
chr16	87567000	87567999	6
chr16	87568000	87568999	24
chr16	87569000	87569999	20
chr16	87570000	87570999	12
chr16	87571000	87571999	0
chr16	87572000	87572999	34
chr16	87573000	87573999	15
chr16	87574000	87574999	5
chr16	87575000	87575999	8
chr16	87576000	87576999	27
chr16	87577000	87577999	6
chr16	87578000	87578999	19
chr16	87579000	87579999	25
chr16	87580000	87580999	51
chr16	87581000	87581999	0
chr16	87582000	87582999	0
chr16	87583000	87583999	0
chr16	87584000	87584999	20
chr16	87585000	87585999	22
chr16	87586000	87586999	0
chr16	87587000	87587999	10
chr16	87588000	87588999	6
chr16	87589000	87589999	9
chr16	87590000	87590999	28
chr16	87591000	87591999	0
chr16	87592000	87592999	4
chr16	87593000	87593999	0
chr16	87594000	87594999	5
chr16	87595000	87595999	1
chr16	87596000	87596999	4
chr16	87597000	87597999	15
chr16	87598000	87598999	4
chr16	87599000	87599999	25
chr16	87600000	87600999	0
chr16	87601000	87601999	2
chr16	87602000	87602999	3
chr16	87603000	87603999	10
chr16	87604000	87604999	12
chr16	87605000	87605999	5
chr16	87606000	87606999	0
chr16	87607000	87607999	1
chr16	87608000	87608999	4
chr16	87609000	87609999	7
chr16	87610000	87610999	0
chr16	87611000	87611999	6
chr16	87612000	87612999	10
chr16	87613000	87613999	0
chr16	87614000	87614999	8
chr16	87615000	87615999	0
chr16	87616000	87616999	8
chr16	87617000	87617999	12
chr16	87618000	87618999	14
chr16	87619000	87619999	1
chr16	87620000	87620999	7
chr16	87621000	87621999	5
chr16	87622000	87622999	0
chr16	87623000	87623999	16
chr16	87624000	87624999	0
chr16	87625000	87625999	0
chr16	87626000	87626999	2
chr16	87627000	87627999	24
chr16	87628000	87628999	0
chr16	87629000	87629999	5
chr16	87630000	87630999	12
chr16	87631000	87631999	6
chr16	87632000	87632999	37
chr16	87633000	87633999	13
chr16	87634000	87634999	4
chr16	87635000	87635999	33
chr16	87636000	87636999	10
chr16	87637000	87637999	2
chr16	87638000	87638999	5
chr16	87639000	87639999	0
chr16	87640000	87640999	3
chr16	87641000	87641999	4
chr16	87642000	87642999	0
chr16	87643000	87643999	8
chr16	87644000	87644999	7
chr16	87645000	87645999	1
chr16	87646000	87646999	14
chr16	87647000	87647999	9
chr16	87648000	87648999	16
chr16	87649000	87649999	4
chr16	87650000	87650999	12
chr16	87651000	87651999	28
chr16	87652000	87652999	12
chr16	87653000	87653999	17
chr16	87654000	87654999	5
chr16	87655000	87655999	26
chr16	87656000	87656999	0
chr16	87657000	87657999	8
chr16	87658000	87658999	41
chr16	87659000	87659999	25
chr16	87660000	87660999	0
chr16	87661000	87661999	27
chr16	87662000	87662999	27
chr16	87663000	87663999	0
chr16	87664000	87664999	8
chr16	87665000	87665999	5
chr16	87666000	87666999	9
chr16	87667000	87667999	11
chr16	87668000	87668999	0
chr16	87669000	87669999	32
chr16	87670000	87670999	0
chr16	87671000	87671999	7
chr16	87672000	87672999	15
chr16	87673000	87673999	12
chr16	87674000	87674999	5
chr16	87675000	87675999	15
chr16	87676000	87676999	1
chr16	87677000	87677999	10
chr16	87678000	87678999	5
chr16	87679000	87679999	9
chr16	87680000	87680999	0
chr16	87681000	87681999	4
chr16	87682000	87682999	8
chr16	87683000	87683999	24
chr16	87684000	87684999	14
chr16	87685000	87685999	3
chr16	87686000	87686999	19
chr16	87687000	87687999	0
chr16	87688000	87688999	10
chr16	87689000	87689999	28
chr16	87690000	87690999	1
chr16	87691000	87691999	4
chr16	87692000	87692999	16
chr16	87693000	87693999	23
chr16	87694000	87694999	0
chr16	87695000	87695999	10
chr16	87696000	87696999	14
chr16	87697000	87697999	29
chr16	87698000	87698999	107
chr16	87699000	87699999	64
chr16	87700000	87700999	26
chr16	87701000	87701999	14
chr16	87702000	87702999	14
chr16	87703000	87703999	20
chr16	87704000	87704999	19
chr16	87705000	87705999	15
chr16	87706000	87706999	25
chr16	87707000	87707999	7
chr16	87708000	87708999	16
chr16	87709000	87709999	15
chr16	87710000	87710999	8
chr16	87711000	87711999	7
chr16	87712000	87712999	6
chr16	87713000	87713999	32
chr16	87714000	87714999	19
chr16	87715000	87715999	17
chr16	87716000	87716999	39
chr16	87717000	87717999	21
chr16	87718000	87718999	0
chr16	87719000	87719999	16
chr16	87720000	87720999	12
chr16	87721000	87721999	35
chr16	87722000	87722999	14
chr16	87723000	87723999	10
chr16	87724000	87724999	4
chr16	87725000	87725999	8
chr16	87726000	87726999	14
chr16	87727000	87727999	15
chr16	87728000	87728999	11
chr16	87729000	87729999	19
chr16	87730000	87730999	5
chr16	87731000	87731999	5
chr16	87732000	87732999	1
chr16	87733000	87733999	6
chr16	87734000	87734999	6
chr16	87735000	87735999	7
chr16	87736000	87736999	0
chr16	87737000	87737999	42
chr16	87738000	87738999	11
chr16	87739000	87739999	15
chr16	87740000	87740999	10
chr16	87741000	87741999	8
chr16	87742000	87742999	0
chr16	87743000	87743999	19
chr16	87744000	87744999	32
chr16	87745000	87745999	11
chr16	87746000	87746999	37
chr16	87747000	87747999	14
chr16	87748000	87748999	4
chr16	87749000	87749999	0
chr16	87750000	87750999	6
chr16	87751000	87751999	4
chr16	87752000	87752999	3
chr16	87753000	87753999	16
chr16	87754000	87754999	18
chr16	87755000	87755999	5
chr16	87756000	87756999	15
chr16	87757000	87757999	3
chr16	87758000	87758999	14
chr16	87759000	87759999	2
chr16	87760000	87760999	11
chr16	87761000	87761999	2
chr16	87762000	87762999	5
chr16	87763000	87763999	6
chr16	87764000	87764999	1
chr16	87765000	87765999	11
chr16	87766000	87766999	13
chr16	87767000	87767999	10
chr16	87768000	87768999	2
chr16	87769000	87769999	15
chr16	87770000	87770999	16
chr16	87771000	87771999	17
chr16	87772000	87772999	1
chr16	87773000	87773999	24
chr16	87774000	87774999	8
chr16	87775000	87775999	9
chr16	87776000	87776999	22
chr16	87777000	87777999	11
chr16	87778000	87778999	26
chr16	87779000	87779999	4
chr16	87780000	87780999	2
chr16	87781000	87781999	17
chr16	87782000	87782999	24
chr16	87783000	87783999	46
chr16	87784000	87784999	51
chr16	87785000	87785999	2
chr16	87786000	87786999	6
chr16	87787000	87787999	5
chr16	87788000	87788999	6
chr16	87789000	87789999	5
chr16	87790000	87790999	7
chr16	87791000	87791999	9
chr16	87792000	87792999	27
chr16	87793000	87793999	1
chr16	87794000	87794999	11
chr16	87795000	87795999	0
chr16	87796000	87796999	16
chr16	87797000	87797999	22
chr16	87798000	87798999	0
chr16	87799000	87799999	0
chr16	87800000	87800999	8
chr16	87801000	87801999	0
chr16	87802000	87802999	28
chr16	87803000	87803999	37
chr16	87804000	87804999	9
chr16	87805000	87805999	17
chr16	87806000	87806999	4
chr16	87807000	87807999	3
chr16	87808000	87808999	22
chr16	87809000	87809999	7
chr16	87810000	87810999	9
chr16	87811000	87811999	12
chr16	87812000	87812999	7
chr16	87813000	87813999	22
chr16	87814000	87814999	6
chr16	87815000	87815999	22
chr16	87816000	87816999	15
chr16	87817000	87817999	29
chr16	87818000	87818999	9
chr16	87819000	87819999	16
chr16	87820000	87820999	15
chr16	87821000	87821999	9
chr16	87822000	87822999	9
chr16	87823000	87823999	7
chr16	87824000	87824999	14
chr16	87825000	87825999	24
chr16	87826000	87826999	22
chr16	87827000	87827999	0
chr16	87828000	87828999	0
chr16	87829000	87829999	34
chr16	87830000	87830999	0
chr16	87831000	87831999	0
chr16	87832000	87832999	5
chr16	87833000	87833999	4
chr16	87834000	87834999	17
chr16	87835000	87835999	8
chr16	87836000	87836999	9
chr16	87837000	87837999	20
chr16	87838000	87838999	10
chr16	87839000	87839999	10
chr16	87840000	87840999	14
chr16	87841000	87841999	8
chr16	87842000	87842999	30
chr16	87843000	87843999	14
chr16	87844000	87844999	10
chr16	87845000	87845999	20
chr16	87846000	87846999	8
chr16	87847000	87847999	0
chr16	87848000	87848999	10
chr16	87849000	87849999	3
chr16	87850000	87850999	14
chr16	87851000	87851999	0
chr16	87852000	87852999	11
chr16	87853000	87853999	4
chr16	87854000	87854999	0
chr16	87855000	87855999	15
chr16	87856000	87856999	7
chr16	87857000	87857999	0
chr16	87858000	87858999	8
chr16	87859000	87859999	16
chr16	87860000	87860999	0
chr16	87861000	87861999	14
chr16	87862000	87862999	5
chr16	87863000	87863999	1
chr16	87864000	87864999	20
chr16	87865000	87865999	1
chr16	87866000	87866999	26
chr16	87867000	87867999	7
chr16	87868000	87868999	7
chr16	87869000	87869999	2
chr16	87870000	87870999	6
chr16	87871000	87871999	15
chr16	87872000	87872999	10
chr16	87873000	87873999	3
chr16	87874000	87874999	11
chr16	87875000	87875999	11
chr16	87876000	87876999	0
chr16	87877000	87877999	0
chr16	87878000	87878999	8
chr16	87879000	87879999	0
chr16	87880000	87880999	9
chr16	87881000	87881999	23
chr16	87882000	87882999	7
chr16	87883000	87883999	15
chr16	87884000	87884999	27
chr16	87885000	87885999	5
chr16	87886000	87886999	7
chr16	87887000	87887999	2
chr16	87888000	87888999	12
chr16	87889000	87889999	8
chr16	87890000	87890999	19
chr16	87891000	87891999	11
chr16	87892000	87892999	12
chr16	87893000	87893999	9
chr16	87894000	87894999	12
chr16	87895000	87895999	0
chr16	87896000	87896999	16
chr16	87897000	87897999	29
chr16	87898000	87898999	0
chr16	87899000	87899999	1
chr16	87900000	87900999	0
chr16	87901000	87901999	0
chr16	87902000	87902999	0
chr16	87903000	87903999	13
chr16	87904000	87904999	9
chr16	87905000	87905999	17
chr16	87906000	87906999	17
chr16	87907000	87907999	4
chr16	87908000	87908999	3
chr16	87909000	87909999	23
chr16	87910000	87910999	11
chr16	87911000	87911999	6
chr16	87912000	87912999	0
chr16	87913000	87913999	17
chr16	87914000	87914999	4
chr16	87915000	87915999	5
chr16	87916000	87916999	12
chr16	87917000	87917999	1
chr16	87918000	87918999	9
chr16	87919000	87919999	5
chr16	87920000	87920999	37
chr16	87921000	87921999	1
chr16	87922000	87922999	11
chr16	87923000	87923999	26
chr16	87924000	87924999	0
chr16	87925000	87925999	10
chr16	87926000	87926999	13
chr16	87927000	87927999	7
chr16	87928000	87928999	15
chr16	87929000	87929999	9
chr16	87930000	87930999	23
chr16	87931000	87931999	7
chr16	87932000	87932999	18
chr16	87933000	87933999	10
chr16	87934000	87934999	16
chr16	87935000	87935999	15
chr16	87936000	87936999	8
chr16	87937000	87937999	27
chr16	87938000	87938999	7
chr16	87939000	87939999	9
chr16	87940000	87940999	24
chr16	87941000	87941999	4
chr16	87942000	87942999	14
chr16	87943000	87943999	23
chr16	87944000	87944999	4
chr16	87945000	87945999	9
chr16	87946000	87946999	0
chr16	87947000	87947999	8
chr16	87948000	87948999	0
chr16	87949000	87949999	2
chr16	87950000	87950999	9
chr16	87951000	87951999	15
chr16	87952000	87952999	2
chr16	87953000	87953999	4
chr16	87954000	87954999	0
chr16	87955000	87955999	13
chr16	87956000	87956999	5
chr16	87957000	87957999	5
chr16	87958000	87958999	18
chr16	87959000	87959999	19
chr16	87960000	87960999	7
chr16	87961000	87961999	22
chr16	87962000	87962999	0
chr16	87963000	87963999	0
chr16	87964000	87964999	5
chr16	87965000	87965999	25
chr16	87966000	87966999	8
chr16	87967000	87967999	3
chr16	87968000	87968999	0
chr16	87969000	87969999	0
chr16	87970000	87970999	10
chr16	87971000	87971999	15
chr16	87972000	87972999	0
chr16	87973000	87973999	0
chr16	87974000	87974999	9
chr16	87975000	87975999	19
chr16	87976000	87976999	14
chr16	87977000	87977999	3
chr16	87978000	87978999	6
chr16	87979000	87979999	1
chr16	87980000	87980999	3
chr16	87981000	87981999	30
chr16	87982000	87982999	26
chr16	87983000	87983999	4
chr16	87984000	87984999	20
chr16	87985000	87985999	2
chr16	87986000	87986999	0
chr16	87987000	87987999	10
chr16	87988000	87988999	4
chr16	87989000	87989999	3
chr16	87990000	87990999	10
chr16	87991000	87991999	4
chr16	87992000	87992999	0
chr16	87993000	87993999	21
chr16	87994000	87994999	10
chr16	87995000	87995999	5
chr16	87996000	87996999	0
chr16	87997000	87997999	12
chr16	87998000	87998999	1
chr16	87999000	87999999	17
chr16	88000000	88000999	8
chr16	88001000	88001999	11
chr16	88002000	88002999	23
chr16	88003000	88003999	15
chr16	88004000	88004999	21
chr16	88005000	88005999	6
chr16	88006000	88006999	0
chr16	88007000	88007999	9
chr16	88008000	88008999	0
chr16	88009000	88009999	34
chr16	88010000	88010999	15
chr16	88011000	88011999	7
chr16	88012000	88012999	6
chr16	88013000	88013999	7
chr16	88014000	88014999	39
chr16	88015000	88015999	23
chr16	88016000	88016999	20
chr16	88017000	88017999	3
chr16	88018000	88018999	2
chr16	88019000	88019999	15
chr16	88020000	88020999	0
chr16	88021000	88021999	21
chr16	88022000	88022999	0
chr16	88023000	88023999	0
chr16	88024000	88024999	0
chr16	88025000	88025999	0
chr16	88026000	88026999	0
chr16	88027000	88027999	0
chr16	88028000	88028999	0
chr16	88029000	88029999	0
chr16	88030000	88030999	22
chr16	88031000	88031999	8
chr16	88032000	88032999	8
chr16	88033000	88033999	0
chr16	88034000	88034999	5
chr16	88035000	88035999	4
chr16	88036000	88036999	39
chr16	88037000	88037999	12
chr16	88038000	88038999	11
chr16	88039000	88039999	20
chr16	88040000	88040999	4
chr16	88041000	88041999	18
chr16	88042000	88042999	17
chr16	88043000	88043999	23
chr16	88044000	88044999	14
chr16	88045000	88045999	14
chr16	88046000	88046999	17
chr16	88047000	88047999	20
chr16	88048000	88048999	5
chr16	88049000	88049999	4
chr16	88050000	88050999	1
chr16	88051000	88051999	13
chr16	88052000	88052999	11
chr16	88053000	88053999	12
chr16	88054000	88054999	21
chr16	88055000	88055999	6
chr16	88056000	88056999	0
chr16	88057000	88057999	5
chr16	88058000	88058999	13
chr16	88059000	88059999	26
chr16	88060000	88060999	6
chr16	88061000	88061999	0
chr16	88062000	88062999	5
chr16	88063000	88063999	0
chr16	88064000	88064999	0
chr16	88065000	88065999	0
chr16	88066000	88066999	0
chr16	88067000	88067999	0
chr16	88068000	88068999	10
chr16	88069000	88069999	7
chr16	88070000	88070999	8
chr16	88071000	88071999	13
chr16	88072000	88072999	9
chr16	88073000	88073999	30
chr16	88074000	88074999	21
chr16	88075000	88075999	17
chr16	88076000	88076999	3
chr16	88077000	88077999	0
chr16	88078000	88078999	6
chr16	88079000	88079999	28
chr16	88080000	88080999	14
chr16	88081000	88081999	4
chr16	88082000	88082999	10
chr16	88083000	88083999	17
chr16	88084000	88084999	0
chr16	88085000	88085999	4
chr16	88086000	88086999	23
chr16	88087000	88087999	5
chr16	88088000	88088999	0
chr16	88089000	88089999	13
chr16	88090000	88090999	0
chr16	88091000	88091999	2
chr16	88092000	88092999	0
chr16	88093000	88093999	14
chr16	88094000	88094999	4
chr16	88095000	88095999	41
chr16	88096000	88096999	9
chr16	88097000	88097999	3
chr16	88098000	88098999	19
chr16	88099000	88099999	1
chr16	88100000	88100999	8
chr16	88101000	88101999	0
chr16	88102000	88102999	0
chr16	88103000	88103999	9
chr16	88104000	88104999	0
chr16	88105000	88105999	0
chr16	88106000	88106999	0
chr16	88107000	88107999	0
chr16	88108000	88108999	0
chr16	88109000	88109999	0
chr16	88110000	88110999	0
chr16	88111000	88111999	7
chr16	88112000	88112999	54
chr16	88113000	88113999	4
chr16	88114000	88114999	14
chr16	88115000	88115999	23
chr16	88116000	88116999	12
chr16	88117000	88117999	8
chr16	88118000	88118999	0
chr16	88119000	88119999	9
chr16	88120000	88120999	0
chr16	88121000	88121999	14
chr16	88122000	88122999	44
chr16	88123000	88123999	9
chr16	88124000	88124999	21
chr16	88125000	88125999	27
chr16	88126000	88126999	3
chr16	88127000	88127999	24
chr16	88128000	88128999	8
chr16	88129000	88129999	0
chr16	88130000	88130999	5
chr16	88131000	88131999	18
chr16	88132000	88132999	14
chr16	88133000	88133999	0
chr16	88134000	88134999	0
chr16	88135000	88135999	22
chr16	88136000	88136999	15
chr16	88137000	88137999	8
chr16	88138000	88138999	4
chr16	88139000	88139999	2
chr16	88140000	88140999	43
chr16	88141000	88141999	1
chr16	88142000	88142999	1
chr16	88143000	88143999	11
chr16	88144000	88144999	7
chr16	88145000	88145999	19
chr16	88146000	88146999	12
chr16	88147000	88147999	10
chr16	88148000	88148999	10
chr16	88149000	88149999	5
chr16	88150000	88150999	0
chr16	88151000	88151999	0
chr16	88152000	88152999	14
chr16	88153000	88153999	0
chr16	88154000	88154999	3
chr16	88155000	88155999	7
chr16	88156000	88156999	0
chr16	88157000	88157999	23
chr16	88158000	88158999	10
chr16	88159000	88159999	8
chr16	88160000	88160999	0
chr16	88161000	88161999	7
chr16	88162000	88162999	9
chr16	88163000	88163999	16
chr16	88164000	88164999	6
chr16	88165000	88165999	0
chr16	88166000	88166999	9
chr16	88167000	88167999	0
chr16	88168000	88168999	9
chr16	88169000	88169999	0
chr16	88170000	88170999	0
chr16	88171000	88171999	0
chr16	88172000	88172999	33
chr16	88173000	88173999	7
chr16	88174000	88174999	6
chr16	88175000	88175999	0
chr16	88176000	88176999	3
chr16	88177000	88177999	2
chr16	88178000	88178999	13
chr16	88179000	88179999	3
chr16	88180000	88180999	17
chr16	88181000	88181999	25
chr16	88182000	88182999	8
chr16	88183000	88183999	8
chr16	88184000	88184999	21
chr16	88185000	88185999	9
chr16	88186000	88186999	0
chr16	88187000	88187999	13
chr16	88188000	88188999	2
chr16	88189000	88189999	8
chr16	88190000	88190999	33
chr16	88191000	88191999	14
chr16	88192000	88192999	0
chr16	88193000	88193999	10
chr16	88194000	88194999	5
chr16	88195000	88195999	16
chr16	88196000	88196999	40
chr16	88197000	88197999	8
chr16	88198000	88198999	23
chr16	88199000	88199999	5
chr16	88200000	88200999	10
chr16	88201000	88201999	11
chr16	88202000	88202999	18
chr16	88203000	88203999	7
chr16	88204000	88204999	44
chr16	88205000	88205999	0
chr16	88206000	88206999	4
chr16	88207000	88207999	4
chr16	88208000	88208999	9
chr16	88209000	88209999	6
chr16	88210000	88210999	0
chr16	88211000	88211999	19
chr16	88212000	88212999	73
chr16	88213000	88213999	35
chr16	88214000	88214999	7
chr16	88215000	88215999	40
chr16	88216000	88216999	0
chr16	88217000	88217999	4
chr16	88218000	88218999	25
chr16	88219000	88219999	9
chr16	88220000	88220999	3
chr16	88221000	88221999	0
chr16	88222000	88222999	42
chr16	88223000	88223999	14
chr16	88224000	88224999	17
chr16	88225000	88225999	6
chr16	88226000	88226999	3
chr16	88227000	88227999	12
chr16	88228000	88228999	15
chr16	88229000	88229999	15
chr16	88230000	88230999	11
chr16	88231000	88231999	15
chr16	88232000	88232999	9
chr16	88233000	88233999	5
chr16	88234000	88234999	21
chr16	88235000	88235999	16
chr16	88236000	88236999	1
chr16	88237000	88237999	0
chr16	88238000	88238999	0
chr16	88239000	88239999	12
chr16	88240000	88240999	8
chr16	88241000	88241999	18
chr16	88242000	88242999	10
chr16	88243000	88243999	11
chr16	88244000	88244999	4
chr16	88245000	88245999	9
chr16	88246000	88246999	19
chr16	88247000	88247999	0
chr16	88248000	88248999	0
chr16	88249000	88249999	3
chr16	88250000	88250999	15
chr16	88251000	88251999	49
chr16	88252000	88252999	14
chr16	88253000	88253999	4
chr16	88254000	88254999	7
chr16	88255000	88255999	12
chr16	88256000	88256999	10
chr16	88257000	88257999	17
chr16	88258000	88258999	6
chr16	88259000	88259999	4
chr16	88260000	88260999	21
chr16	88261000	88261999	0
chr16	88262000	88262999	17
chr16	88263000	88263999	0
chr16	88264000	88264999	9
chr16	88265000	88265999	0
chr16	88266000	88266999	3
chr16	88267000	88267999	0
chr16	88268000	88268999	11
chr16	88269000	88269999	4
chr16	88270000	88270999	11
chr16	88271000	88271999	0
chr16	88272000	88272999	7
chr16	88273000	88273999	9
chr16	88274000	88274999	6
chr16	88275000	88275999	2
chr16	88276000	88276999	2
chr16	88277000	88277999	2
chr16	88278000	88278999	2
chr16	88279000	88279999	8
chr16	88280000	88280999	20
chr16	88281000	88281999	0
chr16	88282000	88282999	14
chr16	88283000	88283999	1
chr16	88284000	88284999	3
chr16	88285000	88285999	15
chr16	88286000	88286999	8
chr16	88287000	88287999	5
chr16	88288000	88288999	0
chr16	88289000	88289999	7
chr16	88290000	88290999	7
chr16	88291000	88291999	11
chr16	88292000	88292999	0
chr16	88293000	88293999	0
chr16	88294000	88294999	18
chr16	88295000	88295999	10
chr16	88296000	88296999	0
chr16	88297000	88297999	7
chr16	88298000	88298999	29
chr16	88299000	88299999	25
chr16	88300000	88300999	29
chr16	88301000	88301999	4
chr16	88302000	88302999	6
chr16	88303000	88303999	0
chr16	88304000	88304999	11
chr16	88305000	88305999	3
chr16	88306000	88306999	12
chr16	88307000	88307999	5
chr16	88308000	88308999	2
chr16	88309000	88309999	6
chr16	88310000	88310999	2
chr16	88311000	88311999	17
chr16	88312000	88312999	21
chr16	88313000	88313999	0
chr16	88314000	88314999	11
chr16	88315000	88315999	7
chr16	88316000	88316999	12
chr16	88317000	88317999	0
chr16	88318000	88318999	0
chr16	88319000	88319999	6
chr16	88320000	88320999	11
chr16	88321000	88321999	6
chr16	88322000	88322999	13
chr16	88323000	88323999	6
chr16	88324000	88324999	8
chr16	88325000	88325999	0
chr16	88326000	88326999	22
chr16	88327000	88327999	2
chr16	88328000	88328999	0
chr16	88329000	88329999	13
chr16	88330000	88330999	11
chr16	88331000	88331999	0
chr16	88332000	88332999	0
chr16	88333000	88333999	12
chr16	88334000	88334999	38
chr16	88335000	88335999	0
chr16	88336000	88336999	15
chr16	88337000	88337999	0
chr16	88338000	88338999	1
chr16	88339000	88339999	27
chr16	88340000	88340999	16
chr16	88341000	88341999	20
chr16	88342000	88342999	7
chr16	88343000	88343999	4
chr16	88344000	88344999	4
chr16	88345000	88345999	16
chr16	88346000	88346999	20
chr16	88347000	88347999	1
chr16	88348000	88348999	24
chr16	88349000	88349999	1
chr16	88350000	88350999	5
chr16	88351000	88351999	4
chr16	88352000	88352999	25
chr16	88353000	88353999	24
chr16	88354000	88354999	4
chr16	88355000	88355999	0
chr16	88356000	88356999	17
chr16	88357000	88357999	11
chr16	88358000	88358999	0
chr16	88359000	88359999	6
chr16	88360000	88360999	11
chr16	88361000	88361999	9
chr16	88362000	88362999	0
chr16	88363000	88363999	6
chr16	88364000	88364999	6
chr16	88365000	88365999	55
chr16	88366000	88366999	7
chr16	88367000	88367999	8
chr16	88368000	88368999	22
chr16	88369000	88369999	0
chr16	88370000	88370999	15
chr16	88371000	88371999	0
chr16	88372000	88372999	36
chr16	88373000	88373999	13
chr16	88374000	88374999	0
chr16	88375000	88375999	9
chr16	88376000	88376999	40
chr16	88377000	88377999	20
chr16	88378000	88378999	18
chr16	88379000	88379999	3
chr16	88380000	88380999	13
chr16	88381000	88381999	6
chr16	88382000	88382999	13
chr16	88383000	88383999	10
chr16	88384000	88384999	4
chr16	88385000	88385999	12
chr16	88386000	88386999	0
chr16	88387000	88387999	22
chr16	88388000	88388999	0
chr16	88389000	88389999	23
chr16	88390000	88390999	1
chr16	88391000	88391999	47
chr16	88392000	88392999	7
chr16	88393000	88393999	8
chr16	88394000	88394999	3
chr16	88395000	88395999	2
chr16	88396000	88396999	1
chr16	88397000	88397999	1
chr16	88398000	88398999	19
chr16	88399000	88399999	17
chr16	88400000	88400999	17
chr16	88401000	88401999	18
chr16	88402000	88402999	11
chr16	88403000	88403999	12
chr16	88404000	88404999	11
chr16	88405000	88405999	4
chr16	88406000	88406999	2
chr16	88407000	88407999	11
chr16	88408000	88408999	0
chr16	88409000	88409999	0
chr16	88410000	88410999	22
chr16	88411000	88411999	21
chr16	88412000	88412999	18
chr16	88413000	88413999	4
chr16	88414000	88414999	5
chr16	88415000	88415999	16
chr16	88416000	88416999	0
chr16	88417000	88417999	6
chr16	88418000	88418999	5
chr16	88419000	88419999	0
chr16	88420000	88420999	10
chr16	88421000	88421999	1
chr16	88422000	88422999	17
chr16	88423000	88423999	0
chr16	88424000	88424999	0
chr16	88425000	88425999	8
chr16	88426000	88426999	0
chr16	88427000	88427999	7
chr16	88428000	88428999	0
chr16	88429000	88429999	5
chr16	88430000	88430999	2
chr16	88431000	88431999	0
chr16	88432000	88432999	3
chr16	88433000	88433999	27
chr16	88434000	88434999	3
chr16	88435000	88435999	6
chr16	88436000	88436999	2
chr16	88437000	88437999	11
chr16	88438000	88438999	7
chr16	88439000	88439999	22
chr16	88440000	88440999	15
chr16	88441000	88441999	3
chr16	88442000	88442999	0
chr16	88443000	88443999	0
chr16	88444000	88444999	12
chr16	88445000	88445999	0
chr16	88446000	88446999	7
chr16	88447000	88447999	0
chr16	88448000	88448999	0
chr16	88449000	88449999	6
chr16	88450000	88450999	24
chr16	88451000	88451999	7
chr16	88452000	88452999	10
chr16	88453000	88453999	2
chr16	88454000	88454999	3
chr16	88455000	88455999	16
chr16	88456000	88456999	9
chr16	88457000	88457999	23
chr16	88458000	88458999	9
chr16	88459000	88459999	6
chr16	88460000	88460999	13
chr16	88461000	88461999	0
chr16	88462000	88462999	7
chr16	88463000	88463999	0
chr16	88464000	88464999	3
chr16	88465000	88465999	0
chr16	88466000	88466999	15
chr16	88467000	88467999	2
chr16	88468000	88468999	0
chr16	88469000	88469999	15
chr16	88470000	88470999	3
chr16	88471000	88471999	0
chr16	88472000	88472999	18
chr16	88473000	88473999	2
chr16	88474000	88474999	12
chr16	88475000	88475999	9
chr16	88476000	88476999	0
chr16	88477000	88477999	21
chr16	88478000	88478999	0
chr16	88479000	88479999	0
chr16	88480000	88480999	0
chr16	88481000	88481999	27
chr16	88482000	88482999	11
chr16	88483000	88483999	0
chr16	88484000	88484999	14
chr16	88485000	88485999	16
chr16	88486000	88486999	1
chr16	88487000	88487999	2
chr16	88488000	88488999	5
chr16	88489000	88489999	0
chr16	88490000	88490999	0
chr16	88491000	88491999	16
chr16	88492000	88492999	13
chr16	88493000	88493999	10
chr16	88494000	88494999	10
chr16	88495000	88495999	3
chr16	88496000	88496999	9
chr16	88497000	88497999	13
chr16	88498000	88498999	20
chr16	88499000	88499999	1
chr16	88500000	88500999	6
chr16	88501000	88501999	6
chr16	88502000	88502999	0
chr16	88503000	88503999	8
chr16	88504000	88504999	9
chr16	88505000	88505999	0
chr16	88506000	88506999	11
chr16	88507000	88507999	19
chr16	88508000	88508999	24
chr16	88509000	88509999	3
chr16	88510000	88510999	6
chr16	88511000	88511999	25
chr16	88512000	88512999	8
chr16	88513000	88513999	5
chr16	88514000	88514999	11
chr16	88515000	88515999	7
chr16	88516000	88516999	0
chr16	88517000	88517999	9
chr16	88518000	88518999	0
chr16	88519000	88519999	2
chr16	88520000	88520999	0
chr16	88521000	88521999	26
chr16	88522000	88522999	43
chr16	88523000	88523999	9
chr16	88524000	88524999	0
chr16	88525000	88525999	10
chr16	88526000	88526999	9
chr16	88527000	88527999	8
chr16	88528000	88528999	0
chr16	88529000	88529999	0
chr16	88530000	88530999	0
chr16	88531000	88531999	0
chr16	88532000	88532999	0
chr16	88533000	88533999	0
chr16	88534000	88534999	5
chr16	88535000	88535999	4
chr16	88536000	88536999	10
chr16	88537000	88537999	1
chr16	88538000	88538999	18
chr16	88539000	88539999	0
chr16	88540000	88540999	10
chr16	88541000	88541999	15
chr16	88542000	88542999	0
chr16	88543000	88543999	16
chr16	88544000	88544999	11
chr16	88545000	88545999	0
chr16	88546000	88546999	15
chr16	88547000	88547999	9
chr16	88548000	88548999	10
chr16	88549000	88549999	3
chr16	88550000	88550999	32
chr16	88551000	88551999	6
chr16	88552000	88552999	0
chr16	88553000	88553999	6
chr16	88554000	88554999	10
chr16	88555000	88555999	7
chr16	88556000	88556999	124
chr16	88557000	88557999	48
chr16	88558000	88558999	2
chr16	88559000	88559999	7
chr16	88560000	88560999	12
chr16	88561000	88561999	7
chr16	88562000	88562999	27
chr16	88563000	88563999	111
chr16	88564000	88564999	10
chr16	88565000	88565999	7
chr16	88566000	88566999	29
chr16	88567000	88567999	10
chr16	88568000	88568999	7
chr16	88569000	88569999	1
chr16	88570000	88570999	56
chr16	88571000	88571999	3
chr16	88572000	88572999	12
chr16	88573000	88573999	52
chr16	88574000	88574999	2
chr16	88575000	88575999	15
chr16	88576000	88576999	0
chr16	88577000	88577999	7
chr16	88578000	88578999	13
chr16	88579000	88579999	31
chr16	88580000	88580999	19
chr16	88581000	88581999	19
chr16	88582000	88582999	7
chr16	88583000	88583999	19
chr16	88584000	88584999	6
chr16	88585000	88585999	17
chr16	88586000	88586999	11
chr16	88587000	88587999	2
chr16	88588000	88588999	3
chr16	88589000	88589999	38
chr16	88590000	88590999	7
chr16	88591000	88591999	19
chr16	88592000	88592999	20
chr16	88593000	88593999	2
chr16	88594000	88594999	21
chr16	88595000	88595999	0
chr16	88596000	88596999	13
chr16	88597000	88597999	0
chr16	88598000	88598999	35
chr16	88599000	88599999	11
chr16	88600000	88600999	18
chr16	88601000	88601999	4
chr16	88602000	88602999	9
chr16	88603000	88603999	0
chr16	88604000	88604999	22
chr16	88605000	88605999	0
chr16	88606000	88606999	0
chr16	88607000	88607999	4
chr16	88608000	88608999	24
chr16	88609000	88609999	20
chr16	88610000	88610999	6
chr16	88611000	88611999	13
chr16	88612000	88612999	23
chr16	88613000	88613999	0
chr16	88614000	88614999	10
chr16	88615000	88615999	5
chr16	88616000	88616999	9
chr16	88617000	88617999	0
chr16	88618000	88618999	4
chr16	88619000	88619999	18
chr16	88620000	88620999	0
chr16	88621000	88621999	1
chr16	88622000	88622999	7
chr16	88623000	88623999	3
chr16	88624000	88624999	8
chr16	88625000	88625999	0
chr16	88626000	88626999	5
chr16	88627000	88627999	38
chr16	88628000	88628999	4
chr16	88629000	88629999	26
chr16	88630000	88630999	9
chr16	88631000	88631999	2
chr16	88632000	88632999	0
chr16	88633000	88633999	0
chr16	88634000	88634999	0
chr16	88635000	88635999	25
chr16	88636000	88636999	0
chr16	88637000	88637999	23
chr16	88638000	88638999	22
chr16	88639000	88639999	0
chr16	88640000	88640999	27
chr16	88641000	88641999	4
chr16	88642000	88642999	9
chr16	88643000	88643999	26
chr16	88644000	88644999	9
chr16	88645000	88645999	0
chr16	88646000	88646999	22
chr16	88647000	88647999	28
chr16	88648000	88648999	27
chr16	88649000	88649999	0
chr16	88650000	88650999	10
chr16	88651000	88651999	2
chr16	88652000	88652999	0
chr16	88653000	88653999	9
chr16	88654000	88654999	20
chr16	88655000	88655999	18
chr16	88656000	88656999	9
chr16	88657000	88657999	42
chr16	88658000	88658999	2
chr16	88659000	88659999	0
chr16	88660000	88660999	1
chr16	88661000	88661999	6
chr16	88662000	88662999	3
chr16	88663000	88663999	4
chr16	88664000	88664999	3
chr16	88665000	88665999	4
chr16	88666000	88666999	0
chr16	88667000	88667999	12
chr16	88668000	88668999	16
chr16	88669000	88669999	41
chr16	88670000	88670999	2
chr16	88671000	88671999	15
chr16	88672000	88672999	2
chr16	88673000	88673999	16
chr16	88674000	88674999	3
chr16	88675000	88675999	5
chr16	88676000	88676999	5
chr16	88677000	88677999	0
chr16	88678000	88678999	4
chr16	88679000	88679999	0
chr16	88680000	88680999	12
chr16	88681000	88681999	6
chr16	88682000	88682999	13
chr16	88683000	88683999	17
chr16	88684000	88684999	11
chr16	88685000	88685999	8
chr16	88686000	88686999	0
chr16	88687000	88687999	6
chr16	88688000	88688999	13
chr16	88689000	88689999	2
chr16	88690000	88690999	20
chr16	88691000	88691999	7
chr16	88692000	88692999	12
chr16	88693000	88693999	1
chr16	88694000	88694999	12
chr16	88695000	88695999	1
chr16	88696000	88696999	3
chr16	88697000	88697999	9
chr16	88698000	88698999	11
chr16	88699000	88699999	6
chr16	88700000	88700999	31
chr16	88701000	88701999	35
chr16	88702000	88702999	8
chr16	88703000	88703999	30
chr16	88704000	88704999	0
chr16	88705000	88705999	7
chr16	88706000	88706999	1
chr16	88707000	88707999	24
chr16	88708000	88708999	1
chr16	88709000	88709999	0
chr16	88710000	88710999	41
chr16	88711000	88711999	19
chr16	88712000	88712999	5
chr16	88713000	88713999	5
chr16	88714000	88714999	5
chr16	88715000	88715999	8
chr16	88716000	88716999	1
chr16	88717000	88717999	29
chr16	88718000	88718999	20
chr16	88719000	88719999	12
chr16	88720000	88720999	8
chr16	88721000	88721999	13
chr16	88722000	88722999	2
chr16	88723000	88723999	17
chr16	88724000	88724999	20
chr16	88725000	88725999	22
chr16	88726000	88726999	26
chr16	88727000	88727999	4
chr16	88728000	88728999	0
chr16	88729000	88729999	16
chr16	88730000	88730999	5
chr16	88731000	88731999	6
chr16	88732000	88732999	5
chr16	88733000	88733999	0
chr16	88734000	88734999	65
chr16	88735000	88735999	0
chr16	88736000	88736999	7
chr16	88737000	88737999	9
chr16	88738000	88738999	0
chr16	88739000	88739999	3
chr16	88740000	88740999	0
chr16	88741000	88741999	0
chr16	88742000	88742999	10
chr16	88743000	88743999	0
chr16	88744000	88744999	5
chr16	88745000	88745999	41
chr16	88746000	88746999	15
chr16	88747000	88747999	1
chr16	88748000	88748999	22
chr16	88749000	88749999	17
chr16	88750000	88750999	16
chr16	88751000	88751999	6
chr16	88752000	88752999	9
chr16	88753000	88753999	5
chr16	88754000	88754999	6
chr16	88755000	88755999	25
chr16	88756000	88756999	0
chr16	88757000	88757999	18
chr16	88758000	88758999	0
chr16	88759000	88759999	17
chr16	88760000	88760999	24
chr16	88761000	88761999	0
chr16	88762000	88762999	5
chr16	88763000	88763999	5
chr16	88764000	88764999	15
chr16	88765000	88765999	16
chr16	88766000	88766999	0
chr16	88767000	88767999	2
chr16	88768000	88768999	0
chr16	88769000	88769999	0
chr16	88770000	88770999	6
chr16	88771000	88771999	11
chr16	88772000	88772999	2
chr16	88773000	88773999	3
chr16	88774000	88774999	0
chr16	88775000	88775999	1
chr16	88776000	88776999	0
chr16	88777000	88777999	2
chr16	88778000	88778999	3
chr16	88779000	88779999	0
chr16	88780000	88780999	20
chr16	88781000	88781999	8
chr16	88782000	88782999	2
chr16	88783000	88783999	0
chr16	88784000	88784999	10
chr16	88785000	88785999	15
chr16	88786000	88786999	0
chr16	88787000	88787999	18
chr16	88788000	88788999	24
chr16	88789000	88789999	3
chr16	88790000	88790999	0
chr16	88791000	88791999	0
chr16	88792000	88792999	0
chr16	88793000	88793999	0
chr16	88794000	88794999	0
chr16	88795000	88795999	0
chr16	88796000	88796999	0
chr16	88797000	88797999	3
chr16	88798000	88798999	8
chr16	88799000	88799999	30
chr16	88800000	88800999	0
chr16	88801000	88801999	0
chr16	88802000	88802999	0
chr16	88803000	88803999	8
chr16	88804000	88804999	5
chr16	88805000	88805999	16
chr16	88806000	88806999	0
chr16	88807000	88807999	0
chr16	88808000	88808999	0
chr16	88809000	88809999	1
chr16	88810000	88810999	14
chr16	88811000	88811999	33
chr16	88812000	88812999	9
chr16	88813000	88813999	0
chr16	88814000	88814999	0
chr16	88815000	88815999	6
chr16	88816000	88816999	22
chr16	88817000	88817999	3
chr16	88818000	88818999	56
chr16	88819000	88819999	10
chr16	88820000	88820999	2
chr16	88821000	88821999	3
chr16	88822000	88822999	11
chr16	88823000	88823999	7
chr16	88824000	88824999	14
chr16	88825000	88825999	2
chr16	88826000	88826999	2
chr16	88827000	88827999	15
chr16	88828000	88828999	0
chr16	88829000	88829999	20
chr16	88830000	88830999	13
chr16	88831000	88831999	6
chr16	88832000	88832999	0
chr16	88833000	88833999	0
chr16	88834000	88834999	0
chr16	88835000	88835999	2
chr16	88836000	88836999	3
chr16	88837000	88837999	1
chr16	88838000	88838999	11
chr16	88839000	88839999	3
chr16	88840000	88840999	14
chr16	88841000	88841999	21
chr16	88842000	88842999	3
chr16	88843000	88843999	26
chr16	88844000	88844999	3
chr16	88845000	88845999	7
chr16	88846000	88846999	0
chr16	88847000	88847999	15
chr16	88848000	88848999	6
chr16	88849000	88849999	4
chr16	88850000	88850999	0
chr16	88851000	88851999	7
chr16	88852000	88852999	0
chr16	88853000	88853999	14
chr16	88854000	88854999	4
chr16	88855000	88855999	27
chr16	88856000	88856999	21
chr16	88857000	88857999	3
chr16	88858000	88858999	13
chr16	88859000	88859999	3
chr16	88860000	88860999	9
chr16	88861000	88861999	0
chr16	88862000	88862999	2
chr16	88863000	88863999	4
chr16	88864000	88864999	0
chr16	88865000	88865999	0
chr16	88866000	88866999	8
chr16	88867000	88867999	21
chr16	88868000	88868999	10
chr16	88869000	88869999	4
chr16	88870000	88870999	4
chr16	88871000	88871999	2
chr16	88872000	88872999	0
chr16	88873000	88873999	15
chr16	88874000	88874999	0
chr16	88875000	88875999	0
chr16	88876000	88876999	7
chr16	88877000	88877999	23
chr16	88878000	88878999	5
chr16	88879000	88879999	0
chr16	88880000	88880999	0
chr16	88881000	88881999	4
chr16	88882000	88882999	4
chr16	88883000	88883999	7
chr16	88884000	88884999	13
chr16	88885000	88885999	16
chr16	88886000	88886999	8
chr16	88887000	88887999	0
chr16	88888000	88888999	29
chr16	88889000	88889999	0
chr16	88890000	88890999	20
chr16	88891000	88891999	7
chr16	88892000	88892999	0
chr16	88893000	88893999	5
chr16	88894000	88894999	0
chr16	88895000	88895999	0
chr16	88896000	88896999	18
chr16	88897000	88897999	17
chr16	88898000	88898999	1
chr16	88899000	88899999	10
chr16	88900000	88900999	10
chr16	88901000	88901999	1
chr16	88902000	88902999	23
chr16	88903000	88903999	15
chr16	88904000	88904999	13
chr16	88905000	88905999	8
chr16	88906000	88906999	3
chr16	88907000	88907999	6
chr16	88908000	88908999	26
chr16	88909000	88909999	0
chr16	88910000	88910999	16
chr16	88911000	88911999	0
chr16	88912000	88912999	4
chr16	88913000	88913999	1
chr16	88914000	88914999	20
chr16	88915000	88915999	0
chr16	88916000	88916999	17
chr16	88917000	88917999	16
chr16	88918000	88918999	7
chr16	88919000	88919999	46
chr16	88920000	88920999	6
chr16	88921000	88921999	11
chr16	88922000	88922999	1
chr16	88923000	88923999	5
chr16	88924000	88924999	0
chr16	88925000	88925999	0
chr16	88926000	88926999	5
chr16	88927000	88927999	7
chr16	88928000	88928999	1
chr16	88929000	88929999	0
chr16	88930000	88930999	0
chr16	88931000	88931999	6
chr16	88932000	88932999	17
chr16	88933000	88933999	5
chr16	88934000	88934999	3
chr16	88935000	88935999	21
chr16	88936000	88936999	9
chr16	88937000	88937999	4
chr16	88938000	88938999	10
chr16	88939000	88939999	0
chr16	88940000	88940999	26
chr16	88941000	88941999	27
chr16	88942000	88942999	8
chr16	88943000	88943999	14
chr16	88944000	88944999	11
chr16	88945000	88945999	6
chr16	88946000	88946999	15
chr16	88947000	88947999	0
chr16	88948000	88948999	34
chr16	88949000	88949999	4
chr16	88950000	88950999	16
chr16	88951000	88951999	7
chr16	88952000	88952999	16
chr16	88953000	88953999	0
chr16	88954000	88954999	4
chr16	88955000	88955999	0
chr16	88956000	88956999	0
chr16	88957000	88957999	0
chr16	88958000	88958999	0
chr16	88959000	88959999	0
chr16	88960000	88960999	8
chr16	88961000	88961999	0
chr16	88962000	88962999	4
chr16	88963000	88963999	6
chr16	88964000	88964999	21
chr16	88965000	88965999	8
chr16	88966000	88966999	0
chr16	88967000	88967999	2
chr16	88968000	88968999	3
chr16	88969000	88969999	0
chr16	88970000	88970999	7
chr16	88971000	88971999	23
chr16	88972000	88972999	9
chr16	88973000	88973999	6
chr16	88974000	88974999	4
chr16	88975000	88975999	11
chr16	88976000	88976999	12
chr16	88977000	88977999	50
chr16	88978000	88978999	2
chr16	88979000	88979999	1
chr16	88980000	88980999	11
chr16	88981000	88981999	0
chr16	88982000	88982999	13
chr16	88983000	88983999	12
chr16	88984000	88984999	5
chr16	88985000	88985999	19
chr16	88986000	88986999	21
chr16	88987000	88987999	0
chr16	88988000	88988999	6
chr16	88989000	88989999	3
chr16	88990000	88990999	5
chr16	88991000	88991999	47
chr16	88992000	88992999	0
chr16	88993000	88993999	5
chr16	88994000	88994999	12
chr16	88995000	88995999	20
chr16	88996000	88996999	9
chr16	88997000	88997999	10
chr16	88998000	88998999	10
chr16	88999000	88999999	22
chr16	89000000	89000999	0
chr16	89001000	89001999	17
chr16	89002000	89002999	36
chr16	89003000	89003999	0
chr16	89004000	89004999	11
chr16	89005000	89005999	29
chr16	89006000	89006999	0
chr16	89007000	89007999	0
chr16	89008000	89008999	1
chr16	89009000	89009999	2
chr16	89010000	89010999	10
chr16	89011000	89011999	5
chr16	89012000	89012999	3
chr16	89013000	89013999	2
chr16	89014000	89014999	6
chr16	89015000	89015999	0
chr16	89016000	89016999	3
chr16	89017000	89017999	11
chr16	89018000	89018999	0
chr16	89019000	89019999	11
chr16	89020000	89020999	0
chr16	89021000	89021999	0
chr16	89022000	89022999	11
chr16	89023000	89023999	19
chr16	89024000	89024999	4
chr16	89025000	89025999	5
chr16	89026000	89026999	8
chr16	89027000	89027999	28
chr16	89028000	89028999	0
chr16	89029000	89029999	0
chr16	89030000	89030999	1
chr16	89031000	89031999	0
chr16	89032000	89032999	14
chr16	89033000	89033999	7
chr16	89034000	89034999	0
chr16	89035000	89035999	9
chr16	89036000	89036999	28
chr16	89037000	89037999	12
chr16	89038000	89038999	3
chr16	89039000	89039999	4
chr16	89040000	89040999	6
chr16	89041000	89041999	0
chr16	89042000	89042999	24
chr16	89043000	89043999	14
chr16	89044000	89044999	15
chr16	89045000	89045999	8
chr16	89046000	89046999	0
chr16	89047000	89047999	0
chr16	89048000	89048999	2
chr16	89049000	89049999	4
chr16	89050000	89050999	10
chr16	89051000	89051999	5
chr16	89052000	89052999	7
chr16	89053000	89053999	4
chr16	89054000	89054999	0
chr16	89055000	89055999	0
chr16	89056000	89056999	12
chr16	89057000	89057999	13
chr16	89058000	89058999	2
chr16	89059000	89059999	0
chr16	89060000	89060999	17
chr16	89061000	89061999	14
chr16	89062000	89062999	16
chr16	89063000	89063999	14
chr16	89064000	89064999	7
chr16	89065000	89065999	0
chr16	89066000	89066999	21
chr16	89067000	89067999	16
chr16	89068000	89068999	12
chr16	89069000	89069999	16
chr16	89070000	89070999	11
chr16	89071000	89071999	0
chr16	89072000	89072999	16
chr16	89073000	89073999	25
chr16	89074000	89074999	6
chr16	89075000	89075999	0
chr16	89076000	89076999	0
chr16	89077000	89077999	13
chr16	89078000	89078999	15
chr16	89079000	89079999	6
chr16	89080000	89080999	11
chr16	89081000	89081999	0
chr16	89082000	89082999	11
chr16	89083000	89083999	0
chr16	89084000	89084999	11
chr16	89085000	89085999	10
chr16	89086000	89086999	7
chr16	89087000	89087999	1
chr16	89088000	89088999	0
chr16	89089000	89089999	17
chr16	89090000	89090999	22
chr16	89091000	89091999	16
chr16	89092000	89092999	29
chr16	89093000	89093999	11
chr16	89094000	89094999	2
chr16	89095000	89095999	5
chr16	89096000	89096999	0
chr16	89097000	89097999	0
chr16	89098000	89098999	22
chr16	89099000	89099999	3
chr16	89100000	89100999	22
chr16	89101000	89101999	18
chr16	89102000	89102999	0
chr16	89103000	89103999	9
chr16	89104000	89104999	21
chr16	89105000	89105999	20
chr16	89106000	89106999	21
chr16	89107000	89107999	3
chr16	89108000	89108999	0
chr16	89109000	89109999	0
chr16	89110000	89110999	5
chr16	89111000	89111999	15
chr16	89112000	89112999	0
chr16	89113000	89113999	13
chr16	89114000	89114999	0
chr16	89115000	89115999	1
chr16	89116000	89116999	14
chr16	89117000	89117999	2
chr16	89118000	89118999	14
chr16	89119000	89119999	23
chr16	89120000	89120999	15
chr16	89121000	89121999	5
chr16	89122000	89122999	8
chr16	89123000	89123999	4
chr16	89124000	89124999	14
chr16	89125000	89125999	0
chr16	89126000	89126999	15
chr16	89127000	89127999	0
chr16	89128000	89128999	20
chr16	89129000	89129999	13
chr16	89130000	89130999	13
chr16	89131000	89131999	9
chr16	89132000	89132999	4
chr16	89133000	89133999	0
chr16	89134000	89134999	7
chr16	89135000	89135999	10
chr16	89136000	89136999	0
chr16	89137000	89137999	8
chr16	89138000	89138999	13
chr16	89139000	89139999	19
chr16	89140000	89140999	3
chr16	89141000	89141999	0
chr16	89142000	89142999	18
chr16	89143000	89143999	7
chr16	89144000	89144999	10
chr16	89145000	89145999	0
chr16	89146000	89146999	0
chr16	89147000	89147999	0
chr16	89148000	89148999	0
chr16	89149000	89149999	6
chr16	89150000	89150999	9
chr16	89151000	89151999	17
chr16	89152000	89152999	5
chr16	89153000	89153999	0
chr16	89154000	89154999	8
chr16	89155000	89155999	0
chr16	89156000	89156999	18
chr16	89157000	89157999	5
chr16	89158000	89158999	24
chr16	89159000	89159999	0
chr16	89160000	89160999	12
chr16	89161000	89161999	9
chr16	89162000	89162999	0
chr16	89163000	89163999	0
chr16	89164000	89164999	0
chr16	89165000	89165999	0
chr16	89166000	89166999	0
chr16	89167000	89167999	0
chr16	89168000	89168999	0
chr16	89169000	89169999	13
chr16	89170000	89170999	8
chr16	89171000	89171999	0
chr16	89172000	89172999	23
chr16	89173000	89173999	32
chr16	89174000	89174999	15
chr16	89175000	89175999	6
chr16	89176000	89176999	10
chr16	89177000	89177999	20
chr16	89178000	89178999	3
chr16	89179000	89179999	0
chr16	89180000	89180999	0
chr16	89181000	89181999	0
chr16	89182000	89182999	5
chr16	89183000	89183999	45
chr16	89184000	89184999	0
chr16	89185000	89185999	0
chr16	89186000	89186999	8
chr16	89187000	89187999	3
chr16	89188000	89188999	40
chr16	89189000	89189999	0
chr16	89190000	89190999	0
chr16	89191000	89191999	0
chr16	89192000	89192999	6
chr16	89193000	89193999	0
chr16	89194000	89194999	0
chr16	89195000	89195999	5
chr16	89196000	89196999	0
chr16	89197000	89197999	0
chr16	89198000	89198999	1
chr16	89199000	89199999	0
chr16	89200000	89200999	3
chr16	89201000	89201999	0
chr16	89202000	89202999	10
chr16	89203000	89203999	17
chr16	89204000	89204999	6
chr16	89205000	89205999	21
chr16	89206000	89206999	0
chr16	89207000	89207999	10
chr16	89208000	89208999	6
chr16	89209000	89209999	13
chr16	89210000	89210999	8
chr16	89211000	89211999	9
chr16	89212000	89212999	19
chr16	89213000	89213999	13
chr16	89214000	89214999	13
chr16	89215000	89215999	0
chr16	89216000	89216999	0
chr16	89217000	89217999	0
chr16	89218000	89218999	9
chr16	89219000	89219999	1
chr16	89220000	89220999	9
chr16	89221000	89221999	0
chr16	89222000	89222999	4
chr16	89223000	89223999	4
chr16	89224000	89224999	13
chr16	89225000	89225999	0
chr16	89226000	89226999	16
chr16	89227000	89227999	12
chr16	89228000	89228999	12
chr16	89229000	89229999	0
chr16	89230000	89230999	13
chr16	89231000	89231999	23
chr16	89232000	89232999	19
chr16	89233000	89233999	7
chr16	89234000	89234999	13
chr16	89235000	89235999	0
chr16	89236000	89236999	0
chr16	89237000	89237999	6
chr16	89238000	89238999	3
chr16	89239000	89239999	0
chr16	89240000	89240999	0
chr16	89241000	89241999	0
chr16	89242000	89242999	21
chr16	89243000	89243999	11
chr16	89244000	89244999	9
chr16	89245000	89245999	17
chr16	89246000	89246999	6
chr16	89247000	89247999	9
chr16	89248000	89248999	5
chr16	89249000	89249999	0
chr16	89250000	89250999	12
chr16	89251000	89251999	21
chr16	89252000	89252999	10
chr16	89253000	89253999	0
chr16	89254000	89254999	8
chr16	89255000	89255999	6
chr16	89256000	89256999	17
chr16	89257000	89257999	5
chr16	89258000	89258999	0
chr16	89259000	89259999	2
chr16	89260000	89260999	0
chr16	89261000	89261999	1
chr16	89262000	89262999	58
chr16	89263000	89263999	6
chr16	89264000	89264999	3
chr16	89265000	89265999	3
chr16	89266000	89266999	10
chr16	89267000	89267999	7
chr16	89268000	89268999	9
chr16	89269000	89269999	8
chr16	89270000	89270999	2
chr16	89271000	89271999	6
chr16	89272000	89272999	15
chr16	89273000	89273999	8
chr16	89274000	89274999	3
chr16	89275000	89275999	9
chr16	89276000	89276999	4
chr16	89277000	89277999	0
chr16	89278000	89278999	17
chr16	89279000	89279999	5
chr16	89280000	89280999	5
chr16	89281000	89281999	5
chr16	89282000	89282999	8
chr16	89283000	89283999	0
chr16	89284000	89284999	14
chr16	89285000	89285999	0
chr16	89286000	89286999	0
chr16	89287000	89287999	19
chr16	89288000	89288999	0
chr16	89289000	89289999	0
chr16	89290000	89290999	15
chr16	89291000	89291999	20
chr16	89292000	89292999	4
chr16	89293000	89293999	3
chr16	89294000	89294999	5
chr16	89295000	89295999	2
chr16	89296000	89296999	11
chr16	89297000	89297999	6
chr16	89298000	89298999	14
chr16	89299000	89299999	16
chr16	89300000	89300999	0
chr16	89301000	89301999	10
chr16	89302000	89302999	11
chr16	89303000	89303999	12
chr16	89304000	89304999	0
chr16	89305000	89305999	19
chr16	89306000	89306999	16
chr16	89307000	89307999	4
chr16	89308000	89308999	15
chr16	89309000	89309999	5
chr16	89310000	89310999	3
chr16	89311000	89311999	8
chr16	89312000	89312999	26
chr16	89313000	89313999	13
chr16	89314000	89314999	5
chr16	89315000	89315999	26
chr16	89316000	89316999	1
chr16	89317000	89317999	13
chr16	89318000	89318999	0
chr16	89319000	89319999	5
chr16	89320000	89320999	2
chr16	89321000	89321999	0
chr16	89322000	89322999	0
chr16	89323000	89323999	0
chr16	89324000	89324999	0
chr16	89325000	89325999	0
chr16	89326000	89326999	0
chr16	89327000	89327999	0
chr16	89328000	89328999	0
chr16	89329000	89329999	0
chr16	89330000	89330999	0
chr16	89331000	89331999	0
chr16	89332000	89332999	0
chr16	89333000	89333999	0
chr16	89334000	89334999	0
chr16	89335000	89335999	0
chr16	89336000	89336999	0
chr16	89337000	89337999	0
chr16	89338000	89338999	17
chr16	89339000	89339999	0
chr16	89340000	89340999	38
chr16	89341000	89341999	16
chr16	89342000	89342999	3
chr16	89343000	89343999	0
chr16	89344000	89344999	11
chr16	89345000	89345999	13
chr16	89346000	89346999	0
chr16	89347000	89347999	22
chr16	89348000	89348999	11
chr16	89349000	89349999	11
chr16	89350000	89350999	6
chr16	89351000	89351999	6
chr16	89352000	89352999	15
chr16	89353000	89353999	0
chr16	89354000	89354999	0
chr16	89355000	89355999	0
chr16	89356000	89356999	14
chr16	89357000	89357999	22
chr16	89358000	89358999	3
chr16	89359000	89359999	2
chr16	89360000	89360999	8
chr16	89361000	89361999	2
chr16	89362000	89362999	2
chr16	89363000	89363999	15
chr16	89364000	89364999	0
chr16	89365000	89365999	13
chr16	89366000	89366999	0
chr16	89367000	89367999	10
chr16	89368000	89368999	4
chr16	89369000	89369999	1
chr16	89370000	89370999	24
chr16	89371000	89371999	26
chr16	89372000	89372999	3
chr16	89373000	89373999	10
chr16	89374000	89374999	13
chr16	89375000	89375999	6
chr16	89376000	89376999	5
chr16	89377000	89377999	3
chr16	89378000	89378999	9
chr16	89379000	89379999	5
chr16	89380000	89380999	5
chr16	89381000	89381999	1
chr16	89382000	89382999	4
chr16	89383000	89383999	17
chr16	89384000	89384999	7
chr16	89385000	89385999	0
chr16	89386000	89386999	0
chr16	89387000	89387999	5
chr16	89388000	89388999	0
chr16	89389000	89389999	0
chr16	89390000	89390999	0
chr16	89391000	89391999	27
chr16	89392000	89392999	19
chr16	89393000	89393999	13
chr16	89394000	89394999	16
chr16	89395000	89395999	27
chr16	89396000	89396999	14
chr16	89397000	89397999	1
chr16	89398000	89398999	15
chr16	89399000	89399999	5
chr16	89400000	89400999	31
chr16	89401000	89401999	6
chr16	89402000	89402999	0
chr16	89403000	89403999	29
chr16	89404000	89404999	5
chr16	89405000	89405999	8
chr16	89406000	89406999	33
chr16	89407000	89407999	2
chr16	89408000	89408999	0
chr16	89409000	89409999	4
chr16	89410000	89410999	4
chr16	89411000	89411999	13
chr16	89412000	89412999	8
chr16	89413000	89413999	7
chr16	89414000	89414999	15
chr16	89415000	89415999	14
chr16	89416000	89416999	2
chr16	89417000	89417999	14
chr16	89418000	89418999	7
chr16	89419000	89419999	11
chr16	89420000	89420999	18
chr16	89421000	89421999	25
chr16	89422000	89422999	24
chr16	89423000	89423999	20
chr16	89424000	89424999	6
chr16	89425000	89425999	14
chr16	89426000	89426999	0
chr16	89427000	89427999	1
chr16	89428000	89428999	11
chr16	89429000	89429999	0
chr16	89430000	89430999	4
chr16	89431000	89431999	1
chr16	89432000	89432999	0
chr16	89433000	89433999	0
chr16	89434000	89434999	0
chr16	89435000	89435999	7
chr16	89436000	89436999	8
chr16	89437000	89437999	3
chr16	89438000	89438999	4
chr16	89439000	89439999	6
chr16	89440000	89440999	8
chr16	89441000	89441999	9
chr16	89442000	89442999	0
chr16	89443000	89443999	0
chr16	89444000	89444999	0
chr16	89445000	89445999	0
chr16	89446000	89446999	6
chr16	89447000	89447999	0
chr16	89448000	89448999	20
chr16	89449000	89449999	36
chr16	89450000	89450999	7
chr16	89451000	89451999	2
chr16	89452000	89452999	10
chr16	89453000	89453999	8
chr16	89454000	89454999	2
chr16	89455000	89455999	0
chr16	89456000	89456999	6
chr16	89457000	89457999	7
chr16	89458000	89458999	17
chr16	89459000	89459999	12
chr16	89460000	89460999	11
chr16	89461000	89461999	19
chr16	89462000	89462999	11
chr16	89463000	89463999	0
chr16	89464000	89464999	9
chr16	89465000	89465999	25
chr16	89466000	89466999	10
chr16	89467000	89467999	0
chr16	89468000	89468999	7
chr16	89469000	89469999	2
chr16	89470000	89470999	1
chr16	89471000	89471999	0
chr16	89472000	89472999	45
chr16	89473000	89473999	2
chr16	89474000	89474999	0
chr16	89475000	89475999	31
chr16	89476000	89476999	2
chr16	89477000	89477999	8
chr16	89478000	89478999	3
chr16	89479000	89479999	22
chr16	89480000	89480999	9
chr16	89481000	89481999	4
chr16	89482000	89482999	35
chr16	89483000	89483999	13
chr16	89484000	89484999	2
chr16	89485000	89485999	0
chr16	89486000	89486999	0
chr16	89487000	89487999	8
chr16	89488000	89488999	14
chr16	89489000	89489999	2
chr16	89490000	89490999	11
chr16	89491000	89491999	1
chr16	89492000	89492999	1
chr16	89493000	89493999	15
chr16	89494000	89494999	1
chr16	89495000	89495999	23
chr16	89496000	89496999	27
chr16	89497000	89497999	1
chr16	89498000	89498999	2
chr16	89499000	89499999	42
chr16	89500000	89500999	5
chr16	89501000	89501999	30
chr16	89502000	89502999	11
chr16	89503000	89503999	32
chr16	89504000	89504999	16
chr16	89505000	89505999	0
chr16	89506000	89506999	18
chr16	89507000	89507999	10
chr16	89508000	89508999	0
chr16	89509000	89509999	0
chr16	89510000	89510999	2
chr16	89511000	89511999	6
chr16	89512000	89512999	2
chr16	89513000	89513999	17
chr16	89514000	89514999	6
chr16	89515000	89515999	4
chr16	89516000	89516999	0
chr16	89517000	89517999	21
chr16	89518000	89518999	19
chr16	89519000	89519999	40
chr16	89520000	89520999	3
chr16	89521000	89521999	25
chr16	89522000	89522999	11
chr16	89523000	89523999	16
chr16	89524000	89524999	28
chr16	89525000	89525999	18
chr16	89526000	89526999	9
chr16	89527000	89527999	5
chr16	89528000	89528999	5
chr16	89529000	89529999	5
chr16	89530000	89530999	7
chr16	89531000	89531999	7
chr16	89532000	89532999	0
chr16	89533000	89533999	17
chr16	89534000	89534999	2
chr16	89535000	89535999	19
chr16	89536000	89536999	25
chr16	89537000	89537999	12
chr16	89538000	89538999	2
chr16	89539000	89539999	13
chr16	89540000	89540999	3
chr16	89541000	89541999	17
chr16	89542000	89542999	24
chr16	89543000	89543999	32
chr16	89544000	89544999	0
chr16	89545000	89545999	24
chr16	89546000	89546999	13
chr16	89547000	89547999	11
chr16	89548000	89548999	11
chr16	89549000	89549999	17
chr16	89550000	89550999	4
chr16	89551000	89551999	0
chr16	89552000	89552999	1
chr16	89553000	89553999	9
chr16	89554000	89554999	8
chr16	89555000	89555999	5
chr16	89556000	89556999	5
chr16	89557000	89557999	16
chr16	89558000	89558999	0
chr16	89559000	89559999	11
chr16	89560000	89560999	33
chr16	89561000	89561999	6
chr16	89562000	89562999	12
chr16	89563000	89563999	4
chr16	89564000	89564999	30
chr16	89565000	89565999	2
chr16	89566000	89566999	21
chr16	89567000	89567999	0
chr16	89568000	89568999	12
chr16	89569000	89569999	16
chr16	89570000	89570999	9
chr16	89571000	89571999	15
chr16	89572000	89572999	20
chr16	89573000	89573999	6
chr16	89574000	89574999	17
chr16	89575000	89575999	21
chr16	89576000	89576999	18
chr16	89577000	89577999	5
chr16	89578000	89578999	0
chr16	89579000	89579999	4
chr16	89580000	89580999	12
chr16	89581000	89581999	0
chr16	89582000	89582999	0
chr16	89583000	89583999	33
chr16	89584000	89584999	1
chr16	89585000	89585999	5
chr16	89586000	89586999	15
chr16	89587000	89587999	5
chr16	89588000	89588999	4
chr16	89589000	89589999	11
chr16	89590000	89590999	5
chr16	89591000	89591999	0
chr16	89592000	89592999	0
chr16	89593000	89593999	35
chr16	89594000	89594999	6
chr16	89595000	89595999	13
chr16	89596000	89596999	6
chr16	89597000	89597999	9
chr16	89598000	89598999	9
chr16	89599000	89599999	2
chr16	89600000	89600999	11
chr16	89601000	89601999	20
chr16	89602000	89602999	7
chr16	89603000	89603999	5
chr16	89604000	89604999	18
chr16	89605000	89605999	8
chr16	89606000	89606999	3
chr16	89607000	89607999	4
chr16	89608000	89608999	4
chr16	89609000	89609999	13
chr16	89610000	89610999	4
chr16	89611000	89611999	8
chr16	89612000	89612999	7
chr16	89613000	89613999	10
chr16	89614000	89614999	11
chr16	89615000	89615999	11
chr16	89616000	89616999	0
chr16	89617000	89617999	0
chr16	89618000	89618999	4
chr16	89619000	89619999	16
chr16	89620000	89620999	0
chr16	89621000	89621999	7
chr16	89622000	89622999	15
chr16	89623000	89623999	44
chr16	89624000	89624999	7
chr16	89625000	89625999	6
chr16	89626000	89626999	4
chr16	89627000	89627999	18
chr16	89628000	89628999	2
chr16	89629000	89629999	13
chr16	89630000	89630999	0
chr16	89631000	89631999	3
chr16	89632000	89632999	14
chr16	89633000	89633999	3
chr16	89634000	89634999	6
chr16	89635000	89635999	19
chr16	89636000	89636999	0
chr16	89637000	89637999	1
chr16	89638000	89638999	0
chr16	89639000	89639999	0
chr16	89640000	89640999	0
chr16	89641000	89641999	0
chr16	89642000	89642999	0
chr16	89643000	89643999	12
chr16	89644000	89644999	3
chr16	89645000	89645999	20
chr16	89646000	89646999	7
chr16	89647000	89647999	21
chr16	89648000	89648999	18
chr16	89649000	89649999	22
chr16	89650000	89650999	20
chr16	89651000	89651999	14
chr16	89652000	89652999	3
chr16	89653000	89653999	18
chr16	89654000	89654999	17
chr16	89655000	89655999	16
chr16	89656000	89656999	19
chr16	89657000	89657999	0
chr16	89658000	89658999	13
chr16	89659000	89659999	4
chr16	89660000	89660999	2
chr16	89661000	89661999	24
chr16	89662000	89662999	34
chr16	89663000	89663999	18
chr16	89664000	89664999	5
chr16	89665000	89665999	6
chr16	89666000	89666999	15
chr16	89667000	89667999	5
chr16	89668000	89668999	31
chr16	89669000	89669999	15
chr16	89670000	89670999	14
chr16	89671000	89671999	18
chr16	89672000	89672999	2
chr16	89673000	89673999	0
chr16	89674000	89674999	0
chr16	89675000	89675999	19
chr16	89676000	89676999	0
chr16	89677000	89677999	7
chr16	89678000	89678999	13
chr16	89679000	89679999	6
chr16	89680000	89680999	11
chr16	89681000	89681999	9
chr16	89682000	89682999	17
chr16	89683000	89683999	4
chr16	89684000	89684999	5
chr16	89685000	89685999	18
chr16	89686000	89686999	0
chr16	89687000	89687999	0
chr16	89688000	89688999	6
chr16	89689000	89689999	0
chr16	89690000	89690999	20
chr16	89691000	89691999	0
chr16	89692000	89692999	14
chr16	89693000	89693999	8
chr16	89694000	89694999	9
chr16	89695000	89695999	0
chr16	89696000	89696999	8
chr16	89697000	89697999	13
chr16	89698000	89698999	25
chr16	89699000	89699999	7
chr16	89700000	89700999	1
chr16	89701000	89701999	16
chr16	89702000	89702999	21
chr16	89703000	89703999	12
chr16	89704000	89704999	4
chr16	89705000	89705999	12
chr16	89706000	89706999	30
chr16	89707000	89707999	10
chr16	89708000	89708999	10
chr16	89709000	89709999	0
chr16	89710000	89710999	10
chr16	89711000	89711999	10
chr16	89712000	89712999	2
chr16	89713000	89713999	6
chr16	89714000	89714999	0
chr16	89715000	89715999	0
chr16	89716000	89716999	6
chr16	89717000	89717999	6
chr16	89718000	89718999	15
chr16	89719000	89719999	8
chr16	89720000	89720999	6
chr16	89721000	89721999	5
chr16	89722000	89722999	13
chr16	89723000	89723999	0
chr16	89724000	89724999	4
chr16	89725000	89725999	2
chr16	89726000	89726999	56
chr16	89727000	89727999	4
chr16	89728000	89728999	1
chr16	89729000	89729999	13
chr16	89730000	89730999	41
chr16	89731000	89731999	2
chr16	89732000	89732999	11
chr16	89733000	89733999	18
chr16	89734000	89734999	13
chr16	89735000	89735999	3
chr16	89736000	89736999	21
chr16	89737000	89737999	0
chr16	89738000	89738999	0
chr16	89739000	89739999	11
chr16	89740000	89740999	7
chr16	89741000	89741999	12
chr16	89742000	89742999	4
chr16	89743000	89743999	15
chr16	89744000	89744999	0
chr16	89745000	89745999	7
chr16	89746000	89746999	6
chr16	89747000	89747999	2
chr16	89748000	89748999	2
chr16	89749000	89749999	0
chr16	89750000	89750999	6
chr16	89751000	89751999	2
chr16	89752000	89752999	33
chr16	89753000	89753999	2
chr16	89754000	89754999	4
chr16	89755000	89755999	0
chr16	89756000	89756999	0
chr16	89757000	89757999	0
chr16	89758000	89758999	16
chr16	89759000	89759999	2
chr16	89760000	89760999	6
chr16	89761000	89761999	12
chr16	89762000	89762999	41
chr16	89763000	89763999	20
chr16	89764000	89764999	1
chr16	89765000	89765999	35
chr16	89766000	89766999	19
chr16	89767000	89767999	8
chr16	89768000	89768999	21
chr16	89769000	89769999	19
chr16	89770000	89770999	13
chr16	89771000	89771999	3
chr16	89772000	89772999	12
chr16	89773000	89773999	2
chr16	89774000	89774999	39
chr16	89775000	89775999	0
chr16	89776000	89776999	18
chr16	89777000	89777999	15
chr16	89778000	89778999	6
chr16	89779000	89779999	16
chr16	89780000	89780999	4
chr16	89781000	89781999	32
chr16	89782000	89782999	2
chr16	89783000	89783999	31
chr16	89784000	89784999	1
chr16	89785000	89785999	2
chr16	89786000	89786999	6
chr16	89787000	89787999	2
chr16	89788000	89788999	2
chr16	89789000	89789999	7
chr16	89790000	89790999	13
chr16	89791000	89791999	2
chr16	89792000	89792999	27
chr16	89793000	89793999	17
chr16	89794000	89794999	10
chr16	89795000	89795999	8
chr16	89796000	89796999	6
chr16	89797000	89797999	4
chr16	89798000	89798999	5
chr16	89799000	89799999	3
chr16	89800000	89800999	15
chr16	89801000	89801999	10
chr16	89802000	89802999	0
chr16	89803000	89803999	4
chr16	89804000	89804999	4
chr16	89805000	89805999	13
chr16	89806000	89806999	8
chr16	89807000	89807999	4
chr16	89808000	89808999	6
chr16	89809000	89809999	9
chr16	89810000	89810999	19
chr16	89811000	89811999	2
chr16	89812000	89812999	9
chr16	89813000	89813999	36
chr16	89814000	89814999	14
chr16	89815000	89815999	0
chr16	89816000	89816999	1
chr16	89817000	89817999	18
chr16	89818000	89818999	4
chr16	89819000	89819999	35
chr16	89820000	89820999	3
chr16	89821000	89821999	10
chr16	89822000	89822999	26
chr16	89823000	89823999	5
chr16	89824000	89824999	3
chr16	89825000	89825999	11
chr16	89826000	89826999	8
chr16	89827000	89827999	6
chr16	89828000	89828999	6
chr16	89829000	89829999	0
chr16	89830000	89830999	37
chr16	89831000	89831999	16
chr16	89832000	89832999	31
chr16	89833000	89833999	1
chr16	89834000	89834999	15
chr16	89835000	89835999	1
chr16	89836000	89836999	26
chr16	89837000	89837999	26
chr16	89838000	89838999	14
chr16	89839000	89839999	3
chr16	89840000	89840999	9
chr16	89841000	89841999	4
chr16	89842000	89842999	14
chr16	89843000	89843999	16
chr16	89844000	89844999	18
chr16	89845000	89845999	17
chr16	89846000	89846999	19
chr16	89847000	89847999	12
chr16	89848000	89848999	18
chr16	89849000	89849999	22
chr16	89850000	89850999	3
chr16	89851000	89851999	0
chr16	89852000	89852999	15
chr16	89853000	89853999	1
chr16	89854000	89854999	20
chr16	89855000	89855999	7
chr16	89856000	89856999	0
chr16	89857000	89857999	19
chr16	89858000	89858999	18
chr16	89859000	89859999	5
chr16	89860000	89860999	15
chr16	89861000	89861999	14
chr16	89862000	89862999	36
chr16	89863000	89863999	24
chr16	89864000	89864999	3
chr16	89865000	89865999	20
chr16	89866000	89866999	1
chr16	89867000	89867999	0
chr16	89868000	89868999	2
chr16	89869000	89869999	10
chr16	89870000	89870999	11
chr16	89871000	89871999	16
chr16	89872000	89872999	32
chr16	89873000	89873999	1
chr16	89874000	89874999	4
chr16	89875000	89875999	4
chr16	89876000	89876999	5
chr16	89877000	89877999	14
chr16	89878000	89878999	9
chr16	89879000	89879999	14
chr16	89880000	89880999	5
chr16	89881000	89881999	9
chr16	89882000	89882999	4
chr16	89883000	89883999	9
chr16	89884000	89884999	15
chr16	89885000	89885999	18
chr16	89886000	89886999	18
chr16	89887000	89887999	20
chr16	89888000	89888999	19
chr16	89889000	89889999	9
chr16	89890000	89890999	9
chr16	89891000	89891999	12
chr16	89892000	89892999	0
chr16	89893000	89893999	8
chr16	89894000	89894999	21
chr16	89895000	89895999	9
chr16	89896000	89896999	46
chr16	89897000	89897999	11
chr16	89898000	89898999	29
chr16	89899000	89899999	7
chr16	89900000	89900999	1
chr16	89901000	89901999	23
chr16	89902000	89902999	47
chr16	89903000	89903999	9
chr16	89904000	89904999	7
chr16	89905000	89905999	18
chr16	89906000	89906999	4
chr16	89907000	89907999	10
chr16	89908000	89908999	0
chr16	89909000	89909999	8
chr16	89910000	89910999	26
chr16	89911000	89911999	20
chr16	89912000	89912999	35
chr16	89913000	89913999	12
chr16	89914000	89914999	49
chr16	89915000	89915999	20
chr16	89916000	89916999	17
chr16	89917000	89917999	5
chr16	89918000	89918999	4
chr16	89919000	89919999	7
chr16	89920000	89920999	4
chr16	89921000	89921999	27
chr16	89922000	89922999	8
chr16	89923000	89923999	16
chr16	89924000	89924999	27
chr16	89925000	89925999	15
chr16	89926000	89926999	0
chr16	89927000	89927999	3
chr16	89928000	89928999	6
chr16	89929000	89929999	3
chr16	89930000	89930999	10
chr16	89931000	89931999	20
chr16	89932000	89932999	7
chr16	89933000	89933999	7
chr16	89934000	89934999	9
chr16	89935000	89935999	0
chr16	89936000	89936999	10
chr16	89937000	89937999	10
chr16	89938000	89938999	30
chr16	89939000	89939999	10
chr16	89940000	89940999	6
chr16	89941000	89941999	14
chr16	89942000	89942999	9
chr16	89943000	89943999	16
chr16	89944000	89944999	17
chr16	89945000	89945999	1
chr16	89946000	89946999	5
chr16	89947000	89947999	6
chr16	89948000	89948999	42
chr16	89949000	89949999	5
chr16	89950000	89950999	21
chr16	89951000	89951999	10
chr16	89952000	89952999	1
chr16	89953000	89953999	2
chr16	89954000	89954999	39
chr16	89955000	89955999	2
chr16	89956000	89956999	16
chr16	89957000	89957999	10
chr16	89958000	89958999	19
chr16	89959000	89959999	16
chr16	89960000	89960999	7
chr16	89961000	89961999	29
chr16	89962000	89962999	22
chr16	89963000	89963999	11
chr16	89964000	89964999	0
chr16	89965000	89965999	5
chr16	89966000	89966999	2
chr16	89967000	89967999	0
chr16	89968000	89968999	5
chr16	89969000	89969999	11
chr16	89970000	89970999	5
chr16	89971000	89971999	4
chr16	89972000	89972999	7
chr16	89973000	89973999	44
chr16	89974000	89974999	12
chr16	89975000	89975999	9
chr16	89976000	89976999	7
chr16	89977000	89977999	8
chr16	89978000	89978999	8
chr16	89979000	89979999	9
chr16	89980000	89980999	7
chr16	89981000	89981999	8
chr16	89982000	89982999	1
chr16	89983000	89983999	2
chr16	89984000	89984999	8
chr16	89985000	89985999	37
chr16	89986000	89986999	36
chr16	89987000	89987999	34
chr16	89988000	89988999	10
chr16	89989000	89989999	0
chr16	89990000	89990999	16
chr16	89991000	89991999	4
chr16	89992000	89992999	3
chr16	89993000	89993999	16
chr16	89994000	89994999	41
chr16	89995000	89995999	5
chr16	89996000	89996999	4
chr16	89997000	89997999	0
chr16	89998000	89998999	0
chr16	89999000	89999999	0
chr16	90000000	90000999	5
chr16	90001000	90001999	15
chr16	90002000	90002999	1
chr16	90003000	90003999	6
chr16	90004000	90004999	37
chr16	90005000	90005999	25
chr16	90006000	90006999	16
chr16	90007000	90007999	12
chr16	90008000	90008999	0
chr16	90009000	90009999	28
chr16	90010000	90010999	51
chr16	90011000	90011999	43
chr16	90012000	90012999	23
chr16	90013000	90013999	13
chr16	90014000	90014999	79
chr16	90015000	90015999	21
chr16	90016000	90016999	25
chr16	90017000	90017999	2
chr16	90018000	90018999	25
chr16	90019000	90019999	13
chr16	90020000	90020999	9
chr16	90021000	90021999	10
chr16	90022000	90022999	8
chr16	90023000	90023999	16
chr16	90024000	90024999	1
chr16	90025000	90025999	0
chr16	90026000	90026999	5
chr16	90027000	90027999	23
chr16	90028000	90028999	2
chr16	90029000	90029999	9
chr16	90030000	90030999	12
chr16	90031000	90031999	5
chr16	90032000	90032999	9
chr16	90033000	90033999	11
chr16	90034000	90034999	10
chr16	90035000	90035999	6
chr16	90036000	90036999	8
chr16	90037000	90037999	3
chr16	90038000	90038999	16
chr16	90039000	90039999	4
chr16	90040000	90040999	23
chr16	90041000	90041999	3
chr16	90042000	90042999	24
chr16	90043000	90043999	10
chr16	90044000	90044999	6
chr16	90045000	90045999	10
chr16	90046000	90046999	7
chr16	90047000	90047999	19
chr16	90048000	90048999	17
chr16	90049000	90049999	9
chr16	90050000	90050999	34
chr16	90051000	90051999	23
chr16	90052000	90052999	18
chr16	90053000	90053999	11
chr16	90054000	90054999	19
chr16	90055000	90055999	8
chr16	90056000	90056999	5
chr16	90057000	90057999	0
chr16	90058000	90058999	0
chr16	90059000	90059999	0
chr16	90060000	90060999	0
chr16	90061000	90061999	0
chr16	90062000	90062999	0
chr16	90063000	90063999	14
chr16	90064000	90064999	13
chr16	90065000	90065999	19
chr16	90066000	90066999	7
chr16	90067000	90067999	14
chr16	90068000	90068999	30
chr16	90069000	90069999	2
chr16	90070000	90070999	10
chr16	90071000	90071999	15
chr16	90072000	90072999	57
chr16	90073000	90073999	34
chr16	90074000	90074999	0
chr16	90075000	90075999	10
chr16	90076000	90076999	16
chr16	90077000	90077999	33
chr16	90078000	90078999	5
chr16	90079000	90079999	16
chr16	90080000	90080999	0
chr16	90081000	90081999	20
chr16	90082000	90082999	14
chr16	90083000	90083999	28
chr16	90084000	90084999	0
chr16	90085000	90085999	26
chr16	90086000	90086999	30
chr16	90087000	90087999	17
chr16	90088000	90088999	14
chr16	90089000	90089999	3
chr16	90090000	90090999	29
chr16	90091000	90091999	45
chr16	90092000	90092999	93
chr16	90093000	90093999	31
chr16	90094000	90094999	20
chr16	90095000	90095999	14
chr16	90096000	90096999	35
chr16	90097000	90097999	18
chr16	90098000	90098999	104
chr16	90099000	90099999	23
chr16	90100000	90100999	19
chr16	90101000	90101999	20
chr16	90102000	90102999	40
chr16	90103000	90103999	8
chr16	90104000	90104999	73
chr16	90105000	90105999	69
chr16	90106000	90106999	33
chr16	90107000	90107999	15
chr16	90108000	90108999	13
chr16	90109000	90109999	3
chr16	90110000	90110999	12
chr16	90111000	90111999	11
chr16	90112000	90112999	31
chr16	90113000	90113999	3
chr16	90114000	90114999	10
chr16	90115000	90115999	6
chr16	90116000	90116999	21
chr16	90117000	90117999	19
chr16	90118000	90118999	19
chr16	90119000	90119999	26
chr16	90120000	90120999	11
chr16	90121000	90121999	22
chr16	90122000	90122999	19
chr16	90123000	90123999	11
chr16	90124000	90124999	21
chr16	90125000	90125999	50
chr16	90126000	90126999	21
chr16	90127000	90127999	31
chr16	90128000	90128999	7
chr16	90129000	90129999	35
chr16	90130000	90130999	3
chr16	90131000	90131999	25
chr16	90132000	90132999	14
chr16	90133000	90133999	18
chr16	90134000	90134999	0
chr16	90135000	90135999	5
chr16	90136000	90136999	12
chr16	90137000	90137999	16
chr16	90138000	90138999	29
chr16	90139000	90139999	1
chr16	90140000	90140999	20
chr16	90141000	90141999	13
chr16	90142000	90142999	34
chr16	90143000	90143999	150
chr16	90144000	90144999	196
chr16	90145000	90145999	22
chr16	90146000	90146999	15
chr16	90147000	90147999	15
chr16	90148000	90148999	0
chr16	90149000	90149999	15
chr16	90150000	90150999	22
chr16	90151000	90151999	17
chr16	90152000	90152999	23
chr16	90153000	90153999	9
chr16	90154000	90154999	2
chr16	90155000	90155999	13
chr16	90156000	90156999	6
chr16	90157000	90157999	6
chr16	90158000	90158999	15
chr16	90159000	90159999	0
chr16	90160000	90160999	0
chr16	90161000	90161999	0
chr16	90162000	90162999	8
chr16	90163000	90163999	19
chr16	90164000	90164999	10
chr16	90165000	90165999	16
chr16	90166000	90166999	13
chr16	90167000	90167999	5
chr16	90168000	90168999	26
chr16	90169000	90169999	23
chr16	90170000	90170999	17
chr16	90171000	90171999	23
chr16	90172000	90172999	6
chr16	90173000	90173999	12
chr16	90174000	90174999	15
chr16	90175000	90175999	11
chr16	90176000	90176999	12
chr16	90177000	90177999	6
chr16	90178000	90178999	7
chr16	90179000	90179999	12
chr16	90180000	90180999	13
chr16	90181000	90181999	11
chr16	90182000	90182999	5
chr16	90183000	90183999	13
chr16	90184000	90184999	2
chr16	90185000	90185999	27
chr16	90186000	90186999	8
chr16	90187000	90187999	3
chr16	90188000	90188999	6
chr16	90189000	90189999	5
chr16	90190000	90190999	6
chr16	90191000	90191999	16
chr16	90192000	90192999	20
chr16	90193000	90193999	4
chr16	90194000	90194999	11
chr16	90195000	90195999	0
chr16	90196000	90196999	15
chr16	90197000	90197999	56
chr16	90198000	90198999	9
chr16	90199000	90199999	10
chr16	90200000	90200999	4
chr16	90201000	90201999	1
chr16	90202000	90202999	15
chr16	90203000	90203999	20
chr16	90204000	90204999	0
chr16	90205000	90205999	5
chr16	90206000	90206999	0
chr16	90207000	90207999	15
chr16	90208000	90208999	14
chr16	90209000	90209999	27
chr16	90210000	90210999	0
chr16	90211000	90211999	18
chr16	90212000	90212999	6
chr16	90213000	90213999	7
chr16	90214000	90214999	29
chr16	90215000	90215999	32
chr16	90216000	90216999	16
chr16	90217000	90217999	41
chr16	90218000	90218999	10
chr16	90219000	90219999	4
chr16	90220000	90220999	120
chr16	90221000	90221999	46
chr16	90222000	90222999	0
chr16	90223000	90223999	10
chr16	90224000	90224999	19
chr16	90225000	90225999	0
chr16	90226000	90226999	9
chr16	90227000	90227999	0
chr16	90228000	90228999	0
chr16	90229000	90229999	9
chr16	90230000	90230999	12
chr16	90231000	90231999	38
chr16	90232000	90232999	5
chr16	90233000	90233999	10
chr16	90234000	90234999	36
chr16	90235000	90235999	26
chr16	90236000	90236999	5
chr16	90237000	90237999	14
chr16	90238000	90238999	4
chr16	90239000	90239999	7
chr16	90240000	90240999	6
chr16	90241000	90241999	0
chr16	90242000	90242999	28
chr16	90243000	90243999	1
chr16	90244000	90244999	9
chr16	90245000	90245999	3
chr16	90246000	90246999	20
chr16	90247000	90247999	9
chr16	90248000	90248999	9
chr16	90249000	90249999	6
chr16	90250000	90250999	5
chr16	90251000	90251999	17
chr16	90252000	90252999	14
chr16	90253000	90253999	11
chr16	90254000	90254999	17
chr16	90255000	90255999	7
chr16	90256000	90256999	2
chr16	90257000	90257999	14
chr16	90258000	90258999	7
chr16	90259000	90259999	0
chr16	90260000	90260999	13
chr16	90261000	90261999	8
chr16	90262000	90262999	1
chr16	90263000	90263999	10
chr16	90264000	90264999	11
chr16	90265000	90265999	10
chr16	90266000	90266999	25
chr16	90267000	90267999	3
chr16	90268000	90268999	11
chr16	90269000	90269999	15
chr16	90270000	90270999	4
chr16	90271000	90271999	14
chr16	90272000	90272999	22
chr16	90273000	90273999	0
chr16	90274000	90274999	15
chr16	90275000	90275999	48
chr16	90276000	90276999	18
chr16	90277000	90277999	9
chr16	90278000	90278999	10
chr16	90279000	90279999	10
chr16	90280000	90280999	15
chr16	90281000	90281999	3
chr16	90282000	90282999	28
chr16	90283000	90283999	76
chr16	90284000	90284999	100
chr16	90285000	90285999	38
chr16	90286000	90286999	5
chr16	90287000	90287999	23
chr16	90288000	90288999	13
chr16	90289000	90289999	3
chr16	90290000	90290999	0
chr16	90291000	90291999	16
chr16	90292000	90292999	5
chr16	90293000	90293999	0
chr16	90294000	90294999	0
chr16	90295000	90295999	0
chr16	90296000	90296999	0
chr16	90297000	90297999	5
chr16	90298000	90298999	7
chr16	90299000	90299999	13
chr16	90300000	90300999	9
chr16	90301000	90301999	7
chr16	90302000	90302999	7
chr16	90303000	90303999	3
chr16	90304000	90304999	0
chr16	90305000	90305999	4
chr16	90306000	90306999	11
chr16	90307000	90307999	11
chr16	90308000	90308999	2
chr16	90309000	90309999	0
chr16	90310000	90310999	9
chr16	90311000	90311999	0
chr16	90312000	90312999	6
chr16	90313000	90313999	8
chr16	90314000	90314999	16
chr16	90315000	90315999	3
chr16	90316000	90316999	0
chr16	90317000	90317999	3
chr16	90318000	90318999	10
chr16	90319000	90319999	5
chr16	90320000	90320999	12
chr16	90321000	90321999	0
chr16	90322000	90322999	10
chr16	90323000	90323999	6
chr16	90324000	90324999	11
chr16	90325000	90325999	4
chr16	90326000	90326999	11
chr16	90327000	90327999	0
chr16	90328000	90328999	21
chr16	90329000	90329999	0
chr16	90330000	90330999	23
chr16	90331000	90331999	13
chr16	90332000	90332999	7
chr16	90333000	90333999	2
chr16	90334000	90334999	12
chr16	90335000	90335999	4
chr16	90336000	90336999	17
chr16	90337000	90337999	20
chr16	90338000	90338999	2
chr16	90339000	90339999	0
chr16	90340000	90340999	0
chr16	90341000	90341999	4
chr16	90342000	90342999	0
chr16	90343000	90343999	0
chr16	90344000	90344999	0
chr16	90345000	90345999	0
chr16	90346000	90346999	0
chr16	90347000	90347999	0
chr16	90348000	90348999	0
chr16	90349000	90349999	0
chr16	90350000	90350999	0
chr16	90351000	90351999	37
chr16	90352000	90352999	4
chr16	90353000	90353999	9
chr16	90354000	90354999	22
chr16	90355000	90355999	2
chr16	90356000	90356999	7
chr16	90357000	90357999	4
chr16	90358000	90358999	2
chr16	90359000	90359999	6
chr16	90360000	90360999	24
chr16	90361000	90361999	14
chr16	90362000	90362999	7
chr16	90363000	90363999	17
chr16	90364000	90364999	19
chr16	90365000	90365999	9
chr16	90366000	90366999	4
chr16	90367000	90367999	3
chr16	90368000	90368999	3
chr16	90369000	90369999	8
chr16	90370000	90370999	10
chr16	90371000	90371999	8
chr16	90372000	90372999	12
chr16	90373000	90373999	7
chr16	90374000	90374999	19
chr16	90375000	90375999	0
chr16	90376000	90376999	12
chr16	90377000	90377999	15
chr16	90378000	90378999	7
chr16	90379000	90379999	2
chr16	90380000	90380999	24
chr16	90381000	90381999	9
chr16	90382000	90382999	18
chr16	90383000	90383999	29
chr16	90384000	90384999	2
chr16	90385000	90385999	13
chr16	90386000	90386999	21
chr16	90387000	90387999	17
chr16	90388000	90388999	17
chr16	90389000	90389999	23
chr16	90390000	90390999	24
chr16	90391000	90391999	6
chr16	90392000	90392999	4
chr16	90393000	90393999	13
chr16	90394000	90394999	19
chr16	90395000	90395999	9
chr16	90396000	90396999	19
chr16	90397000	90397999	3
chr16	90398000	90398999	18
chr16	90399000	90399999	4
chr16	90400000	90400999	6
chr16	90401000	90401999	13
chr16	90402000	90402999	28
chr16	90403000	90403999	2
chr16	90404000	90404999	10
chr16	90405000	90405999	1
chr16	90406000	90406999	10
chr16	90407000	90407999	18
chr16	90408000	90408999	5
chr16	90409000	90409999	0
chr16	90410000	90410999	2
chr16	90411000	90411999	6
chr16	90412000	90412999	13
chr16	90413000	90413999	0
chr16	90414000	90414999	0
chr16	90415000	90415999	26
chr16	90416000	90416999	16
chr16	90417000	90417999	6
chr16	90418000	90418999	20
chr16	90419000	90419999	2
chr16	90420000	90420999	15
chr16	90421000	90421999	22
chr16	90422000	90422999	16
chr16	90423000	90423999	15
chr16	90424000	90424999	20
chr16	90425000	90425999	18
chr16	90426000	90426999	7
chr16	90427000	90427999	28
chr16	90428000	90428999	8
chr16	90429000	90429999	8
chr16	90430000	90430999	39
chr16	90431000	90431999	29
chr16	90432000	90432999	9
chr16	90433000	90433999	11
chr16	90434000	90434999	25
chr16	90435000	90435999	18
chr16	90436000	90436999	26
chr16	90437000	90437999	37
chr16	90438000	90438999	0
chr16	90439000	90439999	7
chr16	90440000	90440999	7
chr16	90441000	90441999	0
chr16	90442000	90442999	3
chr16	90443000	90443999	6
chr16	90444000	90444999	7
chr16	90445000	90445999	7
chr16	90446000	90446999	0
chr16	90447000	90447999	10
chr16	90448000	90448999	16
chr16	90449000	90449999	7
chr16	90450000	90450999	3
chr16	90451000	90451999	0
chr16	90452000	90452999	23
chr16	90453000	90453999	15
chr16	90454000	90454999	12
chr16	90455000	90455999	14
chr16	90456000	90456999	6
chr16	90457000	90457999	13
chr16	90458000	90458999	34
chr16	90459000	90459999	90
chr16	90460000	90460999	29
chr16	90461000	90461999	12
chr16	90462000	90462999	9
chr16	90463000	90463999	4
chr16	90464000	90464999	10
chr16	90465000	90465999	0
chr16	90466000	90466999	0
chr16	90467000	90467999	11
chr16	90468000	90468999	18
chr16	90469000	90469999	32
chr16	90470000	90470999	8
chr16	90471000	90471999	4
chr16	90472000	90472999	19
chr16	90473000	90473999	6
chr16	90474000	90474999	21
chr16	90475000	90475999	8
chr16	90476000	90476999	11
chr16	90477000	90477999	15
chr16	90478000	90478999	4
chr16	90479000	90479999	6
chr16	90480000	90480999	0
chr16	90481000	90481999	6
chr16	90482000	90482999	10
chr16	90483000	90483999	13
chr16	90484000	90484999	5
chr16	90485000	90485999	10
chr16	90486000	90486999	0
chr16	90487000	90487999	17
chr16	90488000	90488999	1
chr16	90489000	90489999	1
chr16	90490000	90490999	13
chr16	90491000	90491999	2
chr16	90492000	90492999	0
chr16	90493000	90493999	16
chr16	90494000	90494999	16
chr16	90495000	90495999	21
chr16	90496000	90496999	4
chr16	90497000	90497999	6
chr16	90498000	90498999	17
chr16	90499000	90499999	11
chr16	90500000	90500999	8
chr16	90501000	90501999	9
chr16	90502000	90502999	10
chr16	90503000	90503999	10
chr16	90504000	90504999	10
chr16	90505000	90505999	5
chr16	90506000	90506999	17
chr16	90507000	90507999	8
chr16	90508000	90508999	12
chr16	90509000	90509999	6
chr16	90510000	90510999	23
chr16	90511000	90511999	78
chr16	90512000	90512999	9
chr16	90513000	90513999	23
chr16	90514000	90514999	20
chr16	90515000	90515999	7
chr16	90516000	90516999	15
chr16	90517000	90517999	53
chr16	90518000	90518999	2
chr16	90519000	90519999	14
chr16	90520000	90520999	2
chr16	90521000	90521999	5
chr16	90522000	90522999	11
chr16	90523000	90523999	2
chr16	90524000	90524999	8
chr16	90525000	90525999	6
chr16	90526000	90526999	9
chr16	90527000	90527999	0
chr16	90528000	90528999	4
chr16	90529000	90529999	25
chr16	90530000	90530999	8
chr16	90531000	90531999	19
chr16	90532000	90532999	16
chr16	90533000	90533999	5
chr16	90534000	90534999	0
chr16	90535000	90535999	0
chr16	90536000	90536999	3
chr16	90537000	90537999	9
chr16	90538000	90538999	16
chr16	90539000	90539999	38
chr16	90540000	90540999	0
chr16	90541000	90541999	1
chr16	90542000	90542999	8
chr16	90543000	90543999	10
chr16	90544000	90544999	2
chr16	90545000	90545999	0
chr16	90546000	90546999	2
chr16	90547000	90547999	12
chr16	90548000	90548999	0
chr16	90549000	90549999	14
chr16	90550000	90550999	2
chr16	90551000	90551999	36
chr16	90552000	90552999	6
chr16	90553000	90553999	0
chr16	90554000	90554999	12
chr16	90555000	90555999	2
chr16	90556000	90556999	0
chr16	90557000	90557999	9
chr16	90558000	90558999	17
chr16	90559000	90559999	2
chr16	90560000	90560999	13
chr16	90561000	90561999	8
chr16	90562000	90562999	6
chr16	90563000	90563999	5
chr16	90564000	90564999	10
chr16	90565000	90565999	48
chr16	90566000	90566999	13
chr16	90567000	90567999	0
chr16	90568000	90568999	9
chr16	90569000	90569999	12
chr16	90570000	90570999	7
chr16	90571000	90571999	6
chr16	90572000	90572999	0
chr16	90573000	90573999	0
chr16	90574000	90574999	0
chr16	90575000	90575999	0
chr16	90576000	90576999	0
chr16	90577000	90577999	4
chr16	90578000	90578999	17
chr16	90579000	90579999	3
chr16	90580000	90580999	4
chr16	90581000	90581999	0
chr16	90582000	90582999	0
chr16	90583000	90583999	12
chr16	90584000	90584999	16
chr16	90585000	90585999	9
chr16	90586000	90586999	21
chr16	90587000	90587999	0
chr16	90588000	90588999	28
chr16	90589000	90589999	12
chr16	90590000	90590999	10
chr16	90591000	90591999	2
chr16	90592000	90592999	20
chr16	90593000	90593999	2
chr16	90594000	90594999	10
chr16	90595000	90595999	17
chr16	90596000	90596999	31
chr16	90597000	90597999	27
chr16	90598000	90598999	2
chr16	90599000	90599999	23
chr16	90600000	90600999	13
chr16	90601000	90601999	20
chr16	90602000	90602999	0
chr16	90603000	90603999	2
chr16	90604000	90604999	0
chr16	90605000	90605999	15
chr16	90606000	90606999	9
chr16	90607000	90607999	3
chr16	90608000	90608999	11
chr16	90609000	90609999	3
chr16	90610000	90610999	1
chr16	90611000	90611999	20
chr16	90612000	90612999	8
chr16	90613000	90613999	9
chr16	90614000	90614999	14
chr16	90615000	90615999	8
chr16	90616000	90616999	21
chr16	90617000	90617999	6
chr16	90618000	90618999	14
chr16	90619000	90619999	0
chr16	90620000	90620999	9
chr16	90621000	90621999	12
chr16	90622000	90622999	1
chr16	90623000	90623999	4
chr16	90624000	90624999	11
chr16	90625000	90625999	11
chr16	90626000	90626999	4
chr16	90627000	90627999	0
chr16	90628000	90628999	6
chr16	90629000	90629999	11
chr16	90630000	90630999	25
chr16	90631000	90631999	18
chr16	90632000	90632999	0
chr16	90633000	90633999	13
chr16	90634000	90634999	7
chr16	90635000	90635999	0
chr16	90636000	90636999	0
chr16	90637000	90637999	2
chr16	90638000	90638999	7
chr16	90639000	90639999	23
chr16	90640000	90640999	7
chr16	90641000	90641999	4
chr16	90642000	90642999	13
chr16	90643000	90643999	6
chr16	90644000	90644999	16
chr16	90645000	90645999	3
chr16	90646000	90646999	0
chr16	90647000	90647999	4
chr16	90648000	90648999	13
chr16	90649000	90649999	3
chr16	90650000	90650999	12
chr16	90651000	90651999	0
chr16	90652000	90652999	14
chr16	90653000	90653999	13
chr16	90654000	90654999	3
chr16	90655000	90655999	11
chr16	90656000	90656999	16
chr16	90657000	90657999	12
chr16	90658000	90658999	8
chr16	90659000	90659999	13
chr16	90660000	90660999	0
chr16	90661000	90661999	14
chr16	90662000	90662999	5
chr16	90663000	90663999	3
chr16	90664000	90664999	3
chr16	90665000	90665999	12
chr16	90666000	90666999	7
chr16	90667000	90667999	0
chr16	90668000	90668999	0
chr16	90669000	90669999	8
chr16	90670000	90670999	3
chr16	90671000	90671999	14
chr16	90672000	90672999	0
chr16	90673000	90673999	4
chr16	90674000	90674999	9
chr16	90675000	90675999	5
chr16	90676000	90676999	14
chr16	90677000	90677999	13
chr16	90678000	90678999	22
chr16	90679000	90679999	17
chr16	90680000	90680999	5
chr16	90681000	90681999	14
chr16	90682000	90682999	8
chr16	90683000	90683999	3
chr16	90684000	90684999	7
chr16	90685000	90685999	0
chr16	90686000	90686999	0
chr16	90687000	90687999	0
chr16	90688000	90688999	4
chr16	90689000	90689999	0
chr16	90690000	90690999	18
chr16	90691000	90691999	49
chr16	90692000	90692999	11
chr16	90693000	90693999	10
chr16	90694000	90694999	14
chr16	90695000	90695999	16
chr16	90696000	90696999	10
chr16	90697000	90697999	15
chr16	90698000	90698999	16
chr16	90699000	90699999	9
chr16	90700000	90700999	26
chr16	90701000	90701999	14
chr16	90702000	90702999	0
chr16	90703000	90703999	27
chr16	90704000	90704999	24
chr16	90705000	90705999	13
chr16	90706000	90706999	11
chr16	90707000	90707999	0
chr16	90708000	90708999	15
chr16	90709000	90709999	6
chr16	90710000	90710999	3
chr16	90711000	90711999	10
chr16	90712000	90712999	43
chr16	90713000	90713999	5
chr16	90714000	90714999	16
chr16	90715000	90715999	1
chr16	90716000	90716999	0
chr16	90717000	90717999	0
chr16	90718000	90718999	0
chr16	90719000	90719999	0
chr16	90720000	90720999	21
chr16	90721000	90721999	12
chr16	90722000	90722999	5
chr16	90723000	90723999	20
chr16	90724000	90724999	5
chr16	90725000	90725999	18
chr16	90726000	90726999	15
chr16	90727000	90727999	75
chr16	90728000	90728999	18
chr16	90729000	90729999	6
chr16	90730000	90730999	18
chr16	90731000	90731999	9
chr16	90732000	90732999	7
chr16	90733000	90733999	3
chr16	90734000	90734999	10
chr16	90735000	90735999	15
chr16	90736000	90736999	0
chr16	90737000	90737999	6
chr16	90738000	90738999	15
chr16	90739000	90739999	6
chr16	90740000	90740999	29
chr16	90741000	90741999	17
chr16	90742000	90742999	10
chr16	90743000	90743999	0
chr16	90744000	90744999	17
chr16	90745000	90745999	2
chr16	90746000	90746999	23
chr16	90747000	90747999	38
chr16	90748000	90748999	9
chr16	90749000	90749999	1
chr16	90750000	90750999	5
chr16	90751000	90751999	6
chr16	90752000	90752999	51
chr16	90753000	90753999	2
chr16	90754000	90754999	9
chr16	90755000	90755999	9
chr16	90756000	90756999	29
chr16	90757000	90757999	11
chr16	90758000	90758999	10
chr16	90759000	90759999	10
chr16	90760000	90760999	6
chr16	90761000	90761999	15
chr16	90762000	90762999	32
chr16	90763000	90763999	9
chr16	90764000	90764999	7
chr16	90765000	90765999	10
chr16	90766000	90766999	6
chr16	90767000	90767999	26
chr16	90768000	90768999	4
chr16	90769000	90769999	0
chr16	90770000	90770999	10
chr16	90771000	90771999	7
chr16	90772000	90772999	13
chr16	90773000	90773999	17
chr16	90774000	90774999	10
chr16	90775000	90775999	24
chr16	90776000	90776999	0
chr16	90777000	90777999	5
chr16	90778000	90778999	19
chr16	90779000	90779999	17
chr16	90780000	90780999	10
chr16	90781000	90781999	8
chr16	90782000	90782999	13
chr16	90783000	90783999	1
chr16	90784000	90784999	4
chr16	90785000	90785999	8
chr16	90786000	90786999	32
chr16	90787000	90787999	10
chr16	90788000	90788999	9
chr16	90789000	90789999	11
chr16	90790000	90790999	19
chr16	90791000	90791999	3
chr16	90792000	90792999	3
chr16	90793000	90793999	11
chr16	90794000	90794999	3
chr16	90795000	90795999	4
chr16	90796000	90796999	2
chr16	90797000	90797999	11
chr16	90798000	90798999	3
chr16	90799000	90799999	14
chr16	90800000	90800999	1
chr16	90801000	90801999	8
chr16	90802000	90802999	2
chr16	90803000	90803999	4
chr16	90804000	90804999	19
chr16	90805000	90805999	15
chr16	90806000	90806999	13
chr16	90807000	90807999	21
chr16	90808000	90808999	9
chr16	90809000	90809999	27
chr16	90810000	90810999	90
chr16	90811000	90811999	15
chr16	90812000	90812999	0
chr16	90813000	90813999	8
chr16	90814000	90814999	2
chr16	90815000	90815999	0
chr16	90816000	90816999	12
chr16	90817000	90817999	4
chr16	90818000	90818999	1
chr16	90819000	90819999	7
chr16	90820000	90820999	3
chr16	90821000	90821999	5
chr16	90822000	90822999	4
chr16	90823000	90823999	18
chr16	90824000	90824999	2
chr16	90825000	90825999	13
chr16	90826000	90826999	4
chr16	90827000	90827999	0
chr16	90828000	90828999	8
chr16	90829000	90829999	18
chr16	90830000	90830999	56
chr16	90831000	90831999	17
chr16	90832000	90832999	7
chr16	90833000	90833999	23
chr16	90834000	90834999	7
chr16	90835000	90835999	4
chr16	90836000	90836999	0
chr16	90837000	90837999	0
chr16	90838000	90838999	2
chr16	90839000	90839999	2
chr16	90840000	90840999	10
chr16	90841000	90841999	6
chr16	90842000	90842999	0
chr16	90843000	90843999	7
chr16	90844000	90844999	12
chr16	90845000	90845999	12
chr16	90846000	90846999	1
chr16	90847000	90847999	6
chr16	90848000	90848999	23
chr16	90849000	90849999	22
chr16	90850000	90850999	30
chr16	90851000	90851999	9
chr16	90852000	90852999	1
chr16	90853000	90853999	20
chr16	90854000	90854999	0
chr16	90855000	90855999	11
chr16	90856000	90856999	0
chr16	90857000	90857999	8
chr16	90858000	90858999	10
chr16	90859000	90859999	0
chr16	90860000	90860999	1
chr16	90861000	90861999	16
chr16	90862000	90862999	10
chr16	90863000	90863999	3
chr16	90864000	90864999	11
chr16	90865000	90865999	3
chr16	90866000	90866999	2
chr16	90867000	90867999	10
chr16	90868000	90868999	43
chr16	90869000	90869999	6
chr16	90870000	90870999	11
chr16	90871000	90871999	21
chr16	90872000	90872999	7
chr16	90873000	90873999	1
chr16	90874000	90874999	0
chr16	90875000	90875999	5
chr16	90876000	90876999	17
chr16	90877000	90877999	12
chr16	90878000	90878999	8
chr16	90879000	90879999	0
chr16	90880000	90880999	0
chr16	90881000	90881999	6
chr16	90882000	90882999	25
chr16	90883000	90883999	0
chr16	90884000	90884999	2
chr16	90885000	90885999	6
chr16	90886000	90886999	11
chr16	90887000	90887999	20
chr16	90888000	90888999	0
chr16	90889000	90889999	11
chr16	90890000	90890999	19
chr16	90891000	90891999	10
chr16	90892000	90892999	12
chr16	90893000	90893999	20
chr16	90894000	90894999	2
chr16	90895000	90895999	0
chr16	90896000	90896999	12
chr16	90897000	90897999	10
chr16	90898000	90898999	9
chr16	90899000	90899999	10
chr16	90900000	90900999	17
chr16	90901000	90901999	12
chr16	90902000	90902999	13
chr16	90903000	90903999	14
chr16	90904000	90904999	0
chr16	90905000	90905999	14
chr16	90906000	90906999	5
chr16	90907000	90907999	0
chr16	90908000	90908999	15
chr16	90909000	90909999	23
chr16	90910000	90910999	8
chr16	90911000	90911999	25
chr16	90912000	90912999	24
chr16	90913000	90913999	18
chr16	90914000	90914999	7
chr16	90915000	90915999	17
chr16	90916000	90916999	37
chr16	90917000	90917999	14
chr16	90918000	90918999	26
chr16	90919000	90919999	0
chr16	90920000	90920999	0
chr16	90921000	90921999	16
chr16	90922000	90922999	13
chr16	90923000	90923999	27
chr16	90924000	90924999	13
chr16	90925000	90925999	5
chr16	90926000	90926999	1
chr16	90927000	90927999	17
chr16	90928000	90928999	2
chr16	90929000	90929999	22
chr16	90930000	90930999	15
chr16	90931000	90931999	2
chr16	90932000	90932999	14
chr16	90933000	90933999	10
chr16	90934000	90934999	95
chr16	90935000	90935999	21
chr16	90936000	90936999	34
chr16	90937000	90937999	10
chr16	90938000	90938999	21
chr16	90939000	90939999	13
chr16	90940000	90940999	2
chr16	90941000	90941999	0
chr16	90942000	90942999	15
chr16	90943000	90943999	13
chr16	90944000	90944999	1
chr16	90945000	90945999	3
chr16	90946000	90946999	3
chr16	90947000	90947999	16
chr16	90948000	90948999	0
chr16	90949000	90949999	11
chr16	90950000	90950999	3
chr16	90951000	90951999	7
chr16	90952000	90952999	14
chr16	90953000	90953999	7
chr16	90954000	90954999	4
chr16	90955000	90955999	4
chr16	90956000	90956999	20
chr16	90957000	90957999	4
chr16	90958000	90958999	8
chr16	90959000	90959999	13
chr16	90960000	90960999	0
chr16	90961000	90961999	0
chr16	90962000	90962999	10
chr16	90963000	90963999	2
chr16	90964000	90964999	12
chr16	90965000	90965999	4
chr16	90966000	90966999	15
chr16	90967000	90967999	8
chr16	90968000	90968999	0
chr16	90969000	90969999	7
chr16	90970000	90970999	4
chr16	90971000	90971999	5
chr16	90972000	90972999	4
chr16	90973000	90973999	15
chr16	90974000	90974999	9
chr16	90975000	90975999	27
chr16	90976000	90976999	22
chr16	90977000	90977999	2
chr16	90978000	90978999	8
chr16	90979000	90979999	0
chr16	90980000	90980999	3
chr16	90981000	90981999	15
chr16	90982000	90982999	12
chr16	90983000	90983999	11
chr16	90984000	90984999	4
chr16	90985000	90985999	4
chr16	90986000	90986999	0
chr16	90987000	90987999	0
chr16	90988000	90988999	0
chr16	90989000	90989999	5
chr16	90990000	90990999	16
chr16	90991000	90991999	14
chr16	90992000	90992999	21
chr16	90993000	90993999	13
chr16	90994000	90994999	17
chr16	90995000	90995999	27
chr16	90996000	90996999	7
chr16	90997000	90997999	1
chr16	90998000	90998999	25
chr16	90999000	90999999	0
chr16	91000000	91000999	2
chr16	91001000	91001999	5
chr16	91002000	91002999	7
chr16	91003000	91003999	26
chr16	91004000	91004999	30
chr16	91005000	91005999	7
chr16	91006000	91006999	11
chr16	91007000	91007999	1
chr16	91008000	91008999	0
chr16	91009000	91009999	13
chr16	91010000	91010999	72
chr16	91011000	91011999	112
chr16	91012000	91012999	14
chr16	91013000	91013999	5
chr16	91014000	91014999	4
chr16	91015000	91015999	12
chr16	91016000	91016999	0
chr16	91017000	91017999	0
chr16	91018000	91018999	5
chr16	91019000	91019999	14
chr16	91020000	91020999	10
chr16	91021000	91021999	14
chr16	91022000	91022999	11
chr16	91023000	91023999	0
chr16	91024000	91024999	5
chr16	91025000	91025999	10
chr16	91026000	91026999	29
chr16	91027000	91027999	13
chr16	91028000	91028999	5
chr16	91029000	91029999	16
chr16	91030000	91030999	9
chr16	91031000	91031999	3
chr16	91032000	91032999	4
chr16	91033000	91033999	7
chr16	91034000	91034999	17
chr16	91035000	91035999	11
chr16	91036000	91036999	1
chr16	91037000	91037999	2
chr16	91038000	91038999	11
chr16	91039000	91039999	4
chr16	91040000	91040999	1
chr16	91041000	91041999	4
chr16	91042000	91042999	12
chr16	91043000	91043999	21
chr16	91044000	91044999	171
chr16	91045000	91045999	44
chr16	91046000	91046999	38
chr16	91047000	91047999	28
chr16	91048000	91048999	13
chr16	91049000	91049999	1
chr16	91050000	91050999	0
chr16	91051000	91051999	2
chr16	91052000	91052999	13
chr16	91053000	91053999	11
chr16	91054000	91054999	12
chr16	91055000	91055999	29
chr16	91056000	91056999	44
chr16	91057000	91057999	41
chr16	91058000	91058999	8
chr16	91059000	91059999	6
chr16	91060000	91060999	1
chr16	91061000	91061999	10
chr16	91062000	91062999	15
chr16	91063000	91063999	2
chr16	91064000	91064999	13
chr16	91065000	91065999	3
chr16	91066000	91066999	2
chr16	91067000	91067999	0
chr16	91068000	91068999	1
chr16	91069000	91069999	21
chr16	91070000	91070999	0
chr16	91071000	91071999	1
chr16	91072000	91072999	5
chr16	91073000	91073999	74
chr16	91074000	91074999	10
chr16	91075000	91075999	11
chr16	91076000	91076999	9
chr16	91077000	91077999	9
chr16	91078000	91078999	10
chr16	91079000	91079999	28
chr16	91080000	91080999	3
chr16	91081000	91081999	17
chr16	91082000	91082999	1
chr16	91083000	91083999	23
chr16	91084000	91084999	12
chr16	91085000	91085999	20
chr16	91086000	91086999	0
chr16	91087000	91087999	3
chr16	91088000	91088999	5
chr16	91089000	91089999	17
chr16	91090000	91090999	6
chr16	91091000	91091999	12
chr16	91092000	91092999	7
chr16	91093000	91093999	11
chr16	91094000	91094999	0
chr16	91095000	91095999	2
chr16	91096000	91096999	7
chr16	91097000	91097999	0
chr16	91098000	91098999	14
chr16	91099000	91099999	0
chr16	91100000	91100999	4
chr16	91101000	91101999	10
chr16	91102000	91102999	0
chr16	91103000	91103999	0
chr16	91104000	91104999	21
chr16	91105000	91105999	0
chr16	91106000	91106999	0
chr16	91107000	91107999	24
chr16	91108000	91108999	13
chr16	91109000	91109999	32
chr16	91110000	91110999	0
chr16	91111000	91111999	13
chr16	91112000	91112999	12
chr16	91113000	91113999	13
chr16	91114000	91114999	3
chr16	91115000	91115999	4
chr16	91116000	91116999	12
chr16	91117000	91117999	2
chr16	91118000	91118999	1
chr16	91119000	91119999	14
chr16	91120000	91120999	3
chr16	91121000	91121999	20
chr16	91122000	91122999	20
chr16	91123000	91123999	10
chr16	91124000	91124999	1
chr16	91125000	91125999	11
chr16	91126000	91126999	8
chr16	91127000	91127999	11
chr16	91128000	91128999	9
chr16	91129000	91129999	1
chr16	91130000	91130999	7
chr16	91131000	91131999	8
chr16	91132000	91132999	0
chr16	91133000	91133999	16
chr16	91134000	91134999	2
chr16	91135000	91135999	6
chr16	91136000	91136999	10
chr16	91137000	91137999	3
chr16	91138000	91138999	12
chr16	91139000	91139999	15
chr16	91140000	91140999	18
chr16	91141000	91141999	1
chr16	91142000	91142999	0
chr16	91143000	91143999	5
chr16	91144000	91144999	19
chr16	91145000	91145999	12
chr16	91146000	91146999	16
chr16	91147000	91147999	11
chr16	91148000	91148999	16
chr16	91149000	91149999	0
chr16	91150000	91150999	9
chr16	91151000	91151999	7
chr16	91152000	91152999	9
chr16	91153000	91153999	1
chr16	91154000	91154999	0
chr16	91155000	91155999	0
chr16	91156000	91156999	35
chr16	91157000	91157999	7
chr16	91158000	91158999	11
chr16	91159000	91159999	14
chr16	91160000	91160999	11
chr16	91161000	91161999	2
chr16	91162000	91162999	0
chr16	91163000	91163999	10
chr16	91164000	91164999	14
chr16	91165000	91165999	10
chr16	91166000	91166999	35
chr16	91167000	91167999	5
chr16	91168000	91168999	0
chr16	91169000	91169999	0
chr16	91170000	91170999	7
chr16	91171000	91171999	7
chr16	91172000	91172999	0
chr16	91173000	91173999	5
chr16	91174000	91174999	0
chr16	91175000	91175999	16
chr16	91176000	91176999	0
chr16	91177000	91177999	14
chr16	91178000	91178999	20
chr16	91179000	91179999	16
chr16	91180000	91180999	2
chr16	91181000	91181999	25
chr16	91182000	91182999	14
chr16	91183000	91183999	30
chr16	91184000	91184999	17
chr16	91185000	91185999	14
chr16	91186000	91186999	12
chr16	91187000	91187999	9
chr16	91188000	91188999	36
chr16	91189000	91189999	2
chr16	91190000	91190999	0
chr16	91191000	91191999	19
chr16	91192000	91192999	4
chr16	91193000	91193999	12
chr16	91194000	91194999	0
chr16	91195000	91195999	1
chr16	91196000	91196999	12
chr16	91197000	91197999	0
chr16	91198000	91198999	1
chr16	91199000	91199999	13
chr16	91200000	91200999	7
chr16	91201000	91201999	9
chr16	91202000	91202999	13
chr16	91203000	91203999	16
chr16	91204000	91204999	6
chr16	91205000	91205999	22
chr16	91206000	91206999	3
chr16	91207000	91207999	6
chr16	91208000	91208999	22
chr16	91209000	91209999	3
chr16	91210000	91210999	6
chr16	91211000	91211999	5
chr16	91212000	91212999	3
chr16	91213000	91213999	0
chr16	91214000	91214999	21
chr16	91215000	91215999	9
chr16	91216000	91216999	0
chr16	91217000	91217999	31
chr16	91218000	91218999	2
chr16	91219000	91219999	7
chr16	91220000	91220999	0
chr16	91221000	91221999	4
chr16	91222000	91222999	8
chr16	91223000	91223999	10
chr16	91224000	91224999	18
chr16	91225000	91225999	1
chr16	91226000	91226999	3
chr16	91227000	91227999	13
chr16	91228000	91228999	9
chr16	91229000	91229999	5
chr16	91230000	91230999	6
chr16	91231000	91231999	28
chr16	91232000	91232999	10
chr16	91233000	91233999	29
chr16	91234000	91234999	0
chr16	91235000	91235999	5
chr16	91236000	91236999	8
chr16	91237000	91237999	6
chr16	91238000	91238999	4
chr16	91239000	91239999	14
chr16	91240000	91240999	21
chr16	91241000	91241999	2
chr16	91242000	91242999	6
chr16	91243000	91243999	26
chr16	91244000	91244999	0
chr16	91245000	91245999	24
chr16	91246000	91246999	1
chr16	91247000	91247999	11
chr16	91248000	91248999	0
chr16	91249000	91249999	0
chr16	91250000	91250999	0
chr16	91251000	91251999	0
chr16	91252000	91252999	0
chr16	91253000	91253999	0
chr16	91254000	91254999	0
chr16	91255000	91255999	6
chr16	91256000	91256999	25
chr16	91257000	91257999	10
chr16	91258000	91258999	11
chr16	91259000	91259999	9
chr16	91260000	91260999	0
chr16	91261000	91261999	0
chr16	91262000	91262999	9
chr16	91263000	91263999	2
chr16	91264000	91264999	3
chr16	91265000	91265999	2
chr16	91266000	91266999	2
chr16	91267000	91267999	22
chr16	91268000	91268999	11
chr16	91269000	91269999	8
chr16	91270000	91270999	0
chr16	91271000	91271999	27
chr16	91272000	91272999	1
chr16	91273000	91273999	11
chr16	91274000	91274999	12
chr16	91275000	91275999	8
chr16	91276000	91276999	0
chr16	91277000	91277999	13
chr16	91278000	91278999	16
chr16	91279000	91279999	11
chr16	91280000	91280999	21
chr16	91281000	91281999	10
chr16	91282000	91282999	4
chr16	91283000	91283999	17
chr16	91284000	91284999	6
chr16	91285000	91285999	5
chr16	91286000	91286999	19
chr16	91287000	91287999	7
chr16	91288000	91288999	22
chr16	91289000	91289999	4
chr16	91290000	91290999	13
chr16	91291000	91291999	0
chr16	91292000	91292999	19
chr16	91293000	91293999	14
chr16	91294000	91294999	12
chr16	91295000	91295999	0
chr16	91296000	91296999	18
chr16	91297000	91297999	0
chr16	91298000	91298999	0
chr16	91299000	91299999	4
chr16	91300000	91300999	6
chr16	91301000	91301999	20
chr16	91302000	91302999	2
chr16	91303000	91303999	0
chr16	91304000	91304999	29
chr16	91305000	91305999	23
chr16	91306000	91306999	24
chr16	91307000	91307999	4
chr16	91308000	91308999	11
chr16	91309000	91309999	1
chr16	91310000	91310999	19
chr16	91311000	91311999	4
chr16	91312000	91312999	1
chr16	91313000	91313999	7
chr16	91314000	91314999	25
chr16	91315000	91315999	12
chr16	91316000	91316999	3
chr16	91317000	91317999	2
chr16	91318000	91318999	11
chr16	91319000	91319999	5
chr16	91320000	91320999	18
chr16	91321000	91321999	20
chr16	91322000	91322999	0
chr16	91323000	91323999	0
chr16	91324000	91324999	7
chr16	91325000	91325999	1
chr16	91326000	91326999	15
chr16	91327000	91327999	1
chr16	91328000	91328999	1
chr16	91329000	91329999	6
chr16	91330000	91330999	0
chr16	91331000	91331999	6
chr16	91332000	91332999	0
chr16	91333000	91333999	0
chr16	91334000	91334999	1
chr16	91335000	91335999	15
chr16	91336000	91336999	7
chr16	91337000	91337999	4
chr16	91338000	91338999	0
chr16	91339000	91339999	7
chr16	91340000	91340999	36
chr16	91341000	91341999	22
chr16	91342000	91342999	6
chr16	91343000	91343999	30
chr16	91344000	91344999	11
chr16	91345000	91345999	5
chr16	91346000	91346999	8
chr16	91347000	91347999	5
chr16	91348000	91348999	4
chr16	91349000	91349999	0
chr16	91350000	91350999	10
chr16	91351000	91351999	18
chr16	91352000	91352999	1
chr16	91353000	91353999	16
chr16	91354000	91354999	5
chr16	91355000	91355999	26
chr16	91356000	91356999	17
chr16	91357000	91357999	0
chr16	91358000	91358999	46
chr16	91359000	91359999	22
chr16	91360000	91360999	25
chr16	91361000	91361999	7
chr16	91362000	91362999	46
chr16	91363000	91363999	48
chr16	91364000	91364999	8
chr16	91365000	91365999	8
chr16	91366000	91366999	5
chr16	91367000	91367999	5
chr16	91368000	91368999	0
chr16	91369000	91369999	5
chr16	91370000	91370999	22
chr16	91371000	91371999	10
chr16	91372000	91372999	40
chr16	91373000	91373999	46
chr16	91374000	91374999	21
chr16	91375000	91375999	36
chr16	91376000	91376999	15
chr16	91377000	91377999	10
chr16	91378000	91378999	28
chr16	91379000	91379999	29
chr16	91380000	91380999	13
chr16	91381000	91381999	6
chr16	91382000	91382999	19
chr16	91383000	91383999	9
chr16	91384000	91384999	4
chr16	91385000	91385999	21
chr16	91386000	91386999	1
chr16	91387000	91387999	0
chr16	91388000	91388999	14
chr16	91389000	91389999	0
chr16	91390000	91390999	19
chr16	91391000	91391999	14
chr16	91392000	91392999	3
chr16	91393000	91393999	8
chr16	91394000	91394999	1
chr16	91395000	91395999	0
chr16	91396000	91396999	7
chr16	91397000	91397999	22
chr16	91398000	91398999	21
chr16	91399000	91399999	0
chr16	91400000	91400999	0
chr16	91401000	91401999	9
chr16	91402000	91402999	19
chr16	91403000	91403999	4
chr16	91404000	91404999	32
chr16	91405000	91405999	29
chr16	91406000	91406999	49
chr16	91407000	91407999	44
chr16	91408000	91408999	11
chr16	91409000	91409999	20
chr16	91410000	91410999	9
chr16	91411000	91411999	32
chr16	91412000	91412999	39
chr16	91413000	91413999	15
chr16	91414000	91414999	0
chr16	91415000	91415999	20
chr16	91416000	91416999	21
chr16	91417000	91417999	2
chr16	91418000	91418999	27
chr16	91419000	91419999	5
chr16	91420000	91420999	7
chr16	91421000	91421999	19
chr16	91422000	91422999	11
chr16	91423000	91423999	6
chr16	91424000	91424999	0
chr16	91425000	91425999	5
chr16	91426000	91426999	14
chr16	91427000	91427999	11
chr16	91428000	91428999	28
chr16	91429000	91429999	0
chr16	91430000	91430999	5
chr16	91431000	91431999	22
chr16	91432000	91432999	26
chr16	91433000	91433999	21
chr16	91434000	91434999	6
chr16	91435000	91435999	24
chr16	91436000	91436999	14
chr16	91437000	91437999	19
chr16	91438000	91438999	1
chr16	91439000	91439999	21
chr16	91440000	91440999	10
chr16	91441000	91441999	28
chr16	91442000	91442999	4
chr16	91443000	91443999	0
chr16	91444000	91444999	0
chr16	91445000	91445999	14
chr16	91446000	91446999	7
chr16	91447000	91447999	14
chr16	91448000	91448999	1
chr16	91449000	91449999	6
chr16	91450000	91450999	5
chr16	91451000	91451999	2
chr16	91452000	91452999	28
chr16	91453000	91453999	3
chr16	91454000	91454999	0
chr16	91455000	91455999	5
chr16	91456000	91456999	8
chr16	91457000	91457999	1
chr16	91458000	91458999	18
chr16	91459000	91459999	0
chr16	91460000	91460999	17
chr16	91461000	91461999	0
chr16	91462000	91462999	24
chr16	91463000	91463999	1
chr16	91464000	91464999	58
chr16	91465000	91465999	35
chr16	91466000	91466999	15
chr16	91467000	91467999	10
chr16	91468000	91468999	3
chr16	91469000	91469999	9
chr16	91470000	91470999	6
chr16	91471000	91471999	0
chr16	91472000	91472999	25
chr16	91473000	91473999	0
chr16	91474000	91474999	2
chr16	91475000	91475999	13
chr16	91476000	91476999	13
chr16	91477000	91477999	1
chr16	91478000	91478999	17
chr16	91479000	91479999	8
chr16	91480000	91480999	12
chr16	91481000	91481999	0
chr16	91482000	91482999	0
chr16	91483000	91483999	10
chr16	91484000	91484999	50
chr16	91485000	91485999	134
chr16	91486000	91486999	21
chr16	91487000	91487999	6
chr16	91488000	91488999	15
chr16	91489000	91489999	7
chr16	91490000	91490999	4
chr16	91491000	91491999	8
chr16	91492000	91492999	14
chr16	91493000	91493999	5
chr16	91494000	91494999	9
chr16	91495000	91495999	9
chr16	91496000	91496999	15
chr16	91497000	91497999	26
chr16	91498000	91498999	16
chr16	91499000	91499999	16
chr16	91500000	91500999	18
chr16	91501000	91501999	10
chr16	91502000	91502999	3
chr16	91503000	91503999	2
chr16	91504000	91504999	2
chr16	91505000	91505999	24
chr16	91506000	91506999	9
chr16	91507000	91507999	6
chr16	91508000	91508999	0
chr16	91509000	91509999	0
chr16	91510000	91510999	4
chr16	91511000	91511999	17
chr16	91512000	91512999	64
chr16	91513000	91513999	9
chr16	91514000	91514999	17
chr16	91515000	91515999	15
chr16	91516000	91516999	0
chr16	91517000	91517999	11
chr16	91518000	91518999	7
chr16	91519000	91519999	12
chr16	91520000	91520999	9
chr16	91521000	91521999	10
chr16	91522000	91522999	1
chr16	91523000	91523999	24
chr16	91524000	91524999	0
chr16	91525000	91525999	8
chr16	91526000	91526999	31
chr16	91527000	91527999	23
chr16	91528000	91528999	13
chr16	91529000	91529999	11
chr16	91530000	91530999	2
chr16	91531000	91531999	16
chr16	91532000	91532999	0
chr16	91533000	91533999	7
chr16	91534000	91534999	12
chr16	91535000	91535999	5
chr16	91536000	91536999	6
chr16	91537000	91537999	26
chr16	91538000	91538999	52
chr16	91539000	91539999	2
chr16	91540000	91540999	12
chr16	91541000	91541999	9
chr16	91542000	91542999	50
chr16	91543000	91543999	5
chr16	91544000	91544999	16
chr16	91545000	91545999	62
chr16	91546000	91546999	54
chr16	91547000	91547999	46
chr16	91548000	91548999	15
chr16	91549000	91549999	32
chr16	91550000	91550999	22
chr16	91551000	91551999	59
chr16	91552000	91552999	11
chr16	91553000	91553999	23
chr16	91554000	91554999	6
chr16	91555000	91555999	5
chr16	91556000	91556999	12
chr16	91557000	91557999	17
chr16	91558000	91558999	6
chr16	91559000	91559999	6
chr16	91560000	91560999	3
chr16	91561000	91561999	8
chr16	91562000	91562999	3
chr16	91563000	91563999	0
chr16	91564000	91564999	33
chr16	91565000	91565999	14
chr16	91566000	91566999	19
chr16	91567000	91567999	4
chr16	91568000	91568999	16
chr16	91569000	91569999	7
chr16	91570000	91570999	4
chr16	91571000	91571999	15
chr16	91572000	91572999	3
chr16	91573000	91573999	7
chr16	91574000	91574999	9
chr16	91575000	91575999	9
chr16	91576000	91576999	8
chr16	91577000	91577999	0
chr16	91578000	91578999	1
chr16	91579000	91579999	17
chr16	91580000	91580999	8
chr16	91581000	91581999	10
chr16	91582000	91582999	11
chr16	91583000	91583999	12
chr16	91584000	91584999	5
chr16	91585000	91585999	24
chr16	91586000	91586999	3
chr16	91587000	91587999	15
chr16	91588000	91588999	5
chr16	91589000	91589999	9
chr16	91590000	91590999	0
chr16	91591000	91591999	11
chr16	91592000	91592999	16
chr16	91593000	91593999	12
chr16	91594000	91594999	27
chr16	91595000	91595999	45
chr16	91596000	91596999	14
chr16	91597000	91597999	136
chr16	91598000	91598999	23
chr16	91599000	91599999	12
chr16	91600000	91600999	4
chr16	91601000	91601999	15
chr16	91602000	91602999	2
chr16	91603000	91603999	7
chr16	91604000	91604999	9
chr16	91605000	91605999	11
chr16	91606000	91606999	8
chr16	91607000	91607999	37
chr16	91608000	91608999	17
chr16	91609000	91609999	43
chr16	91610000	91610999	62
chr16	91611000	91611999	7
chr16	91612000	91612999	4
chr16	91613000	91613999	2
chr16	91614000	91614999	3
chr16	91615000	91615999	9
chr16	91616000	91616999	15
chr16	91617000	91617999	3
chr16	91618000	91618999	62
chr16	91619000	91619999	24
chr16	91620000	91620999	16
chr16	91621000	91621999	46
chr16	91622000	91622999	23
chr16	91623000	91623999	14
chr16	91624000	91624999	4
chr16	91625000	91625999	8
chr16	91626000	91626999	14
chr16	91627000	91627999	8
chr16	91628000	91628999	0
chr16	91629000	91629999	0
chr16	91630000	91630999	5
chr16	91631000	91631999	0
chr16	91632000	91632999	9
chr16	91633000	91633999	11
chr16	91634000	91634999	0
chr16	91635000	91635999	11
chr16	91636000	91636999	12
chr16	91637000	91637999	5
chr16	91638000	91638999	0
chr16	91639000	91639999	8
chr16	91640000	91640999	0
chr16	91641000	91641999	0
chr16	91642000	91642999	0
chr16	91643000	91643999	16
chr16	91644000	91644999	1
chr16	91645000	91645999	3
chr16	91646000	91646999	40
chr16	91647000	91647999	138
chr16	91648000	91648999	14
chr16	91649000	91649999	4
chr16	91650000	91650999	12
chr16	91651000	91651999	10
chr16	91652000	91652999	18
chr16	91653000	91653999	2
chr16	91654000	91654999	24
chr16	91655000	91655999	11
chr16	91656000	91656999	8
chr16	91657000	91657999	10
chr16	91658000	91658999	25
chr16	91659000	91659999	4
chr16	91660000	91660999	6
chr16	91661000	91661999	23
chr16	91662000	91662999	19
chr16	91663000	91663999	0
chr16	91664000	91664999	11
chr16	91665000	91665999	13
chr16	91666000	91666999	2
chr16	91667000	91667999	8
chr16	91668000	91668999	0
chr16	91669000	91669999	0
chr16	91670000	91670999	16
chr16	91671000	91671999	25
chr16	91672000	91672999	4
chr16	91673000	91673999	0
chr16	91674000	91674999	28
chr16	91675000	91675999	9
chr16	91676000	91676999	10
chr16	91677000	91677999	16
chr16	91678000	91678999	10
chr16	91679000	91679999	7
chr16	91680000	91680999	2
chr16	91681000	91681999	14
chr16	91682000	91682999	14
chr16	91683000	91683999	15
chr16	91684000	91684999	20
chr16	91685000	91685999	40
chr16	91686000	91686999	14
chr16	91687000	91687999	0
chr16	91688000	91688999	58
chr16	91689000	91689999	52
chr16	91690000	91690999	23
chr16	91691000	91691999	5
chr16	91692000	91692999	10
chr16	91693000	91693999	1
chr16	91694000	91694999	4
chr16	91695000	91695999	7
chr16	91696000	91696999	4
chr16	91697000	91697999	0
chr16	91698000	91698999	12
chr16	91699000	91699999	4
chr16	91700000	91700999	2
chr16	91701000	91701999	0
chr16	91702000	91702999	3
chr16	91703000	91703999	31
chr16	91704000	91704999	6
chr16	91705000	91705999	2
chr16	91706000	91706999	20
chr16	91707000	91707999	18
chr16	91708000	91708999	4
chr16	91709000	91709999	3
chr16	91710000	91710999	7
chr16	91711000	91711999	0
chr16	91712000	91712999	22
chr16	91713000	91713999	26
chr16	91714000	91714999	0
chr16	91715000	91715999	3
chr16	91716000	91716999	0
chr16	91717000	91717999	7
chr16	91718000	91718999	23
chr16	91719000	91719999	4
chr16	91720000	91720999	16
chr16	91721000	91721999	4
chr16	91722000	91722999	23
chr16	91723000	91723999	3
chr16	91724000	91724999	20
chr16	91725000	91725999	30
chr16	91726000	91726999	18
chr16	91727000	91727999	16
chr16	91728000	91728999	244
chr16	91729000	91729999	164
chr16	91730000	91730999	31
chr16	91731000	91731999	41
chr16	91732000	91732999	49
chr16	91733000	91733999	8
chr16	91734000	91734999	10
chr16	91735000	91735999	10
chr16	91736000	91736999	14
chr16	91737000	91737999	7
chr16	91738000	91738999	8
chr16	91739000	91739999	25
chr16	91740000	91740999	18
chr16	91741000	91741999	8
chr16	91742000	91742999	0
chr16	91743000	91743999	34
chr16	91744000	91744999	9
chr16	91745000	91745999	7
chr16	91746000	91746999	31
chr16	91747000	91747999	0
chr16	91748000	91748999	12
chr16	91749000	91749999	4
chr16	91750000	91750999	0
chr16	91751000	91751999	3
chr16	91752000	91752999	24
chr16	91753000	91753999	7
chr16	91754000	91754999	7
chr16	91755000	91755999	46
chr16	91756000	91756999	0
chr16	91757000	91757999	13
chr16	91758000	91758999	10
chr16	91759000	91759999	12
chr16	91760000	91760999	20
chr16	91761000	91761999	14
chr16	91762000	91762999	7
chr16	91763000	91763999	20
chr16	91764000	91764999	12
chr16	91765000	91765999	9
chr16	91766000	91766999	22
chr16	91767000	91767999	38
chr16	91768000	91768999	7
chr16	91769000	91769999	16
chr16	91770000	91770999	24
chr16	91771000	91771999	12
chr16	91772000	91772999	17
chr16	91773000	91773999	20
chr16	91774000	91774999	19
chr16	91775000	91775999	10
chr16	91776000	91776999	11
chr16	91777000	91777999	10
chr16	91778000	91778999	3
chr16	91779000	91779999	0
chr16	91780000	91780999	8
chr16	91781000	91781999	11
chr16	91782000	91782999	37
chr16	91783000	91783999	67
chr16	91784000	91784999	27
chr16	91785000	91785999	24
chr16	91786000	91786999	132
chr16	91787000	91787999	90
chr16	91788000	91788999	0
chr16	91789000	91789999	25
chr16	91790000	91790999	20
chr16	91791000	91791999	5
chr16	91792000	91792999	6
chr16	91793000	91793999	30
chr16	91794000	91794999	19
chr16	91795000	91795999	0
chr16	91796000	91796999	3
chr16	91797000	91797999	2
chr16	91798000	91798999	15
chr16	91799000	91799999	0
chr16	91800000	91800999	1
chr16	91801000	91801999	11
chr16	91802000	91802999	0
chr16	91803000	91803999	7
chr16	91804000	91804999	10
chr16	91805000	91805999	11
chr16	91806000	91806999	21
chr16	91807000	91807999	11
chr16	91808000	91808999	7
chr16	91809000	91809999	7
chr16	91810000	91810999	7
chr16	91811000	91811999	0
chr16	91812000	91812999	6
chr16	91813000	91813999	3
chr16	91814000	91814999	9
chr16	91815000	91815999	14
chr16	91816000	91816999	9
chr16	91817000	91817999	4
chr16	91818000	91818999	13
chr16	91819000	91819999	0
chr16	91820000	91820999	2
chr16	91821000	91821999	1
chr16	91822000	91822999	2
chr16	91823000	91823999	13
chr16	91824000	91824999	12
chr16	91825000	91825999	6
chr16	91826000	91826999	27
chr16	91827000	91827999	21
chr16	91828000	91828999	5
chr16	91829000	91829999	21
chr16	91830000	91830999	16
chr16	91831000	91831999	5
chr16	91832000	91832999	10
chr16	91833000	91833999	15
chr16	91834000	91834999	13
chr16	91835000	91835999	9
chr16	91836000	91836999	10
chr16	91837000	91837999	7
chr16	91838000	91838999	9
chr16	91839000	91839999	10
chr16	91840000	91840999	6
chr16	91841000	91841999	9
chr16	91842000	91842999	0
chr16	91843000	91843999	0
chr16	91844000	91844999	26
chr16	91845000	91845999	17
chr16	91846000	91846999	14
chr16	91847000	91847999	25
chr16	91848000	91848999	12
chr16	91849000	91849999	12
chr16	91850000	91850999	13
chr16	91851000	91851999	13
chr16	91852000	91852999	4
chr16	91853000	91853999	4
chr16	91854000	91854999	0
chr16	91855000	91855999	0
chr16	91856000	91856999	6
chr16	91857000	91857999	13
chr16	91858000	91858999	0
chr16	91859000	91859999	8
chr16	91860000	91860999	21
chr16	91861000	91861999	11
chr16	91862000	91862999	13
chr16	91863000	91863999	32
chr16	91864000	91864999	2
chr16	91865000	91865999	49
chr16	91866000	91866999	17
chr16	91867000	91867999	21
chr16	91868000	91868999	28
chr16	91869000	91869999	73
chr16	91870000	91870999	31
chr16	91871000	91871999	17
chr16	91872000	91872999	15
chr16	91873000	91873999	35
chr16	91874000	91874999	86
chr16	91875000	91875999	17
chr16	91876000	91876999	9
chr16	91877000	91877999	11
chr16	91878000	91878999	8
chr16	91879000	91879999	25
chr16	91880000	91880999	9
chr16	91881000	91881999	10
chr16	91882000	91882999	23
chr16	91883000	91883999	7
chr16	91884000	91884999	25
chr16	91885000	91885999	3
chr16	91886000	91886999	28
chr16	91887000	91887999	12
chr16	91888000	91888999	39
chr16	91889000	91889999	64
chr16	91890000	91890999	48
chr16	91891000	91891999	48
chr16	91892000	91892999	17
chr16	91893000	91893999	43
chr16	91894000	91894999	0
chr16	91895000	91895999	5
chr16	91896000	91896999	2
chr16	91897000	91897999	17
chr16	91898000	91898999	1
chr16	91899000	91899999	33
chr16	91900000	91900999	19
chr16	91901000	91901999	13
chr16	91902000	91902999	14
chr16	91903000	91903999	31
chr16	91904000	91904999	8
chr16	91905000	91905999	44
chr16	91906000	91906999	4
chr16	91907000	91907999	19
chr16	91908000	91908999	5
chr16	91909000	91909999	15
chr16	91910000	91910999	3
chr16	91911000	91911999	3
chr16	91912000	91912999	26
chr16	91913000	91913999	14
chr16	91914000	91914999	12
chr16	91915000	91915999	12
chr16	91916000	91916999	72
chr16	91917000	91917999	30
chr16	91918000	91918999	22
chr16	91919000	91919999	12
chr16	91920000	91920999	12
chr16	91921000	91921999	1
chr16	91922000	91922999	6
chr16	91923000	91923999	22
chr16	91924000	91924999	0
chr16	91925000	91925999	1
chr16	91926000	91926999	9
chr16	91927000	91927999	0
chr16	91928000	91928999	6
chr16	91929000	91929999	11
chr16	91930000	91930999	42
chr16	91931000	91931999	103
chr16	91932000	91932999	40
chr16	91933000	91933999	7
chr16	91934000	91934999	0
chr16	91935000	91935999	17
chr16	91936000	91936999	6
chr16	91937000	91937999	24
chr16	91938000	91938999	10
chr16	91939000	91939999	0
chr16	91940000	91940999	0
chr16	91941000	91941999	17
chr16	91942000	91942999	11
chr16	91943000	91943999	0
chr16	91944000	91944999	2
chr16	91945000	91945999	0
chr16	91946000	91946999	16
chr16	91947000	91947999	14
chr16	91948000	91948999	3
chr16	91949000	91949999	14
chr16	91950000	91950999	11
chr16	91951000	91951999	0
chr16	91952000	91952999	2
chr16	91953000	91953999	0
chr16	91954000	91954999	29
chr16	91955000	91955999	1
chr16	91956000	91956999	15
chr16	91957000	91957999	0
chr16	91958000	91958999	6
chr16	91959000	91959999	5
chr16	91960000	91960999	5
chr16	91961000	91961999	17
chr16	91962000	91962999	21
chr16	91963000	91963999	11
chr16	91964000	91964999	14
chr16	91965000	91965999	5
chr16	91966000	91966999	46
chr16	91967000	91967999	10
chr16	91968000	91968999	20
chr16	91969000	91969999	30
chr16	91970000	91970999	7
chr16	91971000	91971999	7
chr16	91972000	91972999	0
chr16	91973000	91973999	4
chr16	91974000	91974999	18
chr16	91975000	91975999	0
chr16	91976000	91976999	10
chr16	91977000	91977999	12
chr16	91978000	91978999	26
chr16	91979000	91979999	4
chr16	91980000	91980999	17
chr16	91981000	91981999	4
chr16	91982000	91982999	0
chr16	91983000	91983999	9
chr16	91984000	91984999	26
chr16	91985000	91985999	28
chr16	91986000	91986999	0
chr16	91987000	91987999	8
chr16	91988000	91988999	7
chr16	91989000	91989999	4
chr16	91990000	91990999	5
chr16	91991000	91991999	7
chr16	91992000	91992999	8
chr16	91993000	91993999	0
chr16	91994000	91994999	14
chr16	91995000	91995999	22
chr16	91996000	91996999	44
chr16	91997000	91997999	0
chr16	91998000	91998999	9
chr16	91999000	91999999	1
chr16	92000000	92000999	13
chr16	92001000	92001999	19
chr16	92002000	92002999	3
chr16	92003000	92003999	26
chr16	92004000	92004999	23
chr16	92005000	92005999	0
chr16	92006000	92006999	31
chr16	92007000	92007999	57
chr16	92008000	92008999	0
chr16	92009000	92009999	11
chr16	92010000	92010999	12
chr16	92011000	92011999	6
chr16	92012000	92012999	14
chr16	92013000	92013999	16
chr16	92014000	92014999	12
chr16	92015000	92015999	11
chr16	92016000	92016999	26
chr16	92017000	92017999	54
chr16	92018000	92018999	21
chr16	92019000	92019999	52
chr16	92020000	92020999	7
chr16	92021000	92021999	32
chr16	92022000	92022999	79
chr16	92023000	92023999	46
chr16	92024000	92024999	19
chr16	92025000	92025999	12
chr16	92026000	92026999	3
chr16	92027000	92027999	9
chr16	92028000	92028999	3
chr16	92029000	92029999	3
chr16	92030000	92030999	12
chr16	92031000	92031999	7
chr16	92032000	92032999	4
chr16	92033000	92033999	15
chr16	92034000	92034999	4
chr16	92035000	92035999	18
chr16	92036000	92036999	28
chr16	92037000	92037999	17
chr16	92038000	92038999	30
chr16	92039000	92039999	42
chr16	92040000	92040999	12
chr16	92041000	92041999	6
chr16	92042000	92042999	24
chr16	92043000	92043999	2
chr16	92044000	92044999	0
chr16	92045000	92045999	26
chr16	92046000	92046999	1
chr16	92047000	92047999	9
chr16	92048000	92048999	0
chr16	92049000	92049999	6
chr16	92050000	92050999	7
chr16	92051000	92051999	6
chr16	92052000	92052999	14
chr16	92053000	92053999	0
chr16	92054000	92054999	2
chr16	92055000	92055999	26
chr16	92056000	92056999	14
chr16	92057000	92057999	53
chr16	92058000	92058999	48
chr16	92059000	92059999	46
chr16	92060000	92060999	32
chr16	92061000	92061999	9
chr16	92062000	92062999	21
chr16	92063000	92063999	9
chr16	92064000	92064999	27
chr16	92065000	92065999	42
chr16	92066000	92066999	11
chr16	92067000	92067999	23
chr16	92068000	92068999	15
chr16	92069000	92069999	24
chr16	92070000	92070999	30
chr16	92071000	92071999	14
chr16	92072000	92072999	29
chr16	92073000	92073999	12
chr16	92074000	92074999	13
chr16	92075000	92075999	0
chr16	92076000	92076999	10
chr16	92077000	92077999	20
chr16	92078000	92078999	10
chr16	92079000	92079999	0
chr16	92080000	92080999	14
chr16	92081000	92081999	3
chr16	92082000	92082999	7
chr16	92083000	92083999	11
chr16	92084000	92084999	15
chr16	92085000	92085999	13
chr16	92086000	92086999	10
chr16	92087000	92087999	15
chr16	92088000	92088999	14
chr16	92089000	92089999	29
chr16	92090000	92090999	12
chr16	92091000	92091999	26
chr16	92092000	92092999	16
chr16	92093000	92093999	6
chr16	92094000	92094999	7
chr16	92095000	92095999	9
chr16	92096000	92096999	30
chr16	92097000	92097999	6
chr16	92098000	92098999	25
chr16	92099000	92099999	48
chr16	92100000	92100999	10
chr16	92101000	92101999	27
chr16	92102000	92102999	25
chr16	92103000	92103999	25
chr16	92104000	92104999	58
chr16	92105000	92105999	134
chr16	92106000	92106999	113
chr16	92107000	92107999	21
chr16	92108000	92108999	1
chr16	92109000	92109999	39
chr16	92110000	92110999	16
chr16	92111000	92111999	20
chr16	92112000	92112999	37
chr16	92113000	92113999	7
chr16	92114000	92114999	66
chr16	92115000	92115999	10
chr16	92116000	92116999	24
chr16	92117000	92117999	16
chr16	92118000	92118999	13
chr16	92119000	92119999	28
chr16	92120000	92120999	14
chr16	92121000	92121999	4
chr16	92122000	92122999	0
chr16	92123000	92123999	22
chr16	92124000	92124999	16
chr16	92125000	92125999	7
chr16	92126000	92126999	11
chr16	92127000	92127999	8
chr16	92128000	92128999	23
chr16	92129000	92129999	16
chr16	92130000	92130999	9
chr16	92131000	92131999	0
chr16	92132000	92132999	20
chr16	92133000	92133999	0
chr16	92134000	92134999	9
chr16	92135000	92135999	10
chr16	92136000	92136999	9
chr16	92137000	92137999	14
chr16	92138000	92138999	19
chr16	92139000	92139999	9
chr16	92140000	92140999	17
chr16	92141000	92141999	23
chr16	92142000	92142999	9
chr16	92143000	92143999	3
chr16	92144000	92144999	0
chr16	92145000	92145999	6
chr16	92146000	92146999	1
chr16	92147000	92147999	7
chr16	92148000	92148999	0
chr16	92149000	92149999	4
chr16	92150000	92150999	6
chr16	92151000	92151999	5
chr16	92152000	92152999	12
chr16	92153000	92153999	5
chr16	92154000	92154999	3
chr16	92155000	92155999	17
chr16	92156000	92156999	36
chr16	92157000	92157999	26
chr16	92158000	92158999	45
chr16	92159000	92159999	67
chr16	92160000	92160999	32
chr16	92161000	92161999	18
chr16	92162000	92162999	8
chr16	92163000	92163999	1
chr16	92164000	92164999	0
chr16	92165000	92165999	7
chr16	92166000	92166999	5
chr16	92167000	92167999	4
chr16	92168000	92168999	2
chr16	92169000	92169999	0
chr16	92170000	92170999	17
chr16	92171000	92171999	7
chr16	92172000	92172999	6
chr16	92173000	92173999	6
chr16	92174000	92174999	3
chr16	92175000	92175999	7
chr16	92176000	92176999	14
chr16	92177000	92177999	17
chr16	92178000	92178999	1
chr16	92179000	92179999	14
chr16	92180000	92180999	9
chr16	92181000	92181999	16
chr16	92182000	92182999	6
chr16	92183000	92183999	15
chr16	92184000	92184999	0
chr16	92185000	92185999	16
chr16	92186000	92186999	7
chr16	92187000	92187999	0
chr16	92188000	92188999	3
chr16	92189000	92189999	7
chr16	92190000	92190999	0
chr16	92191000	92191999	0
chr16	92192000	92192999	5
chr16	92193000	92193999	23
chr16	92194000	92194999	26
chr16	92195000	92195999	10
chr16	92196000	92196999	1
chr16	92197000	92197999	11
chr16	92198000	92198999	0
chr16	92199000	92199999	0
chr16	92200000	92200999	18
chr16	92201000	92201999	8
chr16	92202000	92202999	13
chr16	92203000	92203999	13
chr16	92204000	92204999	15
chr16	92205000	92205999	0
chr16	92206000	92206999	11
chr16	92207000	92207999	0
chr16	92208000	92208999	13
chr16	92209000	92209999	3
chr16	92210000	92210999	7
chr16	92211000	92211999	0
chr16	92212000	92212999	6
chr16	92213000	92213999	24
chr16	92214000	92214999	12
chr16	92215000	92215999	15
chr16	92216000	92216999	8
chr16	92217000	92217999	16
chr16	92218000	92218999	4
chr16	92219000	92219999	21
chr16	92220000	92220999	26
chr16	92221000	92221999	0
chr16	92222000	92222999	0
chr16	92223000	92223999	9
chr16	92224000	92224999	18
chr16	92225000	92225999	9
chr16	92226000	92226999	2
chr16	92227000	92227999	2
chr16	92228000	92228999	5
chr16	92229000	92229999	5
chr16	92230000	92230999	24
chr16	92231000	92231999	10
chr16	92232000	92232999	18
chr16	92233000	92233999	23
chr16	92234000	92234999	19
chr16	92235000	92235999	2
chr16	92236000	92236999	7
chr16	92237000	92237999	9
chr16	92238000	92238999	13
chr16	92239000	92239999	0
chr16	92240000	92240999	5
chr16	92241000	92241999	9
chr16	92242000	92242999	0
chr16	92243000	92243999	0
chr16	92244000	92244999	0
chr16	92245000	92245999	4
chr16	92246000	92246999	1
chr16	92247000	92247999	22
chr16	92248000	92248999	15
chr16	92249000	92249999	8
chr16	92250000	92250999	14
chr16	92251000	92251999	16
chr16	92252000	92252999	4
chr16	92253000	92253999	0
chr16	92254000	92254999	11
chr16	92255000	92255999	1
chr16	92256000	92256999	4
chr16	92257000	92257999	16
chr16	92258000	92258999	0
chr16	92259000	92259999	0
chr16	92260000	92260999	3
chr16	92261000	92261999	0
chr16	92262000	92262999	7
chr16	92263000	92263999	0
chr16	92264000	92264999	11
chr16	92265000	92265999	16
chr16	92266000	92266999	21
chr16	92267000	92267999	0
chr16	92268000	92268999	2
chr16	92269000	92269999	26
chr16	92270000	92270999	13
chr16	92271000	92271999	34
chr16	92272000	92272999	17
chr16	92273000	92273999	2
chr16	92274000	92274999	3
chr16	92275000	92275999	57
chr16	92276000	92276999	14
chr16	92277000	92277999	9
chr16	92278000	92278999	2
chr16	92279000	92279999	5
chr16	92280000	92280999	9
chr16	92281000	92281999	5
chr16	92282000	92282999	10
chr16	92283000	92283999	0
chr16	92284000	92284999	25
chr16	92285000	92285999	32
chr16	92286000	92286999	24
chr16	92287000	92287999	19
chr16	92288000	92288999	7
chr16	92289000	92289999	9
chr16	92290000	92290999	2
chr16	92291000	92291999	10
chr16	92292000	92292999	26
chr16	92293000	92293999	7
chr16	92294000	92294999	13
chr16	92295000	92295999	9
chr16	92296000	92296999	0
chr16	92297000	92297999	9
chr16	92298000	92298999	2
chr16	92299000	92299999	0
chr16	92300000	92300999	41
chr16	92301000	92301999	128
chr16	92302000	92302999	9
chr16	92303000	92303999	0
chr16	92304000	92304999	14
chr16	92305000	92305999	15
chr16	92306000	92306999	7
chr16	92307000	92307999	0
chr16	92308000	92308999	7
chr16	92309000	92309999	15
chr16	92310000	92310999	3
chr16	92311000	92311999	8
chr16	92312000	92312999	4
chr16	92313000	92313999	0
chr16	92314000	92314999	8
chr16	92315000	92315999	14
chr16	92316000	92316999	11
chr16	92317000	92317999	8
chr16	92318000	92318999	19
chr16	92319000	92319999	30
chr16	92320000	92320999	6
chr16	92321000	92321999	7
chr16	92322000	92322999	15
chr16	92323000	92323999	13
chr16	92324000	92324999	25
chr16	92325000	92325999	1
chr16	92326000	92326999	12
chr16	92327000	92327999	2
chr16	92328000	92328999	15
chr16	92329000	92329999	14
chr16	92330000	92330999	9
chr16	92331000	92331999	0
chr16	92332000	92332999	12
chr16	92333000	92333999	13
chr16	92334000	92334999	0
chr16	92335000	92335999	0
chr16	92336000	92336999	49
chr16	92337000	92337999	0
chr16	92338000	92338999	6
chr16	92339000	92339999	6
chr16	92340000	92340999	10
chr16	92341000	92341999	30
chr16	92342000	92342999	9
chr16	92343000	92343999	1
chr16	92344000	92344999	8
chr16	92345000	92345999	10
chr16	92346000	92346999	7
chr16	92347000	92347999	21
chr16	92348000	92348999	19
chr16	92349000	92349999	12
chr16	92350000	92350999	3
chr16	92351000	92351999	4
chr16	92352000	92352999	5
chr16	92353000	92353999	25
chr16	92354000	92354999	1
chr16	92355000	92355999	11
chr16	92356000	92356999	18
chr16	92357000	92357999	17
chr16	92358000	92358999	7
chr16	92359000	92359999	3
chr16	92360000	92360999	31
chr16	92361000	92361999	13
chr16	92362000	92362999	17
chr16	92363000	92363999	24
chr16	92364000	92364999	5
chr16	92365000	92365999	13
chr16	92366000	92366999	1
chr16	92367000	92367999	1
chr16	92368000	92368999	7
chr16	92369000	92369999	36
chr16	92370000	92370999	4
chr16	92371000	92371999	10
chr16	92372000	92372999	9
chr16	92373000	92373999	12
chr16	92374000	92374999	2
chr16	92375000	92375999	3
chr16	92376000	92376999	14
chr16	92377000	92377999	14
chr16	92378000	92378999	12
chr16	92379000	92379999	12
chr16	92380000	92380999	2
chr16	92381000	92381999	2
chr16	92382000	92382999	8
chr16	92383000	92383999	5
chr16	92384000	92384999	12
chr16	92385000	92385999	32
chr16	92386000	92386999	16
chr16	92387000	92387999	15
chr16	92388000	92388999	8
chr16	92389000	92389999	6
chr16	92390000	92390999	8
chr16	92391000	92391999	30
chr16	92392000	92392999	26
chr16	92393000	92393999	0
chr16	92394000	92394999	9
chr16	92395000	92395999	21
chr16	92396000	92396999	26
chr16	92397000	92397999	9
chr16	92398000	92398999	0
chr16	92399000	92399999	18
chr16	92400000	92400999	36
chr16	92401000	92401999	11
chr16	92402000	92402999	9
chr16	92403000	92403999	52
chr16	92404000	92404999	0
chr16	92405000	92405999	13
chr16	92406000	92406999	0
chr16	92407000	92407999	1
chr16	92408000	92408999	4
chr16	92409000	92409999	21
chr16	92410000	92410999	1
chr16	92411000	92411999	3
chr16	92412000	92412999	6
chr16	92413000	92413999	5
chr16	92414000	92414999	12
chr16	92415000	92415999	0
chr16	92416000	92416999	2
chr16	92417000	92417999	0
chr16	92418000	92418999	29
chr16	92419000	92419999	3
chr16	92420000	92420999	26
chr16	92421000	92421999	5
chr16	92422000	92422999	23
chr16	92423000	92423999	16
chr16	92424000	92424999	7
chr16	92425000	92425999	4
chr16	92426000	92426999	6
chr16	92427000	92427999	6
chr16	92428000	92428999	24
chr16	92429000	92429999	14
chr16	92430000	92430999	31
chr16	92431000	92431999	14
chr16	92432000	92432999	6
chr16	92433000	92433999	10
chr16	92434000	92434999	9
chr16	92435000	92435999	75
chr16	92436000	92436999	8
chr16	92437000	92437999	19
chr16	92438000	92438999	12
chr16	92439000	92439999	3
chr16	92440000	92440999	22
chr16	92441000	92441999	0
chr16	92442000	92442999	9
chr16	92443000	92443999	41
chr16	92444000	92444999	4
chr16	92445000	92445999	17
chr16	92446000	92446999	12
chr16	92447000	92447999	1
chr16	92448000	92448999	6
chr16	92449000	92449999	0
chr16	92450000	92450999	3
chr16	92451000	92451999	15
chr16	92452000	92452999	18
chr16	92453000	92453999	3
chr16	92454000	92454999	14
chr16	92455000	92455999	12
chr16	92456000	92456999	5
chr16	92457000	92457999	39
chr16	92458000	92458999	0
chr16	92459000	92459999	5
chr16	92460000	92460999	5
chr16	92461000	92461999	16
chr16	92462000	92462999	3
chr16	92463000	92463999	2
chr16	92464000	92464999	36
chr16	92465000	92465999	53
chr16	92466000	92466999	166
chr16	92467000	92467999	14
chr16	92468000	92468999	8
chr16	92469000	92469999	4
chr16	92470000	92470999	31
chr16	92471000	92471999	15
chr16	92472000	92472999	7
chr16	92473000	92473999	15
chr16	92474000	92474999	5
chr16	92475000	92475999	15
chr16	92476000	92476999	11
chr16	92477000	92477999	10
chr16	92478000	92478999	18
chr16	92479000	92479999	10
chr16	92480000	92480999	3
chr16	92481000	92481999	6
chr16	92482000	92482999	33
chr16	92483000	92483999	6
chr16	92484000	92484999	20
chr16	92485000	92485999	6
chr16	92486000	92486999	23
chr16	92487000	92487999	29
chr16	92488000	92488999	17
chr16	92489000	92489999	12
chr16	92490000	92490999	12
chr16	92491000	92491999	30
chr16	92492000	92492999	26
chr16	92493000	92493999	0
chr16	92494000	92494999	6
chr16	92495000	92495999	15
chr16	92496000	92496999	4
chr16	92497000	92497999	8
chr16	92498000	92498999	24
chr16	92499000	92499999	17
chr16	92500000	92500999	3
chr16	92501000	92501999	22
chr16	92502000	92502999	1
chr16	92503000	92503999	9
chr16	92504000	92504999	0
chr16	92505000	92505999	0
chr16	92506000	92506999	12
chr16	92507000	92507999	11
chr16	92508000	92508999	10
chr16	92509000	92509999	9
chr16	92510000	92510999	4
chr16	92511000	92511999	11
chr16	92512000	92512999	13
chr16	92513000	92513999	6
chr16	92514000	92514999	9
chr16	92515000	92515999	1
chr16	92516000	92516999	45
chr16	92517000	92517999	2
chr16	92518000	92518999	13
chr16	92519000	92519999	50
chr16	92520000	92520999	58
chr16	92521000	92521999	23
chr16	92522000	92522999	17
chr16	92523000	92523999	0
chr16	92524000	92524999	14
chr16	92525000	92525999	0
chr16	92526000	92526999	0
chr16	92527000	92527999	8
chr16	92528000	92528999	4
chr16	92529000	92529999	1
chr16	92530000	92530999	4
chr16	92531000	92531999	6
chr16	92532000	92532999	15
chr16	92533000	92533999	15
chr16	92534000	92534999	31
chr16	92535000	92535999	2
chr16	92536000	92536999	41
chr16	92537000	92537999	0
chr16	92538000	92538999	5
chr16	92539000	92539999	15
chr16	92540000	92540999	19
chr16	92541000	92541999	8
chr16	92542000	92542999	14
chr16	92543000	92543999	20
chr16	92544000	92544999	22
chr16	92545000	92545999	17
chr16	92546000	92546999	44
chr16	92547000	92547999	19
chr16	92548000	92548999	55
chr16	92549000	92549999	15
chr16	92550000	92550999	12
chr16	92551000	92551999	102
chr16	92552000	92552999	25
chr16	92553000	92553999	0
chr16	92554000	92554999	21
chr16	92555000	92555999	25
chr16	92556000	92556999	27
chr16	92557000	92557999	38
chr16	92558000	92558999	14
chr16	92559000	92559999	20
chr16	92560000	92560999	32
chr16	92561000	92561999	9
chr16	92562000	92562999	27
chr16	92563000	92563999	5
chr16	92564000	92564999	20
chr16	92565000	92565999	84
chr16	92566000	92566999	6
chr16	92567000	92567999	13
chr16	92568000	92568999	12
chr16	92569000	92569999	0
chr16	92570000	92570999	1
chr16	92571000	92571999	10
chr16	92572000	92572999	2
chr16	92573000	92573999	14
chr16	92574000	92574999	8
chr16	92575000	92575999	0
chr16	92576000	92576999	6
chr16	92577000	92577999	4
chr16	92578000	92578999	6
chr16	92579000	92579999	0
chr16	92580000	92580999	11
chr16	92581000	92581999	14
chr16	92582000	92582999	10
chr16	92583000	92583999	3
chr16	92584000	92584999	28
chr16	92585000	92585999	18
chr16	92586000	92586999	3
chr16	92587000	92587999	36
chr16	92588000	92588999	28
chr16	92589000	92589999	0
chr16	92590000	92590999	0
chr16	92591000	92591999	4
chr16	92592000	92592999	8
chr16	92593000	92593999	16
chr16	92594000	92594999	14
chr16	92595000	92595999	0
chr16	92596000	92596999	7
chr16	92597000	92597999	25
chr16	92598000	92598999	28
chr16	92599000	92599999	11
chr16	92600000	92600999	22
chr16	92601000	92601999	18
chr16	92602000	92602999	14
chr16	92603000	92603999	6
chr16	92604000	92604999	8
chr16	92605000	92605999	13
chr16	92606000	92606999	15
chr16	92607000	92607999	14
chr16	92608000	92608999	8
chr16	92609000	92609999	30
chr16	92610000	92610999	12
chr16	92611000	92611999	57
chr16	92612000	92612999	40
chr16	92613000	92613999	11
chr16	92614000	92614999	32
chr16	92615000	92615999	11
chr16	92616000	92616999	12
chr16	92617000	92617999	9
chr16	92618000	92618999	6
chr16	92619000	92619999	17
chr16	92620000	92620999	10
chr16	92621000	92621999	28
chr16	92622000	92622999	18
chr16	92623000	92623999	41
chr16	92624000	92624999	15
chr16	92625000	92625999	9
chr16	92626000	92626999	39
chr16	92627000	92627999	43
chr16	92628000	92628999	35
chr16	92629000	92629999	31
chr16	92630000	92630999	41
chr16	92631000	92631999	41
chr16	92632000	92632999	11
chr16	92633000	92633999	38
chr16	92634000	92634999	6
chr16	92635000	92635999	7
chr16	92636000	92636999	24
chr16	92637000	92637999	34
chr16	92638000	92638999	0
chr16	92639000	92639999	20
chr16	92640000	92640999	26
chr16	92641000	92641999	8
chr16	92642000	92642999	27
chr16	92643000	92643999	8
chr16	92644000	92644999	17
chr16	92645000	92645999	27
chr16	92646000	92646999	29
chr16	92647000	92647999	14
chr16	92648000	92648999	1
chr16	92649000	92649999	63
chr16	92650000	92650999	10
chr16	92651000	92651999	1
chr16	92652000	92652999	27
chr16	92653000	92653999	37
chr16	92654000	92654999	102
chr16	92655000	92655999	25
chr16	92656000	92656999	23
chr16	92657000	92657999	0
chr16	92658000	92658999	14
chr16	92659000	92659999	30
chr16	92660000	92660999	13
chr16	92661000	92661999	8
chr16	92662000	92662999	21
chr16	92663000	92663999	8
chr16	92664000	92664999	8
chr16	92665000	92665999	22
chr16	92666000	92666999	32
chr16	92667000	92667999	4
chr16	92668000	92668999	15
chr16	92669000	92669999	10
chr16	92670000	92670999	17
chr16	92671000	92671999	21
chr16	92672000	92672999	13
chr16	92673000	92673999	19
chr16	92674000	92674999	19
chr16	92675000	92675999	8
chr16	92676000	92676999	16
chr16	92677000	92677999	2
chr16	92678000	92678999	23
chr16	92679000	92679999	8
chr16	92680000	92680999	54
chr16	92681000	92681999	31
chr16	92682000	92682999	13
chr16	92683000	92683999	5
chr16	92684000	92684999	18
chr16	92685000	92685999	25
chr16	92686000	92686999	46
chr16	92687000	92687999	20
chr16	92688000	92688999	14
chr16	92689000	92689999	14
chr16	92690000	92690999	20
chr16	92691000	92691999	6
chr16	92692000	92692999	17
chr16	92693000	92693999	30
chr16	92694000	92694999	58
chr16	92695000	92695999	17
chr16	92696000	92696999	28
chr16	92697000	92697999	151
chr16	92698000	92698999	78
chr16	92699000	92699999	14
chr16	92700000	92700999	28
chr16	92701000	92701999	2
chr16	92702000	92702999	21
chr16	92703000	92703999	8
chr16	92704000	92704999	17
chr16	92705000	92705999	30
chr16	92706000	92706999	5
chr16	92707000	92707999	10
chr16	92708000	92708999	5
chr16	92709000	92709999	18
chr16	92710000	92710999	25
chr16	92711000	92711999	9
chr16	92712000	92712999	26
chr16	92713000	92713999	0
chr16	92714000	92714999	8
chr16	92715000	92715999	3
chr16	92716000	92716999	7
chr16	92717000	92717999	6
chr16	92718000	92718999	34
chr16	92719000	92719999	13
chr16	92720000	92720999	4
chr16	92721000	92721999	17
chr16	92722000	92722999	8
chr16	92723000	92723999	18
chr16	92724000	92724999	4
chr16	92725000	92725999	5
chr16	92726000	92726999	24
chr16	92727000	92727999	4
chr16	92728000	92728999	3
chr16	92729000	92729999	9
chr16	92730000	92730999	13
chr16	92731000	92731999	0
chr16	92732000	92732999	26
chr16	92733000	92733999	1
chr16	92734000	92734999	0
chr16	92735000	92735999	8
chr16	92736000	92736999	8
chr16	92737000	92737999	2
chr16	92738000	92738999	16
chr16	92739000	92739999	10
chr16	92740000	92740999	2
chr16	92741000	92741999	11
chr16	92742000	92742999	0
chr16	92743000	92743999	39
chr16	92744000	92744999	9
chr16	92745000	92745999	9
chr16	92746000	92746999	0
chr16	92747000	92747999	25
chr16	92748000	92748999	13
chr16	92749000	92749999	30
chr16	92750000	92750999	9
chr16	92751000	92751999	10
chr16	92752000	92752999	19
chr16	92753000	92753999	18
chr16	92754000	92754999	6
chr16	92755000	92755999	1
chr16	92756000	92756999	14
chr16	92757000	92757999	14
chr16	92758000	92758999	0
chr16	92759000	92759999	35
chr16	92760000	92760999	13
chr16	92761000	92761999	5
chr16	92762000	92762999	8
chr16	92763000	92763999	0
chr16	92764000	92764999	4
chr16	92765000	92765999	0
chr16	92766000	92766999	6
chr16	92767000	92767999	18
chr16	92768000	92768999	9
chr16	92769000	92769999	0
chr16	92770000	92770999	17
chr16	92771000	92771999	3
chr16	92772000	92772999	23
chr16	92773000	92773999	9
chr16	92774000	92774999	0
chr16	92775000	92775999	12
chr16	92776000	92776999	0
chr16	92777000	92777999	9
chr16	92778000	92778999	0
chr16	92779000	92779999	0
chr16	92780000	92780999	29
chr16	92781000	92781999	0
chr16	92782000	92782999	8
chr16	92783000	92783999	5
chr16	92784000	92784999	5
chr16	92785000	92785999	8
chr16	92786000	92786999	1
chr16	92787000	92787999	15
chr16	92788000	92788999	12
chr16	92789000	92789999	27
chr16	92790000	92790999	7
chr16	92791000	92791999	15
chr16	92792000	92792999	9
chr16	92793000	92793999	6
chr16	92794000	92794999	8
chr16	92795000	92795999	18
chr16	92796000	92796999	7
chr16	92797000	92797999	5
chr16	92798000	92798999	8
chr16	92799000	92799999	26
chr16	92800000	92800999	12
chr16	92801000	92801999	16
chr16	92802000	92802999	1
chr16	92803000	92803999	3
chr16	92804000	92804999	11
chr16	92805000	92805999	9
chr16	92806000	92806999	0
chr16	92807000	92807999	3
chr16	92808000	92808999	15
chr16	92809000	92809999	12
chr16	92810000	92810999	15
chr16	92811000	92811999	2
chr16	92812000	92812999	14
chr16	92813000	92813999	9
chr16	92814000	92814999	14
chr16	92815000	92815999	0
chr16	92816000	92816999	17
chr16	92817000	92817999	11
chr16	92818000	92818999	10
chr16	92819000	92819999	13
chr16	92820000	92820999	29
chr16	92821000	92821999	12
chr16	92822000	92822999	2
chr16	92823000	92823999	22
chr16	92824000	92824999	6
chr16	92825000	92825999	2
chr16	92826000	92826999	10
chr16	92827000	92827999	21
chr16	92828000	92828999	27
chr16	92829000	92829999	31
chr16	92830000	92830999	49
chr16	92831000	92831999	21
chr16	92832000	92832999	0
chr16	92833000	92833999	19
chr16	92834000	92834999	4
chr16	92835000	92835999	18
chr16	92836000	92836999	10
chr16	92837000	92837999	10
chr16	92838000	92838999	2
chr16	92839000	92839999	16
chr16	92840000	92840999	13
chr16	92841000	92841999	21
chr16	92842000	92842999	11
chr16	92843000	92843999	4
chr16	92844000	92844999	0
chr16	92845000	92845999	7
chr16	92846000	92846999	8
chr16	92847000	92847999	10
chr16	92848000	92848999	2
chr16	92849000	92849999	0
chr16	92850000	92850999	0
chr16	92851000	92851999	21
chr16	92852000	92852999	21
chr16	92853000	92853999	4
chr16	92854000	92854999	11
chr16	92855000	92855999	10
chr16	92856000	92856999	0
chr16	92857000	92857999	11
chr16	92858000	92858999	11
chr16	92859000	92859999	12
chr16	92860000	92860999	1
chr16	92861000	92861999	6
chr16	92862000	92862999	19
chr16	92863000	92863999	0
chr16	92864000	92864999	10
chr16	92865000	92865999	2
chr16	92866000	92866999	9
chr16	92867000	92867999	0
chr16	92868000	92868999	1
chr16	92869000	92869999	22
chr16	92870000	92870999	0
chr16	92871000	92871999	5
chr16	92872000	92872999	37
chr16	92873000	92873999	19
chr16	92874000	92874999	9
chr16	92875000	92875999	15
chr16	92876000	92876999	9
chr16	92877000	92877999	12
chr16	92878000	92878999	9
chr16	92879000	92879999	7
chr16	92880000	92880999	10
chr16	92881000	92881999	7
chr16	92882000	92882999	10
chr16	92883000	92883999	33
chr16	92884000	92884999	0
chr16	92885000	92885999	4
chr16	92886000	92886999	3
chr16	92887000	92887999	5
chr16	92888000	92888999	0
chr16	92889000	92889999	5
chr16	92890000	92890999	12
chr16	92891000	92891999	11
chr16	92892000	92892999	4
chr16	92893000	92893999	9
chr16	92894000	92894999	15
chr16	92895000	92895999	1
chr16	92896000	92896999	6
chr16	92897000	92897999	4
chr16	92898000	92898999	12
chr16	92899000	92899999	0
chr16	92900000	92900999	26
chr16	92901000	92901999	30
chr16	92902000	92902999	10
chr16	92903000	92903999	13
chr16	92904000	92904999	33
chr16	92905000	92905999	29
chr16	92906000	92906999	0
chr16	92907000	92907999	0
chr16	92908000	92908999	13
chr16	92909000	92909999	12
chr16	92910000	92910999	19
chr16	92911000	92911999	0
chr16	92912000	92912999	33
chr16	92913000	92913999	13
chr16	92914000	92914999	10
chr16	92915000	92915999	58
chr16	92916000	92916999	21
chr16	92917000	92917999	18
chr16	92918000	92918999	26
chr16	92919000	92919999	21
chr16	92920000	92920999	0
chr16	92921000	92921999	9
chr16	92922000	92922999	14
chr16	92923000	92923999	13
chr16	92924000	92924999	30
chr16	92925000	92925999	19
chr16	92926000	92926999	0
chr16	92927000	92927999	19
chr16	92928000	92928999	16
chr16	92929000	92929999	10
chr16	92930000	92930999	21
chr16	92931000	92931999	0
chr16	92932000	92932999	23
chr16	92933000	92933999	9
chr16	92934000	92934999	13
chr16	92935000	92935999	5
chr16	92936000	92936999	19
chr16	92937000	92937999	6
chr16	92938000	92938999	33
chr16	92939000	92939999	5
chr16	92940000	92940999	2
chr16	92941000	92941999	12
chr16	92942000	92942999	6
chr16	92943000	92943999	13
chr16	92944000	92944999	7
chr16	92945000	92945999	0
chr16	92946000	92946999	0
chr16	92947000	92947999	13
chr16	92948000	92948999	0
chr16	92949000	92949999	3
chr16	92950000	92950999	0
chr16	92951000	92951999	23
chr16	92952000	92952999	3
chr16	92953000	92953999	10
chr16	92954000	92954999	42
chr16	92955000	92955999	49
chr16	92956000	92956999	8
chr16	92957000	92957999	11
chr16	92958000	92958999	32
chr16	92959000	92959999	23
chr16	92960000	92960999	7
chr16	92961000	92961999	17
chr16	92962000	92962999	0
chr16	92963000	92963999	5
chr16	92964000	92964999	20
chr16	92965000	92965999	24
chr16	92966000	92966999	50
chr16	92967000	92967999	18
chr16	92968000	92968999	9
chr16	92969000	92969999	4
chr16	92970000	92970999	14
chr16	92971000	92971999	11
chr16	92972000	92972999	13
chr16	92973000	92973999	28
chr16	92974000	92974999	20
chr16	92975000	92975999	38
chr16	92976000	92976999	19
chr16	92977000	92977999	14
chr16	92978000	92978999	0
chr16	92979000	92979999	15
chr16	92980000	92980999	12
chr16	92981000	92981999	15
chr16	92982000	92982999	9
chr16	92983000	92983999	16
chr16	92984000	92984999	12
chr16	92985000	92985999	5
chr16	92986000	92986999	42
chr16	92987000	92987999	33
chr16	92988000	92988999	14
chr16	92989000	92989999	9
chr16	92990000	92990999	0
chr16	92991000	92991999	14
chr16	92992000	92992999	54
chr16	92993000	92993999	1
chr16	92994000	92994999	26
chr16	92995000	92995999	15
chr16	92996000	92996999	19
chr16	92997000	92997999	42
chr16	92998000	92998999	57
chr16	92999000	92999999	26
chr16	93000000	93000999	14
chr16	93001000	93001999	8
chr16	93002000	93002999	7
chr16	93003000	93003999	25
chr16	93004000	93004999	14
chr16	93005000	93005999	19
chr16	93006000	93006999	66
chr16	93007000	93007999	14
chr16	93008000	93008999	3
chr16	93009000	93009999	0
chr16	93010000	93010999	12
chr16	93011000	93011999	4
chr16	93012000	93012999	14
chr16	93013000	93013999	55
chr16	93014000	93014999	30
chr16	93015000	93015999	0
chr16	93016000	93016999	22
chr16	93017000	93017999	15
chr16	93018000	93018999	4
chr16	93019000	93019999	6
chr16	93020000	93020999	17
chr16	93021000	93021999	19
chr16	93022000	93022999	15
chr16	93023000	93023999	19
chr16	93024000	93024999	0
chr16	93025000	93025999	16
chr16	93026000	93026999	44
chr16	93027000	93027999	18
chr16	93028000	93028999	16
chr16	93029000	93029999	10
chr16	93030000	93030999	8
chr16	93031000	93031999	42
chr16	93032000	93032999	13
chr16	93033000	93033999	31
chr16	93034000	93034999	4
chr16	93035000	93035999	9
chr16	93036000	93036999	34
chr16	93037000	93037999	5
chr16	93038000	93038999	0
chr16	93039000	93039999	38
chr16	93040000	93040999	5
chr16	93041000	93041999	22
chr16	93042000	93042999	50
chr16	93043000	93043999	110
chr16	93044000	93044999	20
chr16	93045000	93045999	1
chr16	93046000	93046999	13
chr16	93047000	93047999	19
chr16	93048000	93048999	16
chr16	93049000	93049999	17
chr16	93050000	93050999	26
chr16	93051000	93051999	14
chr16	93052000	93052999	0
chr16	93053000	93053999	13
chr16	93054000	93054999	1
chr16	93055000	93055999	6
chr16	93056000	93056999	12
chr16	93057000	93057999	0
chr16	93058000	93058999	0
chr16	93059000	93059999	6
chr16	93060000	93060999	0
chr16	93061000	93061999	0
chr16	93062000	93062999	0
chr16	93063000	93063999	27
chr16	93064000	93064999	4
chr16	93065000	93065999	17
chr16	93066000	93066999	20
chr16	93067000	93067999	8
chr16	93068000	93068999	4
chr16	93069000	93069999	4
chr16	93070000	93070999	4
chr16	93071000	93071999	16
chr16	93072000	93072999	3
chr16	93073000	93073999	12
chr16	93074000	93074999	31
chr16	93075000	93075999	14
chr16	93076000	93076999	47
chr16	93077000	93077999	10
chr16	93078000	93078999	1
chr16	93079000	93079999	1
chr16	93080000	93080999	10
chr16	93081000	93081999	6
chr16	93082000	93082999	7
chr16	93083000	93083999	2
chr16	93084000	93084999	2
chr16	93085000	93085999	2
chr16	93086000	93086999	11
chr16	93087000	93087999	6
chr16	93088000	93088999	1
chr16	93089000	93089999	25
chr16	93090000	93090999	16
chr16	93091000	93091999	1
chr16	93092000	93092999	0
chr16	93093000	93093999	14
chr16	93094000	93094999	20
chr16	93095000	93095999	8
chr16	93096000	93096999	14
chr16	93097000	93097999	15
chr16	93098000	93098999	13
chr16	93099000	93099999	3
chr16	93100000	93100999	10
chr16	93101000	93101999	1
chr16	93102000	93102999	6
chr16	93103000	93103999	0
chr16	93104000	93104999	15
chr16	93105000	93105999	3
chr16	93106000	93106999	21
chr16	93107000	93107999	19
chr16	93108000	93108999	22
chr16	93109000	93109999	6
chr16	93110000	93110999	61
chr16	93111000	93111999	22
chr16	93112000	93112999	20
chr16	93113000	93113999	9
chr16	93114000	93114999	18
chr16	93115000	93115999	11
chr16	93116000	93116999	23
chr16	93117000	93117999	7
chr16	93118000	93118999	8
chr16	93119000	93119999	0
chr16	93120000	93120999	0
chr16	93121000	93121999	14
chr16	93122000	93122999	8
chr16	93123000	93123999	2
chr16	93124000	93124999	12
chr16	93125000	93125999	10
chr16	93126000	93126999	6
chr16	93127000	93127999	3
chr16	93128000	93128999	6
chr16	93129000	93129999	14
chr16	93130000	93130999	7
chr16	93131000	93131999	0
chr16	93132000	93132999	29
chr16	93133000	93133999	4
chr16	93134000	93134999	12
chr16	93135000	93135999	24
chr16	93136000	93136999	11
chr16	93137000	93137999	7
chr16	93138000	93138999	9
chr16	93139000	93139999	10
chr16	93140000	93140999	13
chr16	93141000	93141999	10
chr16	93142000	93142999	26
chr16	93143000	93143999	37
chr16	93144000	93144999	27
chr16	93145000	93145999	15
chr16	93146000	93146999	1
chr16	93147000	93147999	27
chr16	93148000	93148999	0
chr16	93149000	93149999	10
chr16	93150000	93150999	8
chr16	93151000	93151999	4
chr16	93152000	93152999	10
chr16	93153000	93153999	23
chr16	93154000	93154999	17
chr16	93155000	93155999	3
chr16	93156000	93156999	12
chr16	93157000	93157999	22
chr16	93158000	93158999	33
chr16	93159000	93159999	11
chr16	93160000	93160999	7
chr16	93161000	93161999	4
chr16	93162000	93162999	8
chr16	93163000	93163999	24
chr16	93164000	93164999	11
chr16	93165000	93165999	2
chr16	93166000	93166999	23
chr16	93167000	93167999	18
chr16	93168000	93168999	4
chr16	93169000	93169999	4
chr16	93170000	93170999	5
chr16	93171000	93171999	0
chr16	93172000	93172999	6
chr16	93173000	93173999	23
chr16	93174000	93174999	9
chr16	93175000	93175999	0
chr16	93176000	93176999	0
chr16	93177000	93177999	0
chr16	93178000	93178999	1
chr16	93179000	93179999	3
chr16	93180000	93180999	12
chr16	93181000	93181999	0
chr16	93182000	93182999	0
chr16	93183000	93183999	0
chr16	93184000	93184999	16
chr16	93185000	93185999	14
chr16	93186000	93186999	2
chr16	93187000	93187999	3
chr16	93188000	93188999	4
chr16	93189000	93189999	13
chr16	93190000	93190999	17
chr16	93191000	93191999	28
chr16	93192000	93192999	33
chr16	93193000	93193999	65
chr16	93194000	93194999	32
chr16	93195000	93195999	0
chr16	93196000	93196999	34
chr16	93197000	93197999	18
chr16	93198000	93198999	5
chr16	93199000	93199999	0
chr16	93200000	93200999	23
chr16	93201000	93201999	18
chr16	93202000	93202999	36
chr16	93203000	93203999	4
chr16	93204000	93204999	9
chr16	93205000	93205999	2
chr16	93206000	93206999	33
chr16	93207000	93207999	9
chr16	93208000	93208999	18
chr16	93209000	93209999	4
chr16	93210000	93210999	10
chr16	93211000	93211999	3
chr16	93212000	93212999	0
chr16	93213000	93213999	0
chr16	93214000	93214999	45
chr16	93215000	93215999	0
chr16	93216000	93216999	18
chr16	93217000	93217999	4
chr16	93218000	93218999	20
chr16	93219000	93219999	7
chr16	93220000	93220999	7
chr16	93221000	93221999	0
chr16	93222000	93222999	4
chr16	93223000	93223999	23
chr16	93224000	93224999	9
chr16	93225000	93225999	23
chr16	93226000	93226999	6
chr16	93227000	93227999	15
chr16	93228000	93228999	4
chr16	93229000	93229999	0
chr16	93230000	93230999	6
chr16	93231000	93231999	11
chr16	93232000	93232999	8
chr16	93233000	93233999	9
chr16	93234000	93234999	13
chr16	93235000	93235999	13
chr16	93236000	93236999	20
chr16	93237000	93237999	8
chr16	93238000	93238999	14
chr16	93239000	93239999	2
chr16	93240000	93240999	6
chr16	93241000	93241999	17
chr16	93242000	93242999	0
chr16	93243000	93243999	0
chr16	93244000	93244999	0
chr16	93245000	93245999	2
chr16	93246000	93246999	0
chr16	93247000	93247999	31
chr16	93248000	93248999	15
chr16	93249000	93249999	15
chr16	93250000	93250999	20
chr16	93251000	93251999	14
chr16	93252000	93252999	0
chr16	93253000	93253999	18
chr16	93254000	93254999	5
chr16	93255000	93255999	7
chr16	93256000	93256999	0
chr16	93257000	93257999	0
chr16	93258000	93258999	7
chr16	93259000	93259999	7
chr16	93260000	93260999	11
chr16	93261000	93261999	4
chr16	93262000	93262999	0
chr16	93263000	93263999	2
chr16	93264000	93264999	28
chr16	93265000	93265999	3
chr16	93266000	93266999	0
chr16	93267000	93267999	5
chr16	93268000	93268999	29
chr16	93269000	93269999	13
chr16	93270000	93270999	15
chr16	93271000	93271999	12
chr16	93272000	93272999	0
chr16	93273000	93273999	14
chr16	93274000	93274999	0
chr16	93275000	93275999	4
chr16	93276000	93276999	7
chr16	93277000	93277999	1
chr16	93278000	93278999	9
chr16	93279000	93279999	2
chr16	93280000	93280999	1
chr16	93281000	93281999	5
chr16	93282000	93282999	5
chr16	93283000	93283999	7
chr16	93284000	93284999	2
chr16	93285000	93285999	8
chr16	93286000	93286999	26
chr16	93287000	93287999	1
chr16	93288000	93288999	4
chr16	93289000	93289999	11
chr16	93290000	93290999	6
chr16	93291000	93291999	1
chr16	93292000	93292999	23
chr16	93293000	93293999	23
chr16	93294000	93294999	0
chr16	93295000	93295999	15
chr16	93296000	93296999	13
chr16	93297000	93297999	6
chr16	93298000	93298999	21
chr16	93299000	93299999	16
chr16	93300000	93300999	3
chr16	93301000	93301999	22
chr16	93302000	93302999	1
chr16	93303000	93303999	9
chr16	93304000	93304999	3
chr16	93305000	93305999	0
chr16	93306000	93306999	0
chr16	93307000	93307999	5
chr16	93308000	93308999	23
chr16	93309000	93309999	10
chr16	93310000	93310999	26
chr16	93311000	93311999	0
chr16	93312000	93312999	9
chr16	93313000	93313999	11
chr16	93314000	93314999	23
chr16	93315000	93315999	5
chr16	93316000	93316999	5
chr16	93317000	93317999	5
chr16	93318000	93318999	19
chr16	93319000	93319999	10
chr16	93320000	93320999	4
chr16	93321000	93321999	4
chr16	93322000	93322999	15
chr16	93323000	93323999	7
chr16	93324000	93324999	16
chr16	93325000	93325999	12
chr16	93326000	93326999	4
chr16	93327000	93327999	3
chr16	93328000	93328999	7
chr16	93329000	93329999	18
chr16	93330000	93330999	2
chr16	93331000	93331999	6
chr16	93332000	93332999	0
chr16	93333000	93333999	12
chr16	93334000	93334999	11
chr16	93335000	93335999	37
chr16	93336000	93336999	1
chr16	93337000	93337999	10
chr16	93338000	93338999	0
chr16	93339000	93339999	4
chr16	93340000	93340999	4
chr16	93341000	93341999	0
chr16	93342000	93342999	38
chr16	93343000	93343999	21
chr16	93344000	93344999	1
chr16	93345000	93345999	20
chr16	93346000	93346999	31
chr16	93347000	93347999	6
chr16	93348000	93348999	12
chr16	93349000	93349999	5
chr16	93350000	93350999	12
chr16	93351000	93351999	15
chr16	93352000	93352999	7
chr16	93353000	93353999	4
chr16	93354000	93354999	19
chr16	93355000	93355999	22
chr16	93356000	93356999	7
chr16	93357000	93357999	2
chr16	93358000	93358999	29
chr16	93359000	93359999	0
chr16	93360000	93360999	4
chr16	93361000	93361999	0
chr16	93362000	93362999	17
chr16	93363000	93363999	7
chr16	93364000	93364999	2
chr16	93365000	93365999	12
chr16	93366000	93366999	15
chr16	93367000	93367999	6
chr16	93368000	93368999	33
chr16	93369000	93369999	75
chr16	93370000	93370999	28
chr16	93371000	93371999	11
chr16	93372000	93372999	14
chr16	93373000	93373999	15
chr16	93374000	93374999	18
chr16	93375000	93375999	33
chr16	93376000	93376999	5
chr16	93377000	93377999	23
chr16	93378000	93378999	8
chr16	93379000	93379999	0
chr16	93380000	93380999	39
chr16	93381000	93381999	8
chr16	93382000	93382999	19
chr16	93383000	93383999	0
chr16	93384000	93384999	9
chr16	93385000	93385999	8
chr16	93386000	93386999	23
chr16	93387000	93387999	44
chr16	93388000	93388999	6
chr16	93389000	93389999	1
chr16	93390000	93390999	18
chr16	93391000	93391999	5
chr16	93392000	93392999	1
chr16	93393000	93393999	0
chr16	93394000	93394999	28
chr16	93395000	93395999	0
chr16	93396000	93396999	4
chr16	93397000	93397999	6
chr16	93398000	93398999	2
chr16	93399000	93399999	0
chr16	93400000	93400999	27
chr16	93401000	93401999	23
chr16	93402000	93402999	22
chr16	93403000	93403999	5
chr16	93404000	93404999	3
chr16	93405000	93405999	12
chr16	93406000	93406999	11
chr16	93407000	93407999	0
chr16	93408000	93408999	13
chr16	93409000	93409999	9
chr16	93410000	93410999	8
chr16	93411000	93411999	16
chr16	93412000	93412999	15
chr16	93413000	93413999	8
chr16	93414000	93414999	4
chr16	93415000	93415999	5
chr16	93416000	93416999	0
chr16	93417000	93417999	4
chr16	93418000	93418999	2
chr16	93419000	93419999	32
chr16	93420000	93420999	2
chr16	93421000	93421999	12
chr16	93422000	93422999	0
chr16	93423000	93423999	21
chr16	93424000	93424999	1
chr16	93425000	93425999	13
chr16	93426000	93426999	11
chr16	93427000	93427999	28
chr16	93428000	93428999	15
chr16	93429000	93429999	34
chr16	93430000	93430999	8
chr16	93431000	93431999	0
chr16	93432000	93432999	5
chr16	93433000	93433999	28
chr16	93434000	93434999	30
chr16	93435000	93435999	18
chr16	93436000	93436999	6
chr16	93437000	93437999	7
chr16	93438000	93438999	7
chr16	93439000	93439999	0
chr16	93440000	93440999	7
chr16	93441000	93441999	2
chr16	93442000	93442999	14
chr16	93443000	93443999	3
chr16	93444000	93444999	20
chr16	93445000	93445999	2
chr16	93446000	93446999	18
chr16	93447000	93447999	6
chr16	93448000	93448999	6
chr16	93449000	93449999	11
chr16	93450000	93450999	14
chr16	93451000	93451999	8
chr16	93452000	93452999	3
chr16	93453000	93453999	16
chr16	93454000	93454999	54
chr16	93455000	93455999	1
chr16	93456000	93456999	3
chr16	93457000	93457999	13
chr16	93458000	93458999	1
chr16	93459000	93459999	12
chr16	93460000	93460999	13
chr16	93461000	93461999	5
chr16	93462000	93462999	4
chr16	93463000	93463999	3
chr16	93464000	93464999	11
chr16	93465000	93465999	20
chr16	93466000	93466999	14
chr16	93467000	93467999	0
chr16	93468000	93468999	2
chr16	93469000	93469999	21
chr16	93470000	93470999	0
chr16	93471000	93471999	0
chr16	93472000	93472999	3
chr16	93473000	93473999	0
chr16	93474000	93474999	3
chr16	93475000	93475999	0
chr16	93476000	93476999	5
chr16	93477000	93477999	0
chr16	93478000	93478999	2
chr16	93479000	93479999	0
chr16	93480000	93480999	4
chr16	93481000	93481999	3
chr16	93482000	93482999	7
chr16	93483000	93483999	0
chr16	93484000	93484999	8
chr16	93485000	93485999	34
chr16	93486000	93486999	5
chr16	93487000	93487999	4
chr16	93488000	93488999	18
chr16	93489000	93489999	0
chr16	93490000	93490999	6
chr16	93491000	93491999	23
chr16	93492000	93492999	5
chr16	93493000	93493999	1
chr16	93494000	93494999	8
chr16	93495000	93495999	10
chr16	93496000	93496999	8
chr16	93497000	93497999	7
chr16	93498000	93498999	10
chr16	93499000	93499999	1
chr16	93500000	93500999	0
chr16	93501000	93501999	5
chr16	93502000	93502999	20
chr16	93503000	93503999	3
chr16	93504000	93504999	0
chr16	93505000	93505999	7
chr16	93506000	93506999	0
chr16	93507000	93507999	15
chr16	93508000	93508999	9
chr16	93509000	93509999	5
chr16	93510000	93510999	11
chr16	93511000	93511999	8
chr16	93512000	93512999	7
chr16	93513000	93513999	4
chr16	93514000	93514999	0
chr16	93515000	93515999	16
chr16	93516000	93516999	8
chr16	93517000	93517999	10
chr16	93518000	93518999	4
chr16	93519000	93519999	22
chr16	93520000	93520999	0
chr16	93521000	93521999	0
chr16	93522000	93522999	32
chr16	93523000	93523999	10
chr16	93524000	93524999	7
chr16	93525000	93525999	6
chr16	93526000	93526999	11
chr16	93527000	93527999	3
chr16	93528000	93528999	6
chr16	93529000	93529999	14
chr16	93530000	93530999	2
chr16	93531000	93531999	5
chr16	93532000	93532999	8
chr16	93533000	93533999	20
chr16	93534000	93534999	3
chr16	93535000	93535999	16
chr16	93536000	93536999	0
chr16	93537000	93537999	11
chr16	93538000	93538999	4
chr16	93539000	93539999	13
chr16	93540000	93540999	14
chr16	93541000	93541999	15
chr16	93542000	93542999	10
chr16	93543000	93543999	10
chr16	93544000	93544999	1
chr16	93545000	93545999	11
chr16	93546000	93546999	17
chr16	93547000	93547999	20
chr16	93548000	93548999	12
chr16	93549000	93549999	10
chr16	93550000	93550999	16
chr16	93551000	93551999	2
chr16	93552000	93552999	1
chr16	93553000	93553999	27
chr16	93554000	93554999	9
chr16	93555000	93555999	11
chr16	93556000	93556999	7
chr16	93557000	93557999	17
chr16	93558000	93558999	22
chr16	93559000	93559999	14
chr16	93560000	93560999	0
chr16	93561000	93561999	0
chr16	93562000	93562999	6
chr16	93563000	93563999	12
chr16	93564000	93564999	0
chr16	93565000	93565999	21
chr16	93566000	93566999	25
chr16	93567000	93567999	5
chr16	93568000	93568999	19
chr16	93569000	93569999	15
chr16	93570000	93570999	10
chr16	93571000	93571999	3
chr16	93572000	93572999	5
chr16	93573000	93573999	13
chr16	93574000	93574999	9
chr16	93575000	93575999	3
chr16	93576000	93576999	27
chr16	93577000	93577999	15
chr16	93578000	93578999	8
chr16	93579000	93579999	13
chr16	93580000	93580999	3
chr16	93581000	93581999	3
chr16	93582000	93582999	0
chr16	93583000	93583999	4
chr16	93584000	93584999	7
chr16	93585000	93585999	9
chr16	93586000	93586999	18
chr16	93587000	93587999	4
chr16	93588000	93588999	0
chr16	93589000	93589999	0
chr16	93590000	93590999	15
chr16	93591000	93591999	14
chr16	93592000	93592999	2
chr16	93593000	93593999	14
chr16	93594000	93594999	7
chr16	93595000	93595999	9
chr16	93596000	93596999	9
chr16	93597000	93597999	9
chr16	93598000	93598999	5
chr16	93599000	93599999	9
chr16	93600000	93600999	10
chr16	93601000	93601999	0
chr16	93602000	93602999	3
chr16	93603000	93603999	54
chr16	93604000	93604999	77
chr16	93605000	93605999	17
chr16	93606000	93606999	17
chr16	93607000	93607999	62
chr16	93608000	93608999	20
chr16	93609000	93609999	0
chr16	93610000	93610999	7
chr16	93611000	93611999	7
chr16	93612000	93612999	9
chr16	93613000	93613999	6
chr16	93614000	93614999	3
chr16	93615000	93615999	21
chr16	93616000	93616999	19
chr16	93617000	93617999	0
chr16	93618000	93618999	15
chr16	93619000	93619999	0
chr16	93620000	93620999	6
chr16	93621000	93621999	0
chr16	93622000	93622999	0
chr16	93623000	93623999	19
chr16	93624000	93624999	0
chr16	93625000	93625999	0
chr16	93626000	93626999	0
chr16	93627000	93627999	2
chr16	93628000	93628999	0
chr16	93629000	93629999	0
chr16	93630000	93630999	11
chr16	93631000	93631999	0
chr16	93632000	93632999	7
chr16	93633000	93633999	0
chr16	93634000	93634999	0
chr16	93635000	93635999	0
chr16	93636000	93636999	0
chr16	93637000	93637999	0
chr16	93638000	93638999	0
chr16	93639000	93639999	0
chr16	93640000	93640999	0
chr16	93641000	93641999	0
chr16	93642000	93642999	0
chr16	93643000	93643999	5
chr16	93644000	93644999	7
chr16	93645000	93645999	6
chr16	93646000	93646999	13
chr16	93647000	93647999	1
chr16	93648000	93648999	19
chr16	93649000	93649999	0
chr16	93650000	93650999	0
chr16	93651000	93651999	6
chr16	93652000	93652999	1
chr16	93653000	93653999	8
chr16	93654000	93654999	10
chr16	93655000	93655999	0
chr16	93656000	93656999	1
chr16	93657000	93657999	4
chr16	93658000	93658999	0
chr16	93659000	93659999	4
chr16	93660000	93660999	6
chr16	93661000	93661999	3
chr16	93662000	93662999	7
chr16	93663000	93663999	2
chr16	93664000	93664999	14
chr16	93665000	93665999	0
chr16	93666000	93666999	3
chr16	93667000	93667999	0
chr16	93668000	93668999	12
chr16	93669000	93669999	0
chr16	93670000	93670999	13
chr16	93671000	93671999	6
chr16	93672000	93672999	12
chr16	93673000	93673999	0
chr16	93674000	93674999	1
chr16	93675000	93675999	8
chr16	93676000	93676999	1
chr16	93677000	93677999	0
chr16	93678000	93678999	0
chr16	93679000	93679999	3
chr16	93680000	93680999	17
chr16	93681000	93681999	30
chr16	93682000	93682999	54
chr16	93683000	93683999	37
chr16	93684000	93684999	21
chr16	93685000	93685999	16
chr16	93686000	93686999	30
chr16	93687000	93687999	3
chr16	93688000	93688999	29
chr16	93689000	93689999	0
chr16	93690000	93690999	13
chr16	93691000	93691999	5
chr16	93692000	93692999	0
chr16	93693000	93693999	3
chr16	93694000	93694999	6
chr16	93695000	93695999	6
chr16	93696000	93696999	16
chr16	93697000	93697999	0
chr16	93698000	93698999	0
chr16	93699000	93699999	0
chr16	93700000	93700999	0
chr16	93701000	93701999	0
chr16	93702000	93702999	0
chr16	93703000	93703999	0
chr16	93704000	93704999	0
chr16	93705000	93705999	0
chr16	93706000	93706999	11
chr16	93707000	93707999	1
chr16	93708000	93708999	32
chr16	93709000	93709999	23
chr16	93710000	93710999	15
chr16	93711000	93711999	200
chr16	93712000	93712999	67
chr16	93713000	93713999	15
chr16	93714000	93714999	4
chr16	93715000	93715999	15
chr16	93716000	93716999	25
chr16	93717000	93717999	30
chr16	93718000	93718999	2
chr16	93719000	93719999	7
chr16	93720000	93720999	8
chr16	93721000	93721999	30
chr16	93722000	93722999	16
chr16	93723000	93723999	11
chr16	93724000	93724999	0
chr16	93725000	93725999	17
chr16	93726000	93726999	0
chr16	93727000	93727999	8
chr16	93728000	93728999	23
chr16	93729000	93729999	2
chr16	93730000	93730999	19
chr16	93731000	93731999	5
chr16	93732000	93732999	0
chr16	93733000	93733999	8
chr16	93734000	93734999	28
chr16	93735000	93735999	0
chr16	93736000	93736999	6
chr16	93737000	93737999	15
chr16	93738000	93738999	7
chr16	93739000	93739999	22
chr16	93740000	93740999	3
chr16	93741000	93741999	4
chr16	93742000	93742999	4
chr16	93743000	93743999	4
chr16	93744000	93744999	14
chr16	93745000	93745999	8
chr16	93746000	93746999	12
chr16	93747000	93747999	16
chr16	93748000	93748999	24
chr16	93749000	93749999	34
chr16	93750000	93750999	18
chr16	93751000	93751999	0
chr16	93752000	93752999	3
chr16	93753000	93753999	21
chr16	93754000	93754999	4
chr16	93755000	93755999	9
chr16	93756000	93756999	16
chr16	93757000	93757999	42
chr16	93758000	93758999	18
chr16	93759000	93759999	8
chr16	93760000	93760999	16
chr16	93761000	93761999	4
chr16	93762000	93762999	23
chr16	93763000	93763999	13
chr16	93764000	93764999	27
chr16	93765000	93765999	6
chr16	93766000	93766999	20
chr16	93767000	93767999	80
chr16	93768000	93768999	12
chr16	93769000	93769999	33
chr16	93770000	93770999	30
chr16	93771000	93771999	27
chr16	93772000	93772999	5
chr16	93773000	93773999	20
chr16	93774000	93774999	8
chr16	93775000	93775999	13
chr16	93776000	93776999	9
chr16	93777000	93777999	5
chr16	93778000	93778999	0
chr16	93779000	93779999	4
chr16	93780000	93780999	21
chr16	93781000	93781999	31
chr16	93782000	93782999	7
chr16	93783000	93783999	10
chr16	93784000	93784999	4
chr16	93785000	93785999	11
chr16	93786000	93786999	30
chr16	93787000	93787999	16
chr16	93788000	93788999	8
chr16	93789000	93789999	14
chr16	93790000	93790999	37
chr16	93791000	93791999	13
chr16	93792000	93792999	8
chr16	93793000	93793999	28
chr16	93794000	93794999	5
chr16	93795000	93795999	25
chr16	93796000	93796999	15
chr16	93797000	93797999	40
chr16	93798000	93798999	43
chr16	93799000	93799999	44
chr16	93800000	93800999	18
chr16	93801000	93801999	3
chr16	93802000	93802999	0
chr16	93803000	93803999	2
chr16	93804000	93804999	2
chr16	93805000	93805999	12
chr16	93806000	93806999	1
chr16	93807000	93807999	3
chr16	93808000	93808999	33
chr16	93809000	93809999	6
chr16	93810000	93810999	2
chr16	93811000	93811999	0
chr16	93812000	93812999	31
chr16	93813000	93813999	7
chr16	93814000	93814999	14
chr16	93815000	93815999	0
chr16	93816000	93816999	85
chr16	93817000	93817999	14
chr16	93818000	93818999	31
chr16	93819000	93819999	6
chr16	93820000	93820999	10
chr16	93821000	93821999	6
chr16	93822000	93822999	0
chr16	93823000	93823999	7
chr16	93824000	93824999	0
chr16	93825000	93825999	10
chr16	93826000	93826999	7
chr16	93827000	93827999	4
chr16	93828000	93828999	2
chr16	93829000	93829999	2
chr16	93830000	93830999	8
chr16	93831000	93831999	7
chr16	93832000	93832999	182
chr16	93833000	93833999	42
chr16	93834000	93834999	4
chr16	93835000	93835999	21
chr16	93836000	93836999	1
chr16	93837000	93837999	14
chr16	93838000	93838999	16
chr16	93839000	93839999	14
chr16	93840000	93840999	0
chr16	93841000	93841999	11
chr16	93842000	93842999	18
chr16	93843000	93843999	13
chr16	93844000	93844999	11
chr16	93845000	93845999	16
chr16	93846000	93846999	1
chr16	93847000	93847999	3
chr16	93848000	93848999	10
chr16	93849000	93849999	8
chr16	93850000	93850999	9
chr16	93851000	93851999	17
chr16	93852000	93852999	2
chr16	93853000	93853999	7
chr16	93854000	93854999	0
chr16	93855000	93855999	0
chr16	93856000	93856999	6
chr16	93857000	93857999	3
chr16	93858000	93858999	0
chr16	93859000	93859999	9
chr16	93860000	93860999	2
chr16	93861000	93861999	0
chr16	93862000	93862999	7
chr16	93863000	93863999	0
chr16	93864000	93864999	8
chr16	93865000	93865999	24
chr16	93866000	93866999	31
chr16	93867000	93867999	7
chr16	93868000	93868999	2
chr16	93869000	93869999	9
chr16	93870000	93870999	7
chr16	93871000	93871999	4
chr16	93872000	93872999	15
chr16	93873000	93873999	7
chr16	93874000	93874999	22
chr16	93875000	93875999	12
chr16	93876000	93876999	19
chr16	93877000	93877999	4
chr16	93878000	93878999	0
chr16	93879000	93879999	4
chr16	93880000	93880999	7
chr16	93881000	93881999	7
chr16	93882000	93882999	48
chr16	93883000	93883999	125
chr16	93884000	93884999	57
chr16	93885000	93885999	10
chr16	93886000	93886999	20
chr16	93887000	93887999	5
chr16	93888000	93888999	14
chr16	93889000	93889999	12
chr16	93890000	93890999	16
chr16	93891000	93891999	84
chr16	93892000	93892999	12
chr16	93893000	93893999	18
chr16	93894000	93894999	6
chr16	93895000	93895999	26
chr16	93896000	93896999	0
chr16	93897000	93897999	16
chr16	93898000	93898999	1
chr16	93899000	93899999	14
chr16	93900000	93900999	3
chr16	93901000	93901999	7
chr16	93902000	93902999	3
chr16	93903000	93903999	14
chr16	93904000	93904999	28
chr16	93905000	93905999	24
chr16	93906000	93906999	3
chr16	93907000	93907999	22
chr16	93908000	93908999	2
chr16	93909000	93909999	14
chr16	93910000	93910999	10
chr16	93911000	93911999	0
chr16	93912000	93912999	7
chr16	93913000	93913999	25
chr16	93914000	93914999	13
chr16	93915000	93915999	11
chr16	93916000	93916999	11
chr16	93917000	93917999	25
chr16	93918000	93918999	51
chr16	93919000	93919999	13
chr16	93920000	93920999	6
chr16	93921000	93921999	3
chr16	93922000	93922999	1
chr16	93923000	93923999	3
chr16	93924000	93924999	29
chr16	93925000	93925999	10
chr16	93926000	93926999	34
chr16	93927000	93927999	1
chr16	93928000	93928999	4
chr16	93929000	93929999	13
chr16	93930000	93930999	5
chr16	93931000	93931999	16
chr16	93932000	93932999	19
chr16	93933000	93933999	10
chr16	93934000	93934999	8
chr16	93935000	93935999	0
chr16	93936000	93936999	36
chr16	93937000	93937999	7
chr16	93938000	93938999	41
chr16	93939000	93939999	4
chr16	93940000	93940999	9
chr16	93941000	93941999	11
chr16	93942000	93942999	32
chr16	93943000	93943999	15
chr16	93944000	93944999	13
chr16	93945000	93945999	4
chr16	93946000	93946999	0
chr16	93947000	93947999	18
chr16	93948000	93948999	6
chr16	93949000	93949999	3
chr16	93950000	93950999	3
chr16	93951000	93951999	1
chr16	93952000	93952999	2
chr16	93953000	93953999	7
chr16	93954000	93954999	6
chr16	93955000	93955999	0
chr16	93956000	93956999	17
chr16	93957000	93957999	0
chr16	93958000	93958999	6
chr16	93959000	93959999	1
chr16	93960000	93960999	6
chr16	93961000	93961999	21
chr16	93962000	93962999	6
chr16	93963000	93963999	6
chr16	93964000	93964999	16
chr16	93965000	93965999	9
chr16	93966000	93966999	0
chr16	93967000	93967999	0
chr16	93968000	93968999	14
chr16	93969000	93969999	0
chr16	93970000	93970999	22
chr16	93971000	93971999	4
chr16	93972000	93972999	20
chr16	93973000	93973999	11
chr16	93974000	93974999	4
chr16	93975000	93975999	6
chr16	93976000	93976999	8
chr16	93977000	93977999	0
chr16	93978000	93978999	4
chr16	93979000	93979999	33
chr16	93980000	93980999	7
chr16	93981000	93981999	0
chr16	93982000	93982999	19
chr16	93983000	93983999	7
chr16	93984000	93984999	0
chr16	93985000	93985999	0
chr16	93986000	93986999	0
chr16	93987000	93987999	0
chr16	93988000	93988999	10
chr16	93989000	93989999	0
chr16	93990000	93990999	5
chr16	93991000	93991999	0
chr16	93992000	93992999	2
chr16	93993000	93993999	5
chr16	93994000	93994999	15
chr16	93995000	93995999	3
chr16	93996000	93996999	0
chr16	93997000	93997999	2
chr16	93998000	93998999	1
chr16	93999000	93999999	16
chr16	94000000	94000999	3
chr16	94001000	94001999	18
chr16	94002000	94002999	7
chr16	94003000	94003999	0
chr16	94004000	94004999	6
chr16	94005000	94005999	7
chr16	94006000	94006999	0
chr16	94007000	94007999	8
chr16	94008000	94008999	16
chr16	94009000	94009999	52
chr16	94010000	94010999	9
chr16	94011000	94011999	5
chr16	94012000	94012999	8
chr16	94013000	94013999	17
chr16	94014000	94014999	17
chr16	94015000	94015999	10
chr16	94016000	94016999	8
chr16	94017000	94017999	16
chr16	94018000	94018999	13
chr16	94019000	94019999	0
chr16	94020000	94020999	3
chr16	94021000	94021999	10
chr16	94022000	94022999	25
chr16	94023000	94023999	12
chr16	94024000	94024999	7
chr16	94025000	94025999	0
chr16	94026000	94026999	0
chr16	94027000	94027999	7
chr16	94028000	94028999	21
chr16	94029000	94029999	5
chr16	94030000	94030999	6
chr16	94031000	94031999	23
chr16	94032000	94032999	10
chr16	94033000	94033999	0
chr16	94034000	94034999	13
chr16	94035000	94035999	6
chr16	94036000	94036999	20
chr16	94037000	94037999	15
chr16	94038000	94038999	15
chr16	94039000	94039999	12
chr16	94040000	94040999	3
chr16	94041000	94041999	3
chr16	94042000	94042999	2
chr16	94043000	94043999	14
chr16	94044000	94044999	14
chr16	94045000	94045999	6
chr16	94046000	94046999	8
chr16	94047000	94047999	0
chr16	94048000	94048999	1
chr16	94049000	94049999	3
chr16	94050000	94050999	3
chr16	94051000	94051999	3
chr16	94052000	94052999	23
chr16	94053000	94053999	0
chr16	94054000	94054999	4
chr16	94055000	94055999	17
chr16	94056000	94056999	9
chr16	94057000	94057999	4
chr16	94058000	94058999	44
chr16	94059000	94059999	2
chr16	94060000	94060999	0
chr16	94061000	94061999	5
chr16	94062000	94062999	0
chr16	94063000	94063999	19
chr16	94064000	94064999	1
chr16	94065000	94065999	5
chr16	94066000	94066999	28
chr16	94067000	94067999	20
chr16	94068000	94068999	5
chr16	94069000	94069999	4
chr16	94070000	94070999	1
chr16	94071000	94071999	10
chr16	94072000	94072999	5
chr16	94073000	94073999	12
chr16	94074000	94074999	16
chr16	94075000	94075999	11
chr16	94076000	94076999	11
chr16	94077000	94077999	0
chr16	94078000	94078999	3
chr16	94079000	94079999	18
chr16	94080000	94080999	2
chr16	94081000	94081999	3
chr16	94082000	94082999	24
chr16	94083000	94083999	11
chr16	94084000	94084999	11
chr16	94085000	94085999	19
chr16	94086000	94086999	20
chr16	94087000	94087999	22
chr16	94088000	94088999	0
chr16	94089000	94089999	6
chr16	94090000	94090999	7
chr16	94091000	94091999	17
chr16	94092000	94092999	9
chr16	94093000	94093999	3
chr16	94094000	94094999	3
chr16	94095000	94095999	12
chr16	94096000	94096999	48
chr16	94097000	94097999	16
chr16	94098000	94098999	7
chr16	94099000	94099999	21
chr16	94100000	94100999	2
chr16	94101000	94101999	16
chr16	94102000	94102999	16
chr16	94103000	94103999	37
chr16	94104000	94104999	63
chr16	94105000	94105999	5
chr16	94106000	94106999	11
chr16	94107000	94107999	6
chr16	94108000	94108999	9
chr16	94109000	94109999	5
chr16	94110000	94110999	7
chr16	94111000	94111999	4
chr16	94112000	94112999	32
chr16	94113000	94113999	19
chr16	94114000	94114999	5
chr16	94115000	94115999	10
chr16	94116000	94116999	11
chr16	94117000	94117999	28
chr16	94118000	94118999	5
chr16	94119000	94119999	7
chr16	94120000	94120999	8
chr16	94121000	94121999	22
chr16	94122000	94122999	19
chr16	94123000	94123999	59
chr16	94124000	94124999	26
chr16	94125000	94125999	4
chr16	94126000	94126999	0
chr16	94127000	94127999	2
chr16	94128000	94128999	4
chr16	94129000	94129999	10
chr16	94130000	94130999	8
chr16	94131000	94131999	49
chr16	94132000	94132999	15
chr16	94133000	94133999	15
chr16	94134000	94134999	18
chr16	94135000	94135999	1
chr16	94136000	94136999	0
chr16	94137000	94137999	12
chr16	94138000	94138999	39
chr16	94139000	94139999	18
chr16	94140000	94140999	0
chr16	94141000	94141999	9
chr16	94142000	94142999	1
chr16	94143000	94143999	15
chr16	94144000	94144999	0
chr16	94145000	94145999	7
chr16	94146000	94146999	17
chr16	94147000	94147999	12
chr16	94148000	94148999	17
chr16	94149000	94149999	4
chr16	94150000	94150999	21
chr16	94151000	94151999	13
chr16	94152000	94152999	10
chr16	94153000	94153999	17
chr16	94154000	94154999	12
chr16	94155000	94155999	14
chr16	94156000	94156999	7
chr16	94157000	94157999	7
chr16	94158000	94158999	14
chr16	94159000	94159999	28
chr16	94160000	94160999	6
chr16	94161000	94161999	10
chr16	94162000	94162999	38
chr16	94163000	94163999	31
chr16	94164000	94164999	57
chr16	94165000	94165999	41
chr16	94166000	94166999	25
chr16	94167000	94167999	0
chr16	94168000	94168999	13
chr16	94169000	94169999	7
chr16	94170000	94170999	10
chr16	94171000	94171999	22
chr16	94172000	94172999	0
chr16	94173000	94173999	19
chr16	94174000	94174999	5
chr16	94175000	94175999	31
chr16	94176000	94176999	5
chr16	94177000	94177999	1
chr16	94178000	94178999	24
chr16	94179000	94179999	8
chr16	94180000	94180999	13
chr16	94181000	94181999	2
chr16	94182000	94182999	8
chr16	94183000	94183999	19
chr16	94184000	94184999	11
chr16	94185000	94185999	1
chr16	94186000	94186999	14
chr16	94187000	94187999	13
chr16	94188000	94188999	5
chr16	94189000	94189999	23
chr16	94190000	94190999	14
chr16	94191000	94191999	4
chr16	94192000	94192999	20
chr16	94193000	94193999	24
chr16	94194000	94194999	0
chr16	94195000	94195999	22
chr16	94196000	94196999	13
chr16	94197000	94197999	6
chr16	94198000	94198999	9
chr16	94199000	94199999	2
chr16	94200000	94200999	0
chr16	94201000	94201999	2
chr16	94202000	94202999	15
chr16	94203000	94203999	4
chr16	94204000	94204999	15
chr16	94205000	94205999	37
chr16	94206000	94206999	13
chr16	94207000	94207999	0
chr16	94208000	94208999	1
chr16	94209000	94209999	10
chr16	94210000	94210999	2
chr16	94211000	94211999	7
chr16	94212000	94212999	7
chr16	94213000	94213999	0
chr16	94214000	94214999	0
chr16	94215000	94215999	22
chr16	94216000	94216999	8
chr16	94217000	94217999	33
chr16	94218000	94218999	13
chr16	94219000	94219999	4
chr16	94220000	94220999	14
chr16	94221000	94221999	3
chr16	94222000	94222999	20
chr16	94223000	94223999	3
chr16	94224000	94224999	28
chr16	94225000	94225999	7
chr16	94226000	94226999	3
chr16	94227000	94227999	19
chr16	94228000	94228999	14
chr16	94229000	94229999	8
chr16	94230000	94230999	13
chr16	94231000	94231999	16
chr16	94232000	94232999	5
chr16	94233000	94233999	11
chr16	94234000	94234999	14
chr16	94235000	94235999	22
chr16	94236000	94236999	0
chr16	94237000	94237999	13
chr16	94238000	94238999	22
chr16	94239000	94239999	2
chr16	94240000	94240999	15
chr16	94241000	94241999	10
chr16	94242000	94242999	0
chr16	94243000	94243999	11
chr16	94244000	94244999	10
chr16	94245000	94245999	0
chr16	94246000	94246999	6
chr16	94247000	94247999	2
chr16	94248000	94248999	12
chr16	94249000	94249999	21
chr16	94250000	94250999	9
chr16	94251000	94251999	13
chr16	94252000	94252999	4
chr16	94253000	94253999	0
chr16	94254000	94254999	0
chr16	94255000	94255999	2
chr16	94256000	94256999	0
chr16	94257000	94257999	7
chr16	94258000	94258999	4
chr16	94259000	94259999	25
chr16	94260000	94260999	10
chr16	94261000	94261999	10
chr16	94262000	94262999	10
chr16	94263000	94263999	10
chr16	94264000	94264999	13
chr16	94265000	94265999	15
chr16	94266000	94266999	20
chr16	94267000	94267999	14
chr16	94268000	94268999	31
chr16	94269000	94269999	38
chr16	94270000	94270999	39
chr16	94271000	94271999	5
chr16	94272000	94272999	25
chr16	94273000	94273999	13
chr16	94274000	94274999	4
chr16	94275000	94275999	0
chr16	94276000	94276999	0
chr16	94277000	94277999	0
chr16	94278000	94278999	0
chr16	94279000	94279999	0
chr16	94280000	94280999	0
chr16	94281000	94281999	0
chr16	94282000	94282999	0
chr16	94283000	94283999	9
chr16	94284000	94284999	1
chr16	94285000	94285999	23
chr16	94286000	94286999	10
chr16	94287000	94287999	18
chr16	94288000	94288999	0
chr16	94289000	94289999	3
chr16	94290000	94290999	21
chr16	94291000	94291999	14
chr16	94292000	94292999	0
chr16	94293000	94293999	5
chr16	94294000	94294999	2
chr16	94295000	94295999	12
chr16	94296000	94296999	1
chr16	94297000	94297999	11
chr16	94298000	94298999	7
chr16	94299000	94299999	2
chr16	94300000	94300999	12
chr16	94301000	94301999	0
chr16	94302000	94302999	32
chr16	94303000	94303999	44
chr16	94304000	94304999	5
chr16	94305000	94305999	16
chr16	94306000	94306999	11
chr16	94307000	94307999	16
chr16	94308000	94308999	3
chr16	94309000	94309999	7
chr16	94310000	94310999	6
chr16	94311000	94311999	14
chr16	94312000	94312999	18
chr16	94313000	94313999	110
chr16	94314000	94314999	17
chr16	94315000	94315999	26
chr16	94316000	94316999	15
chr16	94317000	94317999	8
chr16	94318000	94318999	11
chr16	94319000	94319999	8
chr16	94320000	94320999	3
chr16	94321000	94321999	12
chr16	94322000	94322999	12
chr16	94323000	94323999	13
chr16	94324000	94324999	1
chr16	94325000	94325999	0
chr16	94326000	94326999	12
chr16	94327000	94327999	8
chr16	94328000	94328999	10
chr16	94329000	94329999	4
chr16	94330000	94330999	9
chr16	94331000	94331999	11
chr16	94332000	94332999	27
chr16	94333000	94333999	4
chr16	94334000	94334999	0
chr16	94335000	94335999	22
chr16	94336000	94336999	4
chr16	94337000	94337999	4
chr16	94338000	94338999	6
chr16	94339000	94339999	0
chr16	94340000	94340999	0
chr16	94341000	94341999	4
chr16	94342000	94342999	9
chr16	94343000	94343999	11
chr16	94344000	94344999	11
chr16	94345000	94345999	7
chr16	94346000	94346999	6
chr16	94347000	94347999	7
chr16	94348000	94348999	4
chr16	94349000	94349999	2
chr16	94350000	94350999	0
chr16	94351000	94351999	9
chr16	94352000	94352999	0
chr16	94353000	94353999	19
chr16	94354000	94354999	11
chr16	94355000	94355999	13
chr16	94356000	94356999	9
chr16	94357000	94357999	0
chr16	94358000	94358999	2
chr16	94359000	94359999	10
chr16	94360000	94360999	7
chr16	94361000	94361999	4
chr16	94362000	94362999	6
chr16	94363000	94363999	1
chr16	94364000	94364999	7
chr16	94365000	94365999	21
chr16	94366000	94366999	0
chr16	94367000	94367999	6
chr16	94368000	94368999	25
chr16	94369000	94369999	23
chr16	94370000	94370999	12
chr16	94371000	94371999	24
chr16	94372000	94372999	3
chr16	94373000	94373999	4
chr16	94374000	94374999	23
chr16	94375000	94375999	15
chr16	94376000	94376999	15
chr16	94377000	94377999	0
chr16	94378000	94378999	5
chr16	94379000	94379999	7
chr16	94380000	94380999	2
chr16	94381000	94381999	5
chr16	94382000	94382999	12
chr16	94383000	94383999	6
chr16	94384000	94384999	7
chr16	94385000	94385999	6
chr16	94386000	94386999	10
chr16	94387000	94387999	6
chr16	94388000	94388999	0
chr16	94389000	94389999	19
chr16	94390000	94390999	12
chr16	94391000	94391999	0
chr16	94392000	94392999	5
chr16	94393000	94393999	1
chr16	94394000	94394999	13
chr16	94395000	94395999	9
chr16	94396000	94396999	0
chr16	94397000	94397999	7
chr16	94398000	94398999	12
chr16	94399000	94399999	0
chr16	94400000	94400999	8
chr16	94401000	94401999	2
chr16	94402000	94402999	7
chr16	94403000	94403999	0
chr16	94404000	94404999	0
chr16	94405000	94405999	9
chr16	94406000	94406999	9
chr16	94407000	94407999	14
chr16	94408000	94408999	15
chr16	94409000	94409999	12
chr16	94410000	94410999	0
chr16	94411000	94411999	6
chr16	94412000	94412999	9
chr16	94413000	94413999	19
chr16	94414000	94414999	13
chr16	94415000	94415999	0
chr16	94416000	94416999	3
chr16	94417000	94417999	6
chr16	94418000	94418999	15
chr16	94419000	94419999	11
chr16	94420000	94420999	16
chr16	94421000	94421999	3
chr16	94422000	94422999	11
chr16	94423000	94423999	0
chr16	94424000	94424999	7
chr16	94425000	94425999	0
chr16	94426000	94426999	8
chr16	94427000	94427999	17
chr16	94428000	94428999	34
chr16	94429000	94429999	15
chr16	94430000	94430999	30
chr16	94431000	94431999	7
chr16	94432000	94432999	7
chr16	94433000	94433999	0
chr16	94434000	94434999	0
chr16	94435000	94435999	0
chr16	94436000	94436999	14
chr16	94437000	94437999	12
chr16	94438000	94438999	7
chr16	94439000	94439999	23
chr16	94440000	94440999	0
chr16	94441000	94441999	19
chr16	94442000	94442999	0
chr16	94443000	94443999	5
chr16	94444000	94444999	15
chr16	94445000	94445999	0
chr16	94446000	94446999	20
chr16	94447000	94447999	0
chr16	94448000	94448999	10
chr16	94449000	94449999	25
chr16	94450000	94450999	17
chr16	94451000	94451999	0
chr16	94452000	94452999	0
chr16	94453000	94453999	0
chr16	94454000	94454999	2
chr16	94455000	94455999	7
chr16	94456000	94456999	5
chr16	94457000	94457999	16
chr16	94458000	94458999	3
chr16	94459000	94459999	2
chr16	94460000	94460999	0
chr16	94461000	94461999	3
chr16	94462000	94462999	0
chr16	94463000	94463999	14
chr16	94464000	94464999	5
chr16	94465000	94465999	8
chr16	94466000	94466999	0
chr16	94467000	94467999	3
chr16	94468000	94468999	18
chr16	94469000	94469999	8
chr16	94470000	94470999	54
chr16	94471000	94471999	22
chr16	94472000	94472999	76
chr16	94473000	94473999	7
chr16	94474000	94474999	18
chr16	94475000	94475999	12
chr16	94476000	94476999	11
chr16	94477000	94477999	0
chr16	94478000	94478999	9
chr16	94479000	94479999	2
chr16	94480000	94480999	10
chr16	94481000	94481999	0
chr16	94482000	94482999	0
chr16	94483000	94483999	8
chr16	94484000	94484999	8
chr16	94485000	94485999	22
chr16	94486000	94486999	20
chr16	94487000	94487999	0
chr16	94488000	94488999	2
chr16	94489000	94489999	3
chr16	94490000	94490999	7
chr16	94491000	94491999	8
chr16	94492000	94492999	33
chr16	94493000	94493999	8
chr16	94494000	94494999	12
chr16	94495000	94495999	7
chr16	94496000	94496999	18
chr16	94497000	94497999	2
chr16	94498000	94498999	43
chr16	94499000	94499999	15
chr16	94500000	94500999	16
chr16	94501000	94501999	19
chr16	94502000	94502999	2
chr16	94503000	94503999	11
chr16	94504000	94504999	9
chr16	94505000	94505999	5
chr16	94506000	94506999	9
chr16	94507000	94507999	23
chr16	94508000	94508999	0
chr16	94509000	94509999	7
chr16	94510000	94510999	12
chr16	94511000	94511999	3
chr16	94512000	94512999	9
chr16	94513000	94513999	0
chr16	94514000	94514999	30
chr16	94515000	94515999	14
chr16	94516000	94516999	2
chr16	94517000	94517999	32
chr16	94518000	94518999	32
chr16	94519000	94519999	23
chr16	94520000	94520999	12
chr16	94521000	94521999	28
chr16	94522000	94522999	18
chr16	94523000	94523999	22
chr16	94524000	94524999	16
chr16	94525000	94525999	42
chr16	94526000	94526999	251
chr16	94527000	94527999	55
chr16	94528000	94528999	28
chr16	94529000	94529999	0
chr16	94530000	94530999	9
chr16	94531000	94531999	29
chr16	94532000	94532999	0
chr16	94533000	94533999	1
chr16	94534000	94534999	3
chr16	94535000	94535999	0
chr16	94536000	94536999	5
chr16	94537000	94537999	17
chr16	94538000	94538999	6
chr16	94539000	94539999	5
chr16	94540000	94540999	7
chr16	94541000	94541999	0
chr16	94542000	94542999	16
chr16	94543000	94543999	12
chr16	94544000	94544999	6
chr16	94545000	94545999	24
chr16	94546000	94546999	14
chr16	94547000	94547999	2
chr16	94548000	94548999	7
chr16	94549000	94549999	29
chr16	94550000	94550999	3
chr16	94551000	94551999	12
chr16	94552000	94552999	4
chr16	94553000	94553999	14
chr16	94554000	94554999	1
chr16	94555000	94555999	16
chr16	94556000	94556999	32
chr16	94557000	94557999	7
chr16	94558000	94558999	18
chr16	94559000	94559999	17
chr16	94560000	94560999	7
chr16	94561000	94561999	13
chr16	94562000	94562999	9
chr16	94563000	94563999	15
chr16	94564000	94564999	7
chr16	94565000	94565999	17
chr16	94566000	94566999	76
chr16	94567000	94567999	27
chr16	94568000	94568999	86
chr16	94569000	94569999	191
chr16	94570000	94570999	55
chr16	94571000	94571999	40
chr16	94572000	94572999	12
chr16	94573000	94573999	10
chr16	94574000	94574999	17
chr16	94575000	94575999	20
chr16	94576000	94576999	4
chr16	94577000	94577999	12
chr16	94578000	94578999	27
chr16	94579000	94579999	5
chr16	94580000	94580999	9
chr16	94581000	94581999	3
chr16	94582000	94582999	0
chr16	94583000	94583999	8
chr16	94584000	94584999	9
chr16	94585000	94585999	30
chr16	94586000	94586999	16
chr16	94587000	94587999	12
chr16	94588000	94588999	28
chr16	94589000	94589999	16
chr16	94590000	94590999	15
chr16	94591000	94591999	17
chr16	94592000	94592999	16
chr16	94593000	94593999	21
chr16	94594000	94594999	13
chr16	94595000	94595999	17
chr16	94596000	94596999	17
chr16	94597000	94597999	0
chr16	94598000	94598999	14
chr16	94599000	94599999	20
chr16	94600000	94600999	11
chr16	94601000	94601999	19
chr16	94602000	94602999	26
chr16	94603000	94603999	14
chr16	94604000	94604999	12
chr16	94605000	94605999	20
chr16	94606000	94606999	9
chr16	94607000	94607999	7
chr16	94608000	94608999	27
chr16	94609000	94609999	14
chr16	94610000	94610999	11
chr16	94611000	94611999	0
chr16	94612000	94612999	12
chr16	94613000	94613999	16
chr16	94614000	94614999	12
chr16	94615000	94615999	7
chr16	94616000	94616999	2
chr16	94617000	94617999	6
chr16	94618000	94618999	40
chr16	94619000	94619999	3
chr16	94620000	94620999	15
chr16	94621000	94621999	3
chr16	94622000	94622999	32
chr16	94623000	94623999	0
chr16	94624000	94624999	13
chr16	94625000	94625999	30
chr16	94626000	94626999	16
chr16	94627000	94627999	31
chr16	94628000	94628999	21
chr16	94629000	94629999	10
chr16	94630000	94630999	1
chr16	94631000	94631999	13
chr16	94632000	94632999	32
chr16	94633000	94633999	15
chr16	94634000	94634999	5
chr16	94635000	94635999	17
chr16	94636000	94636999	3
chr16	94637000	94637999	8
chr16	94638000	94638999	10
chr16	94639000	94639999	7
chr16	94640000	94640999	19
chr16	94641000	94641999	4
chr16	94642000	94642999	6
chr16	94643000	94643999	2
chr16	94644000	94644999	8
chr16	94645000	94645999	5
chr16	94646000	94646999	17
chr16	94647000	94647999	32
chr16	94648000	94648999	24
chr16	94649000	94649999	45
chr16	94650000	94650999	8
chr16	94651000	94651999	13
chr16	94652000	94652999	30
chr16	94653000	94653999	12
chr16	94654000	94654999	3
chr16	94655000	94655999	20
chr16	94656000	94656999	0
chr16	94657000	94657999	23
chr16	94658000	94658999	4
chr16	94659000	94659999	10
chr16	94660000	94660999	21
chr16	94661000	94661999	19
chr16	94662000	94662999	19
chr16	94663000	94663999	6
chr16	94664000	94664999	4
chr16	94665000	94665999	1
chr16	94666000	94666999	7
chr16	94667000	94667999	24
chr16	94668000	94668999	23
chr16	94669000	94669999	14
chr16	94670000	94670999	8
chr16	94671000	94671999	0
chr16	94672000	94672999	16
chr16	94673000	94673999	19
chr16	94674000	94674999	9
chr16	94675000	94675999	3
chr16	94676000	94676999	1
chr16	94677000	94677999	17
chr16	94678000	94678999	4
chr16	94679000	94679999	8
chr16	94680000	94680999	9
chr16	94681000	94681999	24
chr16	94682000	94682999	15
chr16	94683000	94683999	20
chr16	94684000	94684999	22
chr16	94685000	94685999	5
chr16	94686000	94686999	1
chr16	94687000	94687999	0
chr16	94688000	94688999	15
chr16	94689000	94689999	18
chr16	94690000	94690999	11
chr16	94691000	94691999	10
chr16	94692000	94692999	1
chr16	94693000	94693999	25
chr16	94694000	94694999	13
chr16	94695000	94695999	0
chr16	94696000	94696999	20
chr16	94697000	94697999	19
chr16	94698000	94698999	23
chr16	94699000	94699999	3
chr16	94700000	94700999	3
chr16	94701000	94701999	7
chr16	94702000	94702999	10
chr16	94703000	94703999	1
chr16	94704000	94704999	15
chr16	94705000	94705999	2
chr16	94706000	94706999	3
chr16	94707000	94707999	17
chr16	94708000	94708999	20
chr16	94709000	94709999	36
chr16	94710000	94710999	3
chr16	94711000	94711999	6
chr16	94712000	94712999	24
chr16	94713000	94713999	31
chr16	94714000	94714999	21
chr16	94715000	94715999	3
chr16	94716000	94716999	14
chr16	94717000	94717999	14
chr16	94718000	94718999	14
chr16	94719000	94719999	25
chr16	94720000	94720999	13
chr16	94721000	94721999	5
chr16	94722000	94722999	15
chr16	94723000	94723999	7
chr16	94724000	94724999	44
chr16	94725000	94725999	0
chr16	94726000	94726999	10
chr16	94727000	94727999	0
chr16	94728000	94728999	3
chr16	94729000	94729999	3
chr16	94730000	94730999	17
chr16	94731000	94731999	4
chr16	94732000	94732999	20
chr16	94733000	94733999	1
chr16	94734000	94734999	19
chr16	94735000	94735999	25
chr16	94736000	94736999	2
chr16	94737000	94737999	2
chr16	94738000	94738999	0
chr16	94739000	94739999	11
chr16	94740000	94740999	13
chr16	94741000	94741999	9
chr16	94742000	94742999	5
chr16	94743000	94743999	16
chr16	94744000	94744999	4
chr16	94745000	94745999	2
chr16	94746000	94746999	0
chr16	94747000	94747999	7
chr16	94748000	94748999	6
chr16	94749000	94749999	16
chr16	94750000	94750999	11
chr16	94751000	94751999	3
chr16	94752000	94752999	12
chr16	94753000	94753999	4
chr16	94754000	94754999	7
chr16	94755000	94755999	8
chr16	94756000	94756999	0
chr16	94757000	94757999	10
chr16	94758000	94758999	8
chr16	94759000	94759999	2
chr16	94760000	94760999	19
chr16	94761000	94761999	15
chr16	94762000	94762999	13
chr16	94763000	94763999	9
chr16	94764000	94764999	3
chr16	94765000	94765999	18
chr16	94766000	94766999	0
chr16	94767000	94767999	12
chr16	94768000	94768999	22
chr16	94769000	94769999	14
chr16	94770000	94770999	6
chr16	94771000	94771999	0
chr16	94772000	94772999	5
chr16	94773000	94773999	0
chr16	94774000	94774999	12
chr16	94775000	94775999	8
chr16	94776000	94776999	1
chr16	94777000	94777999	21
chr16	94778000	94778999	2
chr16	94779000	94779999	0
chr16	94780000	94780999	0
chr16	94781000	94781999	5
chr16	94782000	94782999	5
chr16	94783000	94783999	14
chr16	94784000	94784999	6
chr16	94785000	94785999	7
chr16	94786000	94786999	3
chr16	94787000	94787999	9
chr16	94788000	94788999	7
chr16	94789000	94789999	25
chr16	94790000	94790999	7
chr16	94791000	94791999	13
chr16	94792000	94792999	22
chr16	94793000	94793999	9
chr16	94794000	94794999	5
chr16	94795000	94795999	12
chr16	94796000	94796999	10
chr16	94797000	94797999	12
chr16	94798000	94798999	9
chr16	94799000	94799999	4
chr16	94800000	94800999	25
chr16	94801000	94801999	7
chr16	94802000	94802999	4
chr16	94803000	94803999	16
chr16	94804000	94804999	11
chr16	94805000	94805999	6
chr16	94806000	94806999	10
chr16	94807000	94807999	21
chr16	94808000	94808999	3
chr16	94809000	94809999	10
chr16	94810000	94810999	13
chr16	94811000	94811999	3
chr16	94812000	94812999	40
chr16	94813000	94813999	2
chr16	94814000	94814999	12
chr16	94815000	94815999	22
chr16	94816000	94816999	3
chr16	94817000	94817999	11
chr16	94818000	94818999	12
chr16	94819000	94819999	20
chr16	94820000	94820999	0
chr16	94821000	94821999	9
chr16	94822000	94822999	0
chr16	94823000	94823999	14
chr16	94824000	94824999	10
chr16	94825000	94825999	10
chr16	94826000	94826999	5
chr16	94827000	94827999	6
chr16	94828000	94828999	4
chr16	94829000	94829999	16
chr16	94830000	94830999	22
chr16	94831000	94831999	1
chr16	94832000	94832999	11
chr16	94833000	94833999	7
chr16	94834000	94834999	1
chr16	94835000	94835999	0
chr16	94836000	94836999	32
chr16	94837000	94837999	2
chr16	94838000	94838999	0
chr16	94839000	94839999	14
chr16	94840000	94840999	13
chr16	94841000	94841999	15
chr16	94842000	94842999	23
chr16	94843000	94843999	0
chr16	94844000	94844999	1
chr16	94845000	94845999	12
chr16	94846000	94846999	2
chr16	94847000	94847999	12
chr16	94848000	94848999	0
chr16	94849000	94849999	2
chr16	94850000	94850999	0
chr16	94851000	94851999	14
chr16	94852000	94852999	13
chr16	94853000	94853999	3
chr16	94854000	94854999	2
chr16	94855000	94855999	11
chr16	94856000	94856999	8
chr16	94857000	94857999	7
chr16	94858000	94858999	0
chr16	94859000	94859999	13
chr16	94860000	94860999	7
chr16	94861000	94861999	4
chr16	94862000	94862999	17
chr16	94863000	94863999	5
chr16	94864000	94864999	16
chr16	94865000	94865999	2
chr16	94866000	94866999	1
chr16	94867000	94867999	22
chr16	94868000	94868999	7
chr16	94869000	94869999	21
chr16	94870000	94870999	11
chr16	94871000	94871999	13
chr16	94872000	94872999	11
chr16	94873000	94873999	2
chr16	94874000	94874999	7
chr16	94875000	94875999	2
chr16	94876000	94876999	5
chr16	94877000	94877999	2
chr16	94878000	94878999	9
chr16	94879000	94879999	11
chr16	94880000	94880999	18
chr16	94881000	94881999	1
chr16	94882000	94882999	18
chr16	94883000	94883999	16
chr16	94884000	94884999	0
chr16	94885000	94885999	4
chr16	94886000	94886999	32
chr16	94887000	94887999	6
chr16	94888000	94888999	0
chr16	94889000	94889999	11
chr16	94890000	94890999	8
chr16	94891000	94891999	3
chr16	94892000	94892999	6
chr16	94893000	94893999	4
chr16	94894000	94894999	24
chr16	94895000	94895999	7
chr16	94896000	94896999	0
chr16	94897000	94897999	16
chr16	94898000	94898999	5
chr16	94899000	94899999	35
chr16	94900000	94900999	8
chr16	94901000	94901999	0
chr16	94902000	94902999	14
chr16	94903000	94903999	0
chr16	94904000	94904999	13
chr16	94905000	94905999	1
chr16	94906000	94906999	5
chr16	94907000	94907999	11
chr16	94908000	94908999	14
chr16	94909000	94909999	3
chr16	94910000	94910999	25
chr16	94911000	94911999	0
chr16	94912000	94912999	13
chr16	94913000	94913999	3
chr16	94914000	94914999	0
chr16	94915000	94915999	0
chr16	94916000	94916999	14
chr16	94917000	94917999	0
chr16	94918000	94918999	2
chr16	94919000	94919999	24
chr16	94920000	94920999	4
chr16	94921000	94921999	8
chr16	94922000	94922999	6
chr16	94923000	94923999	14
chr16	94924000	94924999	4
chr16	94925000	94925999	27
chr16	94926000	94926999	8
chr16	94927000	94927999	4
chr16	94928000	94928999	8
chr16	94929000	94929999	15
chr16	94930000	94930999	4
chr16	94931000	94931999	1
chr16	94932000	94932999	25
chr16	94933000	94933999	11
chr16	94934000	94934999	13
chr16	94935000	94935999	1
chr16	94936000	94936999	11
chr16	94937000	94937999	8
chr16	94938000	94938999	12
chr16	94939000	94939999	0
chr16	94940000	94940999	34
chr16	94941000	94941999	17
chr16	94942000	94942999	10
chr16	94943000	94943999	1
chr16	94944000	94944999	10
chr16	94945000	94945999	3
chr16	94946000	94946999	23
chr16	94947000	94947999	3
chr16	94948000	94948999	0
chr16	94949000	94949999	8
chr16	94950000	94950999	0
chr16	94951000	94951999	13
chr16	94952000	94952999	35
chr16	94953000	94953999	16
chr16	94954000	94954999	7
chr16	94955000	94955999	18
chr16	94956000	94956999	30
chr16	94957000	94957999	11
chr16	94958000	94958999	14
chr16	94959000	94959999	7
chr16	94960000	94960999	3
chr16	94961000	94961999	5
chr16	94962000	94962999	19
chr16	94963000	94963999	0
chr16	94964000	94964999	6
chr16	94965000	94965999	45
chr16	94966000	94966999	1
chr16	94967000	94967999	10
chr16	94968000	94968999	15
chr16	94969000	94969999	9
chr16	94970000	94970999	12
chr16	94971000	94971999	7
chr16	94972000	94972999	10
chr16	94973000	94973999	1
chr16	94974000	94974999	11
chr16	94975000	94975999	4
chr16	94976000	94976999	3
chr16	94977000	94977999	6
chr16	94978000	94978999	13
chr16	94979000	94979999	14
chr16	94980000	94980999	10
chr16	94981000	94981999	7
chr16	94982000	94982999	0
chr16	94983000	94983999	20
chr16	94984000	94984999	4
chr16	94985000	94985999	17
chr16	94986000	94986999	7
chr16	94987000	94987999	3
chr16	94988000	94988999	18
chr16	94989000	94989999	13
chr16	94990000	94990999	7
chr16	94991000	94991999	9
chr16	94992000	94992999	2
chr16	94993000	94993999	2
chr16	94994000	94994999	3
chr16	94995000	94995999	13
chr16	94996000	94996999	23
chr16	94997000	94997999	1
chr16	94998000	94998999	12
chr16	94999000	94999999	34
chr16	95000000	95000999	7
chr16	95001000	95001999	18
chr16	95002000	95002999	13
chr16	95003000	95003999	9
chr16	95004000	95004999	7
chr16	95005000	95005999	14
chr16	95006000	95006999	11
chr16	95007000	95007999	0
chr16	95008000	95008999	1
chr16	95009000	95009999	11
chr16	95010000	95010999	2
chr16	95011000	95011999	0
chr16	95012000	95012999	0
chr16	95013000	95013999	0
chr16	95014000	95014999	0
chr16	95015000	95015999	0
chr16	95016000	95016999	0
chr16	95017000	95017999	3
chr16	95018000	95018999	5
chr16	95019000	95019999	18
chr16	95020000	95020999	3
chr16	95021000	95021999	7
chr16	95022000	95022999	0
chr16	95023000	95023999	3
chr16	95024000	95024999	9
chr16	95025000	95025999	3
chr16	95026000	95026999	25
chr16	95027000	95027999	12
chr16	95028000	95028999	7
chr16	95029000	95029999	0
chr16	95030000	95030999	12
chr16	95031000	95031999	18
chr16	95032000	95032999	17
chr16	95033000	95033999	9
chr16	95034000	95034999	13
chr16	95035000	95035999	3
chr16	95036000	95036999	0
chr16	95037000	95037999	0
chr16	95038000	95038999	12
chr16	95039000	95039999	8
chr16	95040000	95040999	7
chr16	95041000	95041999	16
chr16	95042000	95042999	18
chr16	95043000	95043999	10
chr16	95044000	95044999	8
chr16	95045000	95045999	15
chr16	95046000	95046999	2
chr16	95047000	95047999	5
chr16	95048000	95048999	16
chr16	95049000	95049999	17
chr16	95050000	95050999	9
chr16	95051000	95051999	15
chr16	95052000	95052999	4
chr16	95053000	95053999	0
chr16	95054000	95054999	25
chr16	95055000	95055999	3
chr16	95056000	95056999	0
chr16	95057000	95057999	13
chr16	95058000	95058999	5
chr16	95059000	95059999	13
chr16	95060000	95060999	21
chr16	95061000	95061999	0
chr16	95062000	95062999	19
chr16	95063000	95063999	14
chr16	95064000	95064999	4
chr16	95065000	95065999	2
chr16	95066000	95066999	21
chr16	95067000	95067999	0
chr16	95068000	95068999	7
chr16	95069000	95069999	3
chr16	95070000	95070999	1
chr16	95071000	95071999	2
chr16	95072000	95072999	0
chr16	95073000	95073999	15
chr16	95074000	95074999	14
chr16	95075000	95075999	7
chr16	95076000	95076999	0
chr16	95077000	95077999	4
chr16	95078000	95078999	5
chr16	95079000	95079999	0
chr16	95080000	95080999	18
chr16	95081000	95081999	8
chr16	95082000	95082999	12
chr16	95083000	95083999	1
chr16	95084000	95084999	0
chr16	95085000	95085999	0
chr16	95086000	95086999	0
chr16	95087000	95087999	0
chr16	95088000	95088999	9
chr16	95089000	95089999	14
chr16	95090000	95090999	0
chr16	95091000	95091999	2
chr16	95092000	95092999	0
chr16	95093000	95093999	9
chr16	95094000	95094999	2
chr16	95095000	95095999	3
chr16	95096000	95096999	6
chr16	95097000	95097999	0
chr16	95098000	95098999	19
chr16	95099000	95099999	13
chr16	95100000	95100999	0
chr16	95101000	95101999	2
chr16	95102000	95102999	18
chr16	95103000	95103999	3
chr16	95104000	95104999	10
chr16	95105000	95105999	16
chr16	95106000	95106999	12
chr16	95107000	95107999	1
chr16	95108000	95108999	5
chr16	95109000	95109999	21
chr16	95110000	95110999	0
chr16	95111000	95111999	0
chr16	95112000	95112999	11
chr16	95113000	95113999	7
chr16	95114000	95114999	11
chr16	95115000	95115999	0
chr16	95116000	95116999	20
chr16	95117000	95117999	9
chr16	95118000	95118999	1
chr16	95119000	95119999	12
chr16	95120000	95120999	9
chr16	95121000	95121999	2
chr16	95122000	95122999	7
chr16	95123000	95123999	5
chr16	95124000	95124999	18
chr16	95125000	95125999	9
chr16	95126000	95126999	7
chr16	95127000	95127999	14
chr16	95128000	95128999	11
chr16	95129000	95129999	5
chr16	95130000	95130999	10
chr16	95131000	95131999	17
chr16	95132000	95132999	4
chr16	95133000	95133999	10
chr16	95134000	95134999	9
chr16	95135000	95135999	5
chr16	95136000	95136999	7
chr16	95137000	95137999	0
chr16	95138000	95138999	16
chr16	95139000	95139999	9
chr16	95140000	95140999	4
chr16	95141000	95141999	36
chr16	95142000	95142999	7
chr16	95143000	95143999	3
chr16	95144000	95144999	0
chr16	95145000	95145999	5
chr16	95146000	95146999	6
chr16	95147000	95147999	9
chr16	95148000	95148999	0
chr16	95149000	95149999	3
chr16	95150000	95150999	17
chr16	95151000	95151999	17
chr16	95152000	95152999	3
chr16	95153000	95153999	10
chr16	95154000	95154999	2
chr16	95155000	95155999	1
chr16	95156000	95156999	9
chr16	95157000	95157999	5
chr16	95158000	95158999	0
chr16	95159000	95159999	8
chr16	95160000	95160999	3
chr16	95161000	95161999	11
chr16	95162000	95162999	2
chr16	95163000	95163999	11
chr16	95164000	95164999	10
chr16	95165000	95165999	3
chr16	95166000	95166999	18
chr16	95167000	95167999	3
chr16	95168000	95168999	0
chr16	95169000	95169999	10
chr16	95170000	95170999	0
chr16	95171000	95171999	4
chr16	95172000	95172999	4
chr16	95173000	95173999	0
chr16	95174000	95174999	2
chr16	95175000	95175999	9
chr16	95176000	95176999	15
chr16	95177000	95177999	0
chr16	95178000	95178999	11
chr16	95179000	95179999	8
chr16	95180000	95180999	16
chr16	95181000	95181999	0
chr16	95182000	95182999	18
chr16	95183000	95183999	0
chr16	95184000	95184999	10
chr16	95185000	95185999	0
chr16	95186000	95186999	11
chr16	95187000	95187999	0
chr16	95188000	95188999	2
chr16	95189000	95189999	5
chr16	95190000	95190999	3
chr16	95191000	95191999	25
chr16	95192000	95192999	1
chr16	95193000	95193999	11
chr16	95194000	95194999	7
chr16	95195000	95195999	9
chr16	95196000	95196999	11
chr16	95197000	95197999	36
chr16	95198000	95198999	24
chr16	95199000	95199999	4
chr16	95200000	95200999	12
chr16	95201000	95201999	2
chr16	95202000	95202999	34
chr16	95203000	95203999	14
chr16	95204000	95204999	15
chr16	95205000	95205999	21
chr16	95206000	95206999	17
chr16	95207000	95207999	36
chr16	95208000	95208999	10
chr16	95209000	95209999	47
chr16	95210000	95210999	15
chr16	95211000	95211999	1
chr16	95212000	95212999	0
chr16	95213000	95213999	17
chr16	95214000	95214999	0
chr16	95215000	95215999	10
chr16	95216000	95216999	6
chr16	95217000	95217999	22
chr16	95218000	95218999	0
chr16	95219000	95219999	1
chr16	95220000	95220999	26
chr16	95221000	95221999	59
chr16	95222000	95222999	16
chr16	95223000	95223999	5
chr16	95224000	95224999	4
chr16	95225000	95225999	17
chr16	95226000	95226999	5
chr16	95227000	95227999	13
chr16	95228000	95228999	9
chr16	95229000	95229999	0
chr16	95230000	95230999	12
chr16	95231000	95231999	32
chr16	95232000	95232999	17
chr16	95233000	95233999	2
chr16	95234000	95234999	11
chr16	95235000	95235999	15
chr16	95236000	95236999	8
chr16	95237000	95237999	25
chr16	95238000	95238999	1
chr16	95239000	95239999	22
chr16	95240000	95240999	57
chr16	95241000	95241999	40
chr16	95242000	95242999	27
chr16	95243000	95243999	25
chr16	95244000	95244999	42
chr16	95245000	95245999	12
chr16	95246000	95246999	13
chr16	95247000	95247999	30
chr16	95248000	95248999	139
chr16	95249000	95249999	13
chr16	95250000	95250999	13
chr16	95251000	95251999	7
chr16	95252000	95252999	4
chr16	95253000	95253999	3
chr16	95254000	95254999	8
chr16	95255000	95255999	0
chr16	95256000	95256999	4
chr16	95257000	95257999	10
chr16	95258000	95258999	16
chr16	95259000	95259999	25
chr16	95260000	95260999	75
chr16	95261000	95261999	12
chr16	95262000	95262999	10
chr16	95263000	95263999	9
chr16	95264000	95264999	13
chr16	95265000	95265999	32
chr16	95266000	95266999	18
chr16	95267000	95267999	30
chr16	95268000	95268999	44
chr16	95269000	95269999	1
chr16	95270000	95270999	6
chr16	95271000	95271999	7
chr16	95272000	95272999	45
chr16	95273000	95273999	7
chr16	95274000	95274999	21
chr16	95275000	95275999	57
chr16	95276000	95276999	44
chr16	95277000	95277999	21
chr16	95278000	95278999	6
chr16	95279000	95279999	10
chr16	95280000	95280999	41
chr16	95281000	95281999	30
chr16	95282000	95282999	38
chr16	95283000	95283999	72
chr16	95284000	95284999	5
chr16	95285000	95285999	11
chr16	95286000	95286999	24
chr16	95287000	95287999	7
chr16	95288000	95288999	13
chr16	95289000	95289999	41
chr16	95290000	95290999	10
chr16	95291000	95291999	37
chr16	95292000	95292999	14
chr16	95293000	95293999	8
chr16	95294000	95294999	5
chr16	95295000	95295999	33
chr16	95296000	95296999	1
chr16	95297000	95297999	8
chr16	95298000	95298999	12
chr16	95299000	95299999	2
chr16	95300000	95300999	3
chr16	95301000	95301999	7
chr16	95302000	95302999	20
chr16	95303000	95303999	23
chr16	95304000	95304999	8
chr16	95305000	95305999	6
chr16	95306000	95306999	9
chr16	95307000	95307999	9
chr16	95308000	95308999	10
chr16	95309000	95309999	32
chr16	95310000	95310999	17
chr16	95311000	95311999	6
chr16	95312000	95312999	17
chr16	95313000	95313999	0
chr16	95314000	95314999	8
chr16	95315000	95315999	15
chr16	95316000	95316999	4
chr16	95317000	95317999	3
chr16	95318000	95318999	9
chr16	95319000	95319999	8
chr16	95320000	95320999	0
chr16	95321000	95321999	9
chr16	95322000	95322999	7
chr16	95323000	95323999	4
chr16	95324000	95324999	0
chr16	95325000	95325999	7
chr16	95326000	95326999	0
chr16	95327000	95327999	1
chr16	95328000	95328999	9
chr16	95329000	95329999	28
chr16	95330000	95330999	9
chr16	95331000	95331999	0
chr16	95332000	95332999	3
chr16	95333000	95333999	14
chr16	95334000	95334999	29
chr16	95335000	95335999	15
chr16	95336000	95336999	7
chr16	95337000	95337999	10
chr16	95338000	95338999	0
chr16	95339000	95339999	5
chr16	95340000	95340999	8
chr16	95341000	95341999	61
chr16	95342000	95342999	2
chr16	95343000	95343999	13
chr16	95344000	95344999	4
chr16	95345000	95345999	9
chr16	95346000	95346999	3
chr16	95347000	95347999	10
chr16	95348000	95348999	13
chr16	95349000	95349999	14
chr16	95350000	95350999	25
chr16	95351000	95351999	5
chr16	95352000	95352999	26
chr16	95353000	95353999	0
chr16	95354000	95354999	20
chr16	95355000	95355999	0
chr16	95356000	95356999	20
chr16	95357000	95357999	10
chr16	95358000	95358999	10
chr16	95359000	95359999	2
chr16	95360000	95360999	14
chr16	95361000	95361999	19
chr16	95362000	95362999	17
chr16	95363000	95363999	5
chr16	95364000	95364999	0
chr16	95365000	95365999	20
chr16	95366000	95366999	4
chr16	95367000	95367999	9
chr16	95368000	95368999	16
chr16	95369000	95369999	14
chr16	95370000	95370999	8
chr16	95371000	95371999	10
chr16	95372000	95372999	34
chr16	95373000	95373999	20
chr16	95374000	95374999	2
chr16	95375000	95375999	10
chr16	95376000	95376999	25
chr16	95377000	95377999	4
chr16	95378000	95378999	15
chr16	95379000	95379999	1
chr16	95380000	95380999	6
chr16	95381000	95381999	0
chr16	95382000	95382999	3
chr16	95383000	95383999	13
chr16	95384000	95384999	9
chr16	95385000	95385999	19
chr16	95386000	95386999	0
chr16	95387000	95387999	34
chr16	95388000	95388999	5
chr16	95389000	95389999	3
chr16	95390000	95390999	4
chr16	95391000	95391999	6
chr16	95392000	95392999	21
chr16	95393000	95393999	5
chr16	95394000	95394999	5
chr16	95395000	95395999	5
chr16	95396000	95396999	10
chr16	95397000	95397999	6
chr16	95398000	95398999	9
chr16	95399000	95399999	9
chr16	95400000	95400999	0
chr16	95401000	95401999	36
chr16	95402000	95402999	10
chr16	95403000	95403999	29
chr16	95404000	95404999	0
chr16	95405000	95405999	5
chr16	95406000	95406999	0
chr16	95407000	95407999	21
chr16	95408000	95408999	0
chr16	95409000	95409999	11
chr16	95410000	95410999	26
chr16	95411000	95411999	8
chr16	95412000	95412999	19
chr16	95413000	95413999	21
chr16	95414000	95414999	12
chr16	95415000	95415999	16
chr16	95416000	95416999	16
chr16	95417000	95417999	2
chr16	95418000	95418999	5
chr16	95419000	95419999	5
chr16	95420000	95420999	6
chr16	95421000	95421999	2
chr16	95422000	95422999	18
chr16	95423000	95423999	6
chr16	95424000	95424999	9
chr16	95425000	95425999	11
chr16	95426000	95426999	10
chr16	95427000	95427999	5
chr16	95428000	95428999	0
chr16	95429000	95429999	21
chr16	95430000	95430999	11
chr16	95431000	95431999	5
chr16	95432000	95432999	8
chr16	95433000	95433999	37
chr16	95434000	95434999	14
chr16	95435000	95435999	9
chr16	95436000	95436999	4
chr16	95437000	95437999	9
chr16	95438000	95438999	10
chr16	95439000	95439999	22
chr16	95440000	95440999	1
chr16	95441000	95441999	2
chr16	95442000	95442999	7
chr16	95443000	95443999	0
chr16	95444000	95444999	10
chr16	95445000	95445999	15
chr16	95446000	95446999	8
chr16	95447000	95447999	3
chr16	95448000	95448999	10
chr16	95449000	95449999	15
chr16	95450000	95450999	21
chr16	95451000	95451999	13
chr16	95452000	95452999	27
chr16	95453000	95453999	12
chr16	95454000	95454999	5
chr16	95455000	95455999	2
chr16	95456000	95456999	8
chr16	95457000	95457999	1
chr16	95458000	95458999	10
chr16	95459000	95459999	41
chr16	95460000	95460999	8
chr16	95461000	95461999	0
chr16	95462000	95462999	8
chr16	95463000	95463999	8
chr16	95464000	95464999	17
chr16	95465000	95465999	0
chr16	95466000	95466999	16
chr16	95467000	95467999	13
chr16	95468000	95468999	0
chr16	95469000	95469999	14
chr16	95470000	95470999	4
chr16	95471000	95471999	13
chr16	95472000	95472999	0
chr16	95473000	95473999	6
chr16	95474000	95474999	0
chr16	95475000	95475999	36
chr16	95476000	95476999	15
chr16	95477000	95477999	1
chr16	95478000	95478999	9
chr16	95479000	95479999	19
chr16	95480000	95480999	8
chr16	95481000	95481999	12
chr16	95482000	95482999	3
chr16	95483000	95483999	0
chr16	95484000	95484999	3
chr16	95485000	95485999	16
chr16	95486000	95486999	3
chr16	95487000	95487999	1
chr16	95488000	95488999	0
chr16	95489000	95489999	20
chr16	95490000	95490999	5
chr16	95491000	95491999	12
chr16	95492000	95492999	4
chr16	95493000	95493999	2
chr16	95494000	95494999	9
chr16	95495000	95495999	0
chr16	95496000	95496999	5
chr16	95497000	95497999	31
chr16	95498000	95498999	3
chr16	95499000	95499999	11
chr16	95500000	95500999	12
chr16	95501000	95501999	0
chr16	95502000	95502999	2
chr16	95503000	95503999	6
chr16	95504000	95504999	15
chr16	95505000	95505999	8
chr16	95506000	95506999	7
chr16	95507000	95507999	12
chr16	95508000	95508999	5
chr16	95509000	95509999	0
chr16	95510000	95510999	0
chr16	95511000	95511999	0
chr16	95512000	95512999	0
chr16	95513000	95513999	0
chr16	95514000	95514999	0
chr16	95515000	95515999	0
chr16	95516000	95516999	0
chr16	95517000	95517999	5
chr16	95518000	95518999	26
chr16	95519000	95519999	3
chr16	95520000	95520999	4
chr16	95521000	95521999	3
chr16	95522000	95522999	11
chr16	95523000	95523999	6
chr16	95524000	95524999	0
chr16	95525000	95525999	5
chr16	95526000	95526999	2
chr16	95527000	95527999	11
chr16	95528000	95528999	14
chr16	95529000	95529999	14
chr16	95530000	95530999	6
chr16	95531000	95531999	7
chr16	95532000	95532999	3
chr16	95533000	95533999	6
chr16	95534000	95534999	7
chr16	95535000	95535999	4
chr16	95536000	95536999	0
chr16	95537000	95537999	12
chr16	95538000	95538999	17
chr16	95539000	95539999	0
chr16	95540000	95540999	6
chr16	95541000	95541999	0
chr16	95542000	95542999	10
chr16	95543000	95543999	8
chr16	95544000	95544999	0
chr16	95545000	95545999	0
chr16	95546000	95546999	15
chr16	95547000	95547999	0
chr16	95548000	95548999	13
chr16	95549000	95549999	6
chr16	95550000	95550999	16
chr16	95551000	95551999	5
chr16	95552000	95552999	20
chr16	95553000	95553999	1
chr16	95554000	95554999	13
chr16	95555000	95555999	15
chr16	95556000	95556999	15
chr16	95557000	95557999	8
chr16	95558000	95558999	16
chr16	95559000	95559999	6
chr16	95560000	95560999	2
chr16	95561000	95561999	22
chr16	95562000	95562999	0
chr16	95563000	95563999	7
chr16	95564000	95564999	16
chr16	95565000	95565999	6
chr16	95566000	95566999	2
chr16	95567000	95567999	1
chr16	95568000	95568999	0
chr16	95569000	95569999	0
chr16	95570000	95570999	4
chr16	95571000	95571999	13
chr16	95572000	95572999	28
chr16	95573000	95573999	6
chr16	95574000	95574999	3
chr16	95575000	95575999	5
chr16	95576000	95576999	1
chr16	95577000	95577999	17
chr16	95578000	95578999	25
chr16	95579000	95579999	32
chr16	95580000	95580999	0
chr16	95581000	95581999	12
chr16	95582000	95582999	2
chr16	95583000	95583999	0
chr16	95584000	95584999	32
chr16	95585000	95585999	3
chr16	95586000	95586999	4
chr16	95587000	95587999	23
chr16	95588000	95588999	5
chr16	95589000	95589999	33
chr16	95590000	95590999	4
chr16	95591000	95591999	20
chr16	95592000	95592999	10
chr16	95593000	95593999	0
chr16	95594000	95594999	5
chr16	95595000	95595999	10
chr16	95596000	95596999	1
chr16	95597000	95597999	0
chr16	95598000	95598999	0
chr16	95599000	95599999	6
chr16	95600000	95600999	0
chr16	95601000	95601999	6
chr16	95602000	95602999	14
chr16	95603000	95603999	19
chr16	95604000	95604999	1
chr16	95605000	95605999	17
chr16	95606000	95606999	20
chr16	95607000	95607999	10
chr16	95608000	95608999	17
chr16	95609000	95609999	15
chr16	95610000	95610999	7
chr16	95611000	95611999	9
chr16	95612000	95612999	17
chr16	95613000	95613999	21
chr16	95614000	95614999	27
chr16	95615000	95615999	3
chr16	95616000	95616999	0
chr16	95617000	95617999	9
chr16	95618000	95618999	11
chr16	95619000	95619999	3
chr16	95620000	95620999	23
chr16	95621000	95621999	4
chr16	95622000	95622999	9
chr16	95623000	95623999	5
chr16	95624000	95624999	22
chr16	95625000	95625999	0
chr16	95626000	95626999	16
chr16	95627000	95627999	0
chr16	95628000	95628999	5
chr16	95629000	95629999	0
chr16	95630000	95630999	8
chr16	95631000	95631999	0
chr16	95632000	95632999	6
chr16	95633000	95633999	0
chr16	95634000	95634999	9
chr16	95635000	95635999	10
chr16	95636000	95636999	14
chr16	95637000	95637999	0
chr16	95638000	95638999	0
chr16	95639000	95639999	6
chr16	95640000	95640999	3
chr16	95641000	95641999	14
chr16	95642000	95642999	11
chr16	95643000	95643999	16
chr16	95644000	95644999	3
chr16	95645000	95645999	7
chr16	95646000	95646999	20
chr16	95647000	95647999	13
chr16	95648000	95648999	27
chr16	95649000	95649999	2
chr16	95650000	95650999	0
chr16	95651000	95651999	6
chr16	95652000	95652999	27
chr16	95653000	95653999	19
chr16	95654000	95654999	9
chr16	95655000	95655999	2
chr16	95656000	95656999	11
chr16	95657000	95657999	3
chr16	95658000	95658999	39
chr16	95659000	95659999	42
chr16	95660000	95660999	6
chr16	95661000	95661999	17
chr16	95662000	95662999	13
chr16	95663000	95663999	23
chr16	95664000	95664999	10
chr16	95665000	95665999	8
chr16	95666000	95666999	15
chr16	95667000	95667999	12
chr16	95668000	95668999	36
chr16	95669000	95669999	3
chr16	95670000	95670999	7
chr16	95671000	95671999	2
chr16	95672000	95672999	5
chr16	95673000	95673999	13
chr16	95674000	95674999	10
chr16	95675000	95675999	45
chr16	95676000	95676999	14
chr16	95677000	95677999	0
chr16	95678000	95678999	9
chr16	95679000	95679999	0
chr16	95680000	95680999	11
chr16	95681000	95681999	0
chr16	95682000	95682999	9
chr16	95683000	95683999	11
chr16	95684000	95684999	14
chr16	95685000	95685999	14
chr16	95686000	95686999	7
chr16	95687000	95687999	1
chr16	95688000	95688999	10
chr16	95689000	95689999	0
chr16	95690000	95690999	16
chr16	95691000	95691999	29
chr16	95692000	95692999	20
chr16	95693000	95693999	12
chr16	95694000	95694999	21
chr16	95695000	95695999	13
chr16	95696000	95696999	4
chr16	95697000	95697999	6
chr16	95698000	95698999	8
chr16	95699000	95699999	5
chr16	95700000	95700999	14
chr16	95701000	95701999	51
chr16	95702000	95702999	123
chr16	95703000	95703999	33
chr16	95704000	95704999	19
chr16	95705000	95705999	23
chr16	95706000	95706999	5
chr16	95707000	95707999	17
chr16	95708000	95708999	38
chr16	95709000	95709999	13
chr16	95710000	95710999	0
chr16	95711000	95711999	1
chr16	95712000	95712999	36
chr16	95713000	95713999	10
chr16	95714000	95714999	9
chr16	95715000	95715999	11
chr16	95716000	95716999	32
chr16	95717000	95717999	13
chr16	95718000	95718999	17
chr16	95719000	95719999	10
chr16	95720000	95720999	11
chr16	95721000	95721999	6
chr16	95722000	95722999	5
chr16	95723000	95723999	18
chr16	95724000	95724999	10
chr16	95725000	95725999	6
chr16	95726000	95726999	6
chr16	95727000	95727999	6
chr16	95728000	95728999	6
chr16	95729000	95729999	49
chr16	95730000	95730999	0
chr16	95731000	95731999	4
chr16	95732000	95732999	9
chr16	95733000	95733999	4
chr16	95734000	95734999	0
chr16	95735000	95735999	0
chr16	95736000	95736999	16
chr16	95737000	95737999	8
chr16	95738000	95738999	15
chr16	95739000	95739999	8
chr16	95740000	95740999	18
chr16	95741000	95741999	28
chr16	95742000	95742999	4
chr16	95743000	95743999	10
chr16	95744000	95744999	13
chr16	95745000	95745999	7
chr16	95746000	95746999	16
chr16	95747000	95747999	3
chr16	95748000	95748999	29
chr16	95749000	95749999	11
chr16	95750000	95750999	16
chr16	95751000	95751999	0
chr16	95752000	95752999	14
chr16	95753000	95753999	10
chr16	95754000	95754999	5
chr16	95755000	95755999	10
chr16	95756000	95756999	15
chr16	95757000	95757999	6
chr16	95758000	95758999	1
chr16	95759000	95759999	0
chr16	95760000	95760999	39
chr16	95761000	95761999	0
chr16	95762000	95762999	2
chr16	95763000	95763999	15
chr16	95764000	95764999	6
chr16	95765000	95765999	14
chr16	95766000	95766999	16
chr16	95767000	95767999	29
chr16	95768000	95768999	9
chr16	95769000	95769999	15
chr16	95770000	95770999	4
chr16	95771000	95771999	28
chr16	95772000	95772999	0
chr16	95773000	95773999	13
chr16	95774000	95774999	7
chr16	95775000	95775999	3
chr16	95776000	95776999	0
chr16	95777000	95777999	12
chr16	95778000	95778999	26
chr16	95779000	95779999	9
chr16	95780000	95780999	12
chr16	95781000	95781999	16
chr16	95782000	95782999	0
chr16	95783000	95783999	0
chr16	95784000	95784999	0
chr16	95785000	95785999	0
chr16	95786000	95786999	0
chr16	95787000	95787999	0
chr16	95788000	95788999	0
chr16	95789000	95789999	15
chr16	95790000	95790999	0
chr16	95791000	95791999	2
chr16	95792000	95792999	0
chr16	95793000	95793999	8
chr16	95794000	95794999	28
chr16	95795000	95795999	6
chr16	95796000	95796999	9
chr16	95797000	95797999	19
chr16	95798000	95798999	16
chr16	95799000	95799999	1
chr16	95800000	95800999	0
chr16	95801000	95801999	11
chr16	95802000	95802999	19
chr16	95803000	95803999	0
chr16	95804000	95804999	0
chr16	95805000	95805999	4
chr16	95806000	95806999	20
chr16	95807000	95807999	5
chr16	95808000	95808999	18
chr16	95809000	95809999	18
chr16	95810000	95810999	12
chr16	95811000	95811999	20
chr16	95812000	95812999	0
chr16	95813000	95813999	0
chr16	95814000	95814999	17
chr16	95815000	95815999	6
chr16	95816000	95816999	0
chr16	95817000	95817999	9
chr16	95818000	95818999	23
chr16	95819000	95819999	11
chr16	95820000	95820999	20
chr16	95821000	95821999	20
chr16	95822000	95822999	29
chr16	95823000	95823999	1
chr16	95824000	95824999	21
chr16	95825000	95825999	17
chr16	95826000	95826999	9
chr16	95827000	95827999	19
chr16	95828000	95828999	0
chr16	95829000	95829999	2
chr16	95830000	95830999	26
chr16	95831000	95831999	41
chr16	95832000	95832999	3
chr16	95833000	95833999	5
chr16	95834000	95834999	2
chr16	95835000	95835999	8
chr16	95836000	95836999	3
chr16	95837000	95837999	16
chr16	95838000	95838999	14
chr16	95839000	95839999	1
chr16	95840000	95840999	6
chr16	95841000	95841999	6
chr16	95842000	95842999	17
chr16	95843000	95843999	47
chr16	95844000	95844999	38
chr16	95845000	95845999	25
chr16	95846000	95846999	17
chr16	95847000	95847999	24
chr16	95848000	95848999	3
chr16	95849000	95849999	15
chr16	95850000	95850999	0
chr16	95851000	95851999	18
chr16	95852000	95852999	9
chr16	95853000	95853999	0
chr16	95854000	95854999	3
chr16	95855000	95855999	22
chr16	95856000	95856999	3
chr16	95857000	95857999	12
chr16	95858000	95858999	25
chr16	95859000	95859999	0
chr16	95860000	95860999	23
chr16	95861000	95861999	0
chr16	95862000	95862999	10
chr16	95863000	95863999	0
chr16	95864000	95864999	20
chr16	95865000	95865999	8
chr16	95866000	95866999	7
chr16	95867000	95867999	3
chr16	95868000	95868999	9
chr16	95869000	95869999	19
chr16	95870000	95870999	8
chr16	95871000	95871999	0
chr16	95872000	95872999	4
chr16	95873000	95873999	3
chr16	95874000	95874999	18
chr16	95875000	95875999	18
chr16	95876000	95876999	4
chr16	95877000	95877999	0
chr16	95878000	95878999	16
chr16	95879000	95879999	12
chr16	95880000	95880999	5
chr16	95881000	95881999	14
chr16	95882000	95882999	3
chr16	95883000	95883999	0
chr16	95884000	95884999	0
chr16	95885000	95885999	0
chr16	95886000	95886999	13
chr16	95887000	95887999	1
chr16	95888000	95888999	13
chr16	95889000	95889999	2
chr16	95890000	95890999	21
chr16	95891000	95891999	2
chr16	95892000	95892999	1
chr16	95893000	95893999	0
chr16	95894000	95894999	13
chr16	95895000	95895999	12
chr16	95896000	95896999	1
chr16	95897000	95897999	40
chr16	95898000	95898999	16
chr16	95899000	95899999	19
chr16	95900000	95900999	11
chr16	95901000	95901999	9
chr16	95902000	95902999	11
chr16	95903000	95903999	11
chr16	95904000	95904999	5
chr16	95905000	95905999	18
chr16	95906000	95906999	0
chr16	95907000	95907999	0
chr16	95908000	95908999	0
chr16	95909000	95909999	0
chr16	95910000	95910999	0
chr16	95911000	95911999	0
chr16	95912000	95912999	0
chr16	95913000	95913999	11
chr16	95914000	95914999	2
chr16	95915000	95915999	10
chr16	95916000	95916999	9
chr16	95917000	95917999	3
chr16	95918000	95918999	14
chr16	95919000	95919999	5
chr16	95920000	95920999	34
chr16	95921000	95921999	19
chr16	95922000	95922999	53
chr16	95923000	95923999	25
chr16	95924000	95924999	32
chr16	95925000	95925999	24
chr16	95926000	95926999	110
chr16	95927000	95927999	28
chr16	95928000	95928999	48
chr16	95929000	95929999	67
chr16	95930000	95930999	40
chr16	95931000	95931999	49
chr16	95932000	95932999	25
chr16	95933000	95933999	16
chr16	95934000	95934999	8
chr16	95935000	95935999	5
chr16	95936000	95936999	5
chr16	95937000	95937999	8
chr16	95938000	95938999	3
chr16	95939000	95939999	6
chr16	95940000	95940999	8
chr16	95941000	95941999	3
chr16	95942000	95942999	13
chr16	95943000	95943999	26
chr16	95944000	95944999	5
chr16	95945000	95945999	27
chr16	95946000	95946999	27
chr16	95947000	95947999	6
chr16	95948000	95948999	12
chr16	95949000	95949999	43
chr16	95950000	95950999	0
chr16	95951000	95951999	0
chr16	95952000	95952999	0
chr16	95953000	95953999	9
chr16	95954000	95954999	0
chr16	95955000	95955999	7
chr16	95956000	95956999	26
chr16	95957000	95957999	17
chr16	95958000	95958999	16
chr16	95959000	95959999	7
chr16	95960000	95960999	29
chr16	95961000	95961999	9
chr16	95962000	95962999	27
chr16	95963000	95963999	4
chr16	95964000	95964999	20
chr16	95965000	95965999	3
chr16	95966000	95966999	4
chr16	95967000	95967999	6
chr16	95968000	95968999	0
chr16	95969000	95969999	12
chr16	95970000	95970999	2
chr16	95971000	95971999	11
chr16	95972000	95972999	7
chr16	95973000	95973999	7
chr16	95974000	95974999	0
chr16	95975000	95975999	14
chr16	95976000	95976999	2
chr16	95977000	95977999	3
chr16	95978000	95978999	22
chr16	95979000	95979999	15
chr16	95980000	95980999	21
chr16	95981000	95981999	3
chr16	95982000	95982999	1
chr16	95983000	95983999	4
chr16	95984000	95984999	9
chr16	95985000	95985999	9
chr16	95986000	95986999	0
chr16	95987000	95987999	13
chr16	95988000	95988999	0
chr16	95989000	95989999	27
chr16	95990000	95990999	57
chr16	95991000	95991999	31
chr16	95992000	95992999	15
chr16	95993000	95993999	14
chr16	95994000	95994999	5
chr16	95995000	95995999	9
chr16	95996000	95996999	11
chr16	95997000	95997999	31
chr16	95998000	95998999	10
chr16	95999000	95999999	6
chr16	96000000	96000999	5
chr16	96001000	96001999	15
chr16	96002000	96002999	29
chr16	96003000	96003999	0
chr16	96004000	96004999	0
chr16	96005000	96005999	2
chr16	96006000	96006999	10
chr16	96007000	96007999	7
chr16	96008000	96008999	0
chr16	96009000	96009999	0
chr16	96010000	96010999	0
chr16	96011000	96011999	6
chr16	96012000	96012999	13
chr16	96013000	96013999	0
chr16	96014000	96014999	7
chr16	96015000	96015999	10
chr16	96016000	96016999	11
chr16	96017000	96017999	0
chr16	96018000	96018999	6
chr16	96019000	96019999	0
chr16	96020000	96020999	28
chr16	96021000	96021999	3
chr16	96022000	96022999	0
chr16	96023000	96023999	17
chr16	96024000	96024999	14
chr16	96025000	96025999	10
chr16	96026000	96026999	22
chr16	96027000	96027999	0
chr16	96028000	96028999	31
chr16	96029000	96029999	10
chr16	96030000	96030999	15
chr16	96031000	96031999	17
chr16	96032000	96032999	0
chr16	96033000	96033999	14
chr16	96034000	96034999	6
chr16	96035000	96035999	17
chr16	96036000	96036999	10
chr16	96037000	96037999	1
chr16	96038000	96038999	5
chr16	96039000	96039999	25
chr16	96040000	96040999	0
chr16	96041000	96041999	0
chr16	96042000	96042999	4
chr16	96043000	96043999	14
chr16	96044000	96044999	6
chr16	96045000	96045999	16
chr16	96046000	96046999	0
chr16	96047000	96047999	4
chr16	96048000	96048999	18
chr16	96049000	96049999	31
chr16	96050000	96050999	18
chr16	96051000	96051999	24
chr16	96052000	96052999	13
chr16	96053000	96053999	35
chr16	96054000	96054999	20
chr16	96055000	96055999	36
chr16	96056000	96056999	5
chr16	96057000	96057999	5
chr16	96058000	96058999	3
chr16	96059000	96059999	0
chr16	96060000	96060999	6
chr16	96061000	96061999	33
chr16	96062000	96062999	9
chr16	96063000	96063999	8
chr16	96064000	96064999	5
chr16	96065000	96065999	4
chr16	96066000	96066999	3
chr16	96067000	96067999	24
chr16	96068000	96068999	1
chr16	96069000	96069999	7
chr16	96070000	96070999	4
chr16	96071000	96071999	10
chr16	96072000	96072999	3
chr16	96073000	96073999	1
chr16	96074000	96074999	14
chr16	96075000	96075999	19
chr16	96076000	96076999	26
chr16	96077000	96077999	4
chr16	96078000	96078999	11
chr16	96079000	96079999	12
chr16	96080000	96080999	19
chr16	96081000	96081999	103
chr16	96082000	96082999	113
chr16	96083000	96083999	29
chr16	96084000	96084999	42
chr16	96085000	96085999	55
chr16	96086000	96086999	12
chr16	96087000	96087999	5
chr16	96088000	96088999	14
chr16	96089000	96089999	8
chr16	96090000	96090999	3
chr16	96091000	96091999	12
chr16	96092000	96092999	5
chr16	96093000	96093999	0
chr16	96094000	96094999	0
chr16	96095000	96095999	22
chr16	96096000	96096999	0
chr16	96097000	96097999	6
chr16	96098000	96098999	3
chr16	96099000	96099999	8
chr16	96100000	96100999	14
chr16	96101000	96101999	0
chr16	96102000	96102999	7
chr16	96103000	96103999	12
chr16	96104000	96104999	3
chr16	96105000	96105999	10
chr16	96106000	96106999	1
chr16	96107000	96107999	11
chr16	96108000	96108999	0
chr16	96109000	96109999	3
chr16	96110000	96110999	3
chr16	96111000	96111999	14
chr16	96112000	96112999	5
chr16	96113000	96113999	31
chr16	96114000	96114999	46
chr16	96115000	96115999	0
chr16	96116000	96116999	4
chr16	96117000	96117999	5
chr16	96118000	96118999	12
chr16	96119000	96119999	21
chr16	96120000	96120999	15
chr16	96121000	96121999	31
chr16	96122000	96122999	7
chr16	96123000	96123999	17
chr16	96124000	96124999	19
chr16	96125000	96125999	14
chr16	96126000	96126999	4
chr16	96127000	96127999	52
chr16	96128000	96128999	68
chr16	96129000	96129999	14
chr16	96130000	96130999	38
chr16	96131000	96131999	24
chr16	96132000	96132999	39
chr16	96133000	96133999	26
chr16	96134000	96134999	8
chr16	96135000	96135999	5
chr16	96136000	96136999	5
chr16	96137000	96137999	0
chr16	96138000	96138999	0
chr16	96139000	96139999	1
chr16	96140000	96140999	1
chr16	96141000	96141999	26
chr16	96142000	96142999	11
chr16	96143000	96143999	5
chr16	96144000	96144999	32
chr16	96145000	96145999	159
chr16	96146000	96146999	25
chr16	96147000	96147999	6
chr16	96148000	96148999	33
chr16	96149000	96149999	7
chr16	96150000	96150999	35
chr16	96151000	96151999	68
chr16	96152000	96152999	12
chr16	96153000	96153999	7
chr16	96154000	96154999	30
chr16	96155000	96155999	12
chr16	96156000	96156999	62
chr16	96157000	96157999	3
chr16	96158000	96158999	76
chr16	96159000	96159999	65
chr16	96160000	96160999	13
chr16	96161000	96161999	21
chr16	96162000	96162999	6
chr16	96163000	96163999	11
chr16	96164000	96164999	21
chr16	96165000	96165999	7
chr16	96166000	96166999	1
chr16	96167000	96167999	7
chr16	96168000	96168999	21
chr16	96169000	96169999	1
chr16	96170000	96170999	0
chr16	96171000	96171999	16
chr16	96172000	96172999	17
chr16	96173000	96173999	13
chr16	96174000	96174999	10
chr16	96175000	96175999	11
chr16	96176000	96176999	13
chr16	96177000	96177999	0
chr16	96178000	96178999	0
chr16	96179000	96179999	0
chr16	96180000	96180999	3
chr16	96181000	96181999	0
chr16	96182000	96182999	21
chr16	96183000	96183999	0
chr16	96184000	96184999	3
chr16	96185000	96185999	4
chr16	96186000	96186999	6
chr16	96187000	96187999	6
chr16	96188000	96188999	5
chr16	96189000	96189999	8
chr16	96190000	96190999	15
chr16	96191000	96191999	18
chr16	96192000	96192999	73
chr16	96193000	96193999	0
chr16	96194000	96194999	12
chr16	96195000	96195999	3
chr16	96196000	96196999	29
chr16	96197000	96197999	0
chr16	96198000	96198999	0
chr16	96199000	96199999	0
chr16	96200000	96200999	42
chr16	96201000	96201999	10
chr16	96202000	96202999	5
chr16	96203000	96203999	12
chr16	96204000	96204999	15
chr16	96205000	96205999	6
chr16	96206000	96206999	0
chr16	96207000	96207999	6
chr16	96208000	96208999	10
chr16	96209000	96209999	13
chr16	96210000	96210999	16
chr16	96211000	96211999	5
chr16	96212000	96212999	19
chr16	96213000	96213999	2
chr16	96214000	96214999	0
chr16	96215000	96215999	14
chr16	96216000	96216999	0
chr16	96217000	96217999	0
chr16	96218000	96218999	0
chr16	96219000	96219999	6
chr16	96220000	96220999	5
chr16	96221000	96221999	12
chr16	96222000	96222999	6
chr16	96223000	96223999	16
chr16	96224000	96224999	5
chr16	96225000	96225999	5
chr16	96226000	96226999	0
chr16	96227000	96227999	4
chr16	96228000	96228999	28
chr16	96229000	96229999	17
chr16	96230000	96230999	17
chr16	96231000	96231999	18
chr16	96232000	96232999	4
chr16	96233000	96233999	0
chr16	96234000	96234999	23
chr16	96235000	96235999	8
chr16	96236000	96236999	32
chr16	96237000	96237999	0
chr16	96238000	96238999	9
chr16	96239000	96239999	0
chr16	96240000	96240999	7
chr16	96241000	96241999	4
chr16	96242000	96242999	0
chr16	96243000	96243999	0
chr16	96244000	96244999	7
chr16	96245000	96245999	3
chr16	96246000	96246999	7
chr16	96247000	96247999	0
chr16	96248000	96248999	3
chr16	96249000	96249999	0
chr16	96250000	96250999	8
chr16	96251000	96251999	7
chr16	96252000	96252999	31
chr16	96253000	96253999	0
chr16	96254000	96254999	0
chr16	96255000	96255999	28
chr16	96256000	96256999	0
chr16	96257000	96257999	8
chr16	96258000	96258999	7
chr16	96259000	96259999	2
chr16	96260000	96260999	9
chr16	96261000	96261999	14
chr16	96262000	96262999	1
chr16	96263000	96263999	0
chr16	96264000	96264999	0
chr16	96265000	96265999	25
chr16	96266000	96266999	0
chr16	96267000	96267999	32
chr16	96268000	96268999	5
chr16	96269000	96269999	1
chr16	96270000	96270999	0
chr16	96271000	96271999	20
chr16	96272000	96272999	6
chr16	96273000	96273999	13
chr16	96274000	96274999	2
chr16	96275000	96275999	0
chr16	96276000	96276999	13
chr16	96277000	96277999	2
chr16	96278000	96278999	7
chr16	96279000	96279999	39
chr16	96280000	96280999	12
chr16	96281000	96281999	0
chr16	96282000	96282999	0
chr16	96283000	96283999	0
chr16	96284000	96284999	0
chr16	96285000	96285999	18
chr16	96286000	96286999	13
chr16	96287000	96287999	18
chr16	96288000	96288999	5
chr16	96289000	96289999	0
chr16	96290000	96290999	22
chr16	96291000	96291999	7
chr16	96292000	96292999	5
chr16	96293000	96293999	3
chr16	96294000	96294999	11
chr16	96295000	96295999	10
chr16	96296000	96296999	4
chr16	96297000	96297999	1
chr16	96298000	96298999	42
chr16	96299000	96299999	8
chr16	96300000	96300999	6
chr16	96301000	96301999	6
chr16	96302000	96302999	31
chr16	96303000	96303999	7
chr16	96304000	96304999	46
chr16	96305000	96305999	4
chr16	96306000	96306999	35
chr16	96307000	96307999	3
chr16	96308000	96308999	0
chr16	96309000	96309999	3
chr16	96310000	96310999	0
chr16	96311000	96311999	21
chr16	96312000	96312999	14
chr16	96313000	96313999	27
chr16	96314000	96314999	6
chr16	96315000	96315999	26
chr16	96316000	96316999	19
chr16	96317000	96317999	11
chr16	96318000	96318999	20
chr16	96319000	96319999	1
chr16	96320000	96320999	28
chr16	96321000	96321999	0
chr16	96322000	96322999	27
chr16	96323000	96323999	16
chr16	96324000	96324999	8
chr16	96325000	96325999	7
chr16	96326000	96326999	22
chr16	96327000	96327999	16
chr16	96328000	96328999	19
chr16	96329000	96329999	12
chr16	96330000	96330999	9
chr16	96331000	96331999	4
chr16	96332000	96332999	6
chr16	96333000	96333999	5
chr16	96334000	96334999	4
chr16	96335000	96335999	25
chr16	96336000	96336999	5
chr16	96337000	96337999	14
chr16	96338000	96338999	6
chr16	96339000	96339999	9
chr16	96340000	96340999	13
chr16	96341000	96341999	0
chr16	96342000	96342999	6
chr16	96343000	96343999	0
chr16	96344000	96344999	11
chr16	96345000	96345999	36
chr16	96346000	96346999	0
chr16	96347000	96347999	4
chr16	96348000	96348999	5
chr16	96349000	96349999	9
chr16	96350000	96350999	32
chr16	96351000	96351999	0
chr16	96352000	96352999	0
chr16	96353000	96353999	15
chr16	96354000	96354999	21
chr16	96355000	96355999	11
chr16	96356000	96356999	12
chr16	96357000	96357999	5
chr16	96358000	96358999	14
chr16	96359000	96359999	18
chr16	96360000	96360999	12
chr16	96361000	96361999	168
chr16	96362000	96362999	14
chr16	96363000	96363999	16
chr16	96364000	96364999	4
chr16	96365000	96365999	12
chr16	96366000	96366999	4
chr16	96367000	96367999	27
chr16	96368000	96368999	0
chr16	96369000	96369999	0
chr16	96370000	96370999	24
chr16	96371000	96371999	5
chr16	96372000	96372999	5
chr16	96373000	96373999	19
chr16	96374000	96374999	16
chr16	96375000	96375999	18
chr16	96376000	96376999	37
chr16	96377000	96377999	14
chr16	96378000	96378999	17
chr16	96379000	96379999	3
chr16	96380000	96380999	4
chr16	96381000	96381999	24
chr16	96382000	96382999	0
chr16	96383000	96383999	5
chr16	96384000	96384999	6
chr16	96385000	96385999	25
chr16	96386000	96386999	19
chr16	96387000	96387999	13
chr16	96388000	96388999	8
chr16	96389000	96389999	5
chr16	96390000	96390999	0
chr16	96391000	96391999	14
chr16	96392000	96392999	0
chr16	96393000	96393999	0
chr16	96394000	96394999	6
chr16	96395000	96395999	13
chr16	96396000	96396999	8
chr16	96397000	96397999	0
chr16	96398000	96398999	19
chr16	96399000	96399999	5
chr16	96400000	96400999	0
chr16	96401000	96401999	6
chr16	96402000	96402999	0
chr16	96403000	96403999	0
chr16	96404000	96404999	2
chr16	96405000	96405999	1
chr16	96406000	96406999	12
chr16	96407000	96407999	1
chr16	96408000	96408999	29
chr16	96409000	96409999	4
chr16	96410000	96410999	0
chr16	96411000	96411999	0
chr16	96412000	96412999	0
chr16	96413000	96413999	10
chr16	96414000	96414999	0
chr16	96415000	96415999	0
chr16	96416000	96416999	1
chr16	96417000	96417999	4
chr16	96418000	96418999	0
chr16	96419000	96419999	1
chr16	96420000	96420999	20
chr16	96421000	96421999	23
chr16	96422000	96422999	0
chr16	96423000	96423999	8
chr16	96424000	96424999	0
chr16	96425000	96425999	0
chr16	96426000	96426999	29
chr16	96427000	96427999	4
chr16	96428000	96428999	18
chr16	96429000	96429999	6
chr16	96430000	96430999	17
chr16	96431000	96431999	15
chr16	96432000	96432999	1
chr16	96433000	96433999	4
chr16	96434000	96434999	25
chr16	96435000	96435999	1
chr16	96436000	96436999	13
chr16	96437000	96437999	11
chr16	96438000	96438999	11
chr16	96439000	96439999	14
chr16	96440000	96440999	2
chr16	96441000	96441999	0
chr16	96442000	96442999	2
chr16	96443000	96443999	11
chr16	96444000	96444999	17
chr16	96445000	96445999	4
chr16	96446000	96446999	23
chr16	96447000	96447999	7
chr16	96448000	96448999	18
chr16	96449000	96449999	1
chr16	96450000	96450999	5
chr16	96451000	96451999	10
chr16	96452000	96452999	5
chr16	96453000	96453999	0
chr16	96454000	96454999	0
chr16	96455000	96455999	12
chr16	96456000	96456999	0
chr16	96457000	96457999	22
chr16	96458000	96458999	30
chr16	96459000	96459999	8
chr16	96460000	96460999	0
chr16	96461000	96461999	2
chr16	96462000	96462999	17
chr16	96463000	96463999	0
chr16	96464000	96464999	21
chr16	96465000	96465999	15
chr16	96466000	96466999	26
chr16	96467000	96467999	37
chr16	96468000	96468999	7
chr16	96469000	96469999	14
chr16	96470000	96470999	5
chr16	96471000	96471999	6
chr16	96472000	96472999	40
chr16	96473000	96473999	0
chr16	96474000	96474999	4
chr16	96475000	96475999	22
chr16	96476000	96476999	16
chr16	96477000	96477999	11
chr16	96478000	96478999	7
chr16	96479000	96479999	4
chr16	96480000	96480999	7
chr16	96481000	96481999	7
chr16	96482000	96482999	8
chr16	96483000	96483999	15
chr16	96484000	96484999	0
chr16	96485000	96485999	19
chr16	96486000	96486999	14
chr16	96487000	96487999	3
chr16	96488000	96488999	31
chr16	96489000	96489999	3
chr16	96490000	96490999	0
chr16	96491000	96491999	14
chr16	96492000	96492999	20
chr16	96493000	96493999	24
chr16	96494000	96494999	17
chr16	96495000	96495999	7
chr16	96496000	96496999	17
chr16	96497000	96497999	2
chr16	96498000	96498999	13
chr16	96499000	96499999	5
chr16	96500000	96500999	2
chr16	96501000	96501999	2
chr16	96502000	96502999	3
chr16	96503000	96503999	1
chr16	96504000	96504999	0
chr16	96505000	96505999	1
chr16	96506000	96506999	3
chr16	96507000	96507999	20
chr16	96508000	96508999	0
chr16	96509000	96509999	15
chr16	96510000	96510999	14
chr16	96511000	96511999	0
chr16	96512000	96512999	10
chr16	96513000	96513999	23
chr16	96514000	96514999	36
chr16	96515000	96515999	18
chr16	96516000	96516999	6
chr16	96517000	96517999	12
chr16	96518000	96518999	0
chr16	96519000	96519999	1
chr16	96520000	96520999	8
chr16	96521000	96521999	0
chr16	96522000	96522999	0
chr16	96523000	96523999	65
chr16	96524000	96524999	15
chr16	96525000	96525999	18
chr16	96526000	96526999	32
chr16	96527000	96527999	19
chr16	96528000	96528999	6
chr16	96529000	96529999	9
chr16	96530000	96530999	16
chr16	96531000	96531999	42
chr16	96532000	96532999	27
chr16	96533000	96533999	37
chr16	96534000	96534999	11
chr16	96535000	96535999	21
chr16	96536000	96536999	36
chr16	96537000	96537999	33
chr16	96538000	96538999	10
chr16	96539000	96539999	50
chr16	96540000	96540999	15
chr16	96541000	96541999	20
chr16	96542000	96542999	0
chr16	96543000	96543999	24
chr16	96544000	96544999	0
chr16	96545000	96545999	11
chr16	96546000	96546999	13
chr16	96547000	96547999	14
chr16	96548000	96548999	2
chr16	96549000	96549999	5
chr16	96550000	96550999	13
chr16	96551000	96551999	1
chr16	96552000	96552999	4
chr16	96553000	96553999	5
chr16	96554000	96554999	10
chr16	96555000	96555999	0
chr16	96556000	96556999	24
chr16	96557000	96557999	11
chr16	96558000	96558999	10
chr16	96559000	96559999	0
chr16	96560000	96560999	5
chr16	96561000	96561999	0
chr16	96562000	96562999	9
chr16	96563000	96563999	10
chr16	96564000	96564999	2
chr16	96565000	96565999	12
chr16	96566000	96566999	8
chr16	96567000	96567999	5
chr16	96568000	96568999	0
chr16	96569000	96569999	0
chr16	96570000	96570999	1
chr16	96571000	96571999	5
chr16	96572000	96572999	3
chr16	96573000	96573999	7
chr16	96574000	96574999	4
chr16	96575000	96575999	4
chr16	96576000	96576999	3
chr16	96577000	96577999	9
chr16	96578000	96578999	1
chr16	96579000	96579999	14
chr16	96580000	96580999	8
chr16	96581000	96581999	5
chr16	96582000	96582999	3
chr16	96583000	96583999	7
chr16	96584000	96584999	6
chr16	96585000	96585999	7
chr16	96586000	96586999	19
chr16	96587000	96587999	0
chr16	96588000	96588999	9
chr16	96589000	96589999	56
chr16	96590000	96590999	13
chr16	96591000	96591999	11
chr16	96592000	96592999	1
chr16	96593000	96593999	22
chr16	96594000	96594999	5
chr16	96595000	96595999	4
chr16	96596000	96596999	18
chr16	96597000	96597999	6
chr16	96598000	96598999	2
chr16	96599000	96599999	16
chr16	96600000	96600999	38
chr16	96601000	96601999	4
chr16	96602000	96602999	10
chr16	96603000	96603999	18
chr16	96604000	96604999	0
chr16	96605000	96605999	7
chr16	96606000	96606999	0
chr16	96607000	96607999	17
chr16	96608000	96608999	7
chr16	96609000	96609999	5
chr16	96610000	96610999	10
chr16	96611000	96611999	14
chr16	96612000	96612999	0
chr16	96613000	96613999	0
chr16	96614000	96614999	23
chr16	96615000	96615999	1
chr16	96616000	96616999	0
chr16	96617000	96617999	16
chr16	96618000	96618999	43
chr16	96619000	96619999	25
chr16	96620000	96620999	25
chr16	96621000	96621999	25
chr16	96622000	96622999	7
chr16	96623000	96623999	18
chr16	96624000	96624999	57
chr16	96625000	96625999	39
chr16	96626000	96626999	7
chr16	96627000	96627999	3
chr16	96628000	96628999	7
chr16	96629000	96629999	14
chr16	96630000	96630999	7
chr16	96631000	96631999	8
chr16	96632000	96632999	12
chr16	96633000	96633999	13
chr16	96634000	96634999	3
chr16	96635000	96635999	6
chr16	96636000	96636999	5
chr16	96637000	96637999	8
chr16	96638000	96638999	10
chr16	96639000	96639999	0
chr16	96640000	96640999	19
chr16	96641000	96641999	0
chr16	96642000	96642999	31
chr16	96643000	96643999	15
chr16	96644000	96644999	4
chr16	96645000	96645999	15
chr16	96646000	96646999	1
chr16	96647000	96647999	21
chr16	96648000	96648999	21
chr16	96649000	96649999	6
chr16	96650000	96650999	0
chr16	96651000	96651999	9
chr16	96652000	96652999	37
chr16	96653000	96653999	0
chr16	96654000	96654999	6
chr16	96655000	96655999	9
chr16	96656000	96656999	3
chr16	96657000	96657999	3
chr16	96658000	96658999	4
chr16	96659000	96659999	13
chr16	96660000	96660999	4
chr16	96661000	96661999	10
chr16	96662000	96662999	30
chr16	96663000	96663999	11
chr16	96664000	96664999	2
chr16	96665000	96665999	0
chr16	96666000	96666999	16
chr16	96667000	96667999	9
chr16	96668000	96668999	18
chr16	96669000	96669999	28
chr16	96670000	96670999	14
chr16	96671000	96671999	0
chr16	96672000	96672999	28
chr16	96673000	96673999	5
chr16	96674000	96674999	22
chr16	96675000	96675999	6
chr16	96676000	96676999	5
chr16	96677000	96677999	8
chr16	96678000	96678999	25
chr16	96679000	96679999	2
chr16	96680000	96680999	9
chr16	96681000	96681999	0
chr16	96682000	96682999	17
chr16	96683000	96683999	5
chr16	96684000	96684999	5
chr16	96685000	96685999	1
chr16	96686000	96686999	0
chr16	96687000	96687999	26
chr16	96688000	96688999	20
chr16	96689000	96689999	2
chr16	96690000	96690999	36
chr16	96691000	96691999	2
chr16	96692000	96692999	7
chr16	96693000	96693999	21
chr16	96694000	96694999	10
chr16	96695000	96695999	7
chr16	96696000	96696999	17
chr16	96697000	96697999	5
chr16	96698000	96698999	0
chr16	96699000	96699999	0
chr16	96700000	96700999	22
chr16	96701000	96701999	8
chr16	96702000	96702999	13
chr16	96703000	96703999	2
chr16	96704000	96704999	16
chr16	96705000	96705999	15
chr16	96706000	96706999	10
chr16	96707000	96707999	33
chr16	96708000	96708999	7
chr16	96709000	96709999	9
chr16	96710000	96710999	3
chr16	96711000	96711999	12
chr16	96712000	96712999	9
chr16	96713000	96713999	5
chr16	96714000	96714999	26
chr16	96715000	96715999	12
chr16	96716000	96716999	4
chr16	96717000	96717999	14
chr16	96718000	96718999	1
chr16	96719000	96719999	0
chr16	96720000	96720999	2
chr16	96721000	96721999	20
chr16	96722000	96722999	10
chr16	96723000	96723999	6
chr16	96724000	96724999	1
chr16	96725000	96725999	24
chr16	96726000	96726999	14
chr16	96727000	96727999	34
chr16	96728000	96728999	3
chr16	96729000	96729999	11
chr16	96730000	96730999	11
chr16	96731000	96731999	2
chr16	96732000	96732999	0
chr16	96733000	96733999	6
chr16	96734000	96734999	10
chr16	96735000	96735999	13
chr16	96736000	96736999	22
chr16	96737000	96737999	0
chr16	96738000	96738999	3
chr16	96739000	96739999	9
chr16	96740000	96740999	6
chr16	96741000	96741999	2
chr16	96742000	96742999	15
chr16	96743000	96743999	6
chr16	96744000	96744999	3
chr16	96745000	96745999	8
chr16	96746000	96746999	2
chr16	96747000	96747999	18
chr16	96748000	96748999	14
chr16	96749000	96749999	2
chr16	96750000	96750999	7
chr16	96751000	96751999	12
chr16	96752000	96752999	8
chr16	96753000	96753999	2
chr16	96754000	96754999	6
chr16	96755000	96755999	0
chr16	96756000	96756999	1
chr16	96757000	96757999	22
chr16	96758000	96758999	14
chr16	96759000	96759999	4
chr16	96760000	96760999	15
chr16	96761000	96761999	0
chr16	96762000	96762999	6
chr16	96763000	96763999	14
chr16	96764000	96764999	9
chr16	96765000	96765999	2
chr16	96766000	96766999	11
chr16	96767000	96767999	17
chr16	96768000	96768999	13
chr16	96769000	96769999	4
chr16	96770000	96770999	25
chr16	96771000	96771999	26
chr16	96772000	96772999	0
chr16	96773000	96773999	5
chr16	96774000	96774999	0
chr16	96775000	96775999	8
chr16	96776000	96776999	0
chr16	96777000	96777999	0
chr16	96778000	96778999	7
chr16	96779000	96779999	17
chr16	96780000	96780999	2
chr16	96781000	96781999	10
chr16	96782000	96782999	0
chr16	96783000	96783999	12
chr16	96784000	96784999	6
chr16	96785000	96785999	20
chr16	96786000	96786999	5
chr16	96787000	96787999	20
chr16	96788000	96788999	15
chr16	96789000	96789999	13
chr16	96790000	96790999	13
chr16	96791000	96791999	20
chr16	96792000	96792999	10
chr16	96793000	96793999	22
chr16	96794000	96794999	6
chr16	96795000	96795999	5
chr16	96796000	96796999	9
chr16	96797000	96797999	16
chr16	96798000	96798999	4
chr16	96799000	96799999	15
chr16	96800000	96800999	9
chr16	96801000	96801999	20
chr16	96802000	96802999	28
chr16	96803000	96803999	3
chr16	96804000	96804999	15
chr16	96805000	96805999	4
chr16	96806000	96806999	11
chr16	96807000	96807999	2
chr16	96808000	96808999	3
chr16	96809000	96809999	9
chr16	96810000	96810999	43
chr16	96811000	96811999	19
chr16	96812000	96812999	4
chr16	96813000	96813999	2
chr16	96814000	96814999	2
chr16	96815000	96815999	1
chr16	96816000	96816999	38
chr16	96817000	96817999	6
chr16	96818000	96818999	4
chr16	96819000	96819999	13
chr16	96820000	96820999	18
chr16	96821000	96821999	4
chr16	96822000	96822999	12
chr16	96823000	96823999	0
chr16	96824000	96824999	11
chr16	96825000	96825999	0
chr16	96826000	96826999	3
chr16	96827000	96827999	7
chr16	96828000	96828999	13
chr16	96829000	96829999	9
chr16	96830000	96830999	0
chr16	96831000	96831999	5
chr16	96832000	96832999	5
chr16	96833000	96833999	6
chr16	96834000	96834999	4
chr16	96835000	96835999	4
chr16	96836000	96836999	3
chr16	96837000	96837999	11
chr16	96838000	96838999	26
chr16	96839000	96839999	37
chr16	96840000	96840999	14
chr16	96841000	96841999	23
chr16	96842000	96842999	0
chr16	96843000	96843999	14
chr16	96844000	96844999	0
chr16	96845000	96845999	25
chr16	96846000	96846999	0
chr16	96847000	96847999	0
chr16	96848000	96848999	5
chr16	96849000	96849999	14
chr16	96850000	96850999	3
chr16	96851000	96851999	8
chr16	96852000	96852999	17
chr16	96853000	96853999	1
chr16	96854000	96854999	25
chr16	96855000	96855999	0
chr16	96856000	96856999	0
chr16	96857000	96857999	0
chr16	96858000	96858999	5
chr16	96859000	96859999	3
chr16	96860000	96860999	13
chr16	96861000	96861999	6
chr16	96862000	96862999	0
chr16	96863000	96863999	2
chr16	96864000	96864999	10
chr16	96865000	96865999	0
chr16	96866000	96866999	11
chr16	96867000	96867999	10
chr16	96868000	96868999	0
chr16	96869000	96869999	0
chr16	96870000	96870999	21
chr16	96871000	96871999	0
chr16	96872000	96872999	1
chr16	96873000	96873999	4
chr16	96874000	96874999	3
chr16	96875000	96875999	24
chr16	96876000	96876999	6
chr16	96877000	96877999	9
chr16	96878000	96878999	6
chr16	96879000	96879999	11
chr16	96880000	96880999	0
chr16	96881000	96881999	0
chr16	96882000	96882999	0
chr16	96883000	96883999	3
chr16	96884000	96884999	8
chr16	96885000	96885999	0
chr16	96886000	96886999	24
chr16	96887000	96887999	3
chr16	96888000	96888999	14
chr16	96889000	96889999	79
chr16	96890000	96890999	27
chr16	96891000	96891999	2
chr16	96892000	96892999	0
chr16	96893000	96893999	1
chr16	96894000	96894999	11
chr16	96895000	96895999	29
chr16	96896000	96896999	11
chr16	96897000	96897999	30
chr16	96898000	96898999	1
chr16	96899000	96899999	7
chr16	96900000	96900999	0
chr16	96901000	96901999	22
chr16	96902000	96902999	2
chr16	96903000	96903999	1
chr16	96904000	96904999	0
chr16	96905000	96905999	0
chr16	96906000	96906999	26
chr16	96907000	96907999	28
chr16	96908000	96908999	2
chr16	96909000	96909999	1
chr16	96910000	96910999	15
chr16	96911000	96911999	18
chr16	96912000	96912999	12
chr16	96913000	96913999	15
chr16	96914000	96914999	4
chr16	96915000	96915999	0
chr16	96916000	96916999	1
chr16	96917000	96917999	13
chr16	96918000	96918999	4
chr16	96919000	96919999	1
chr16	96920000	96920999	10
chr16	96921000	96921999	0
chr16	96922000	96922999	18
chr16	96923000	96923999	12
chr16	96924000	96924999	21
chr16	96925000	96925999	18
chr16	96926000	96926999	13
chr16	96927000	96927999	21
chr16	96928000	96928999	0
chr16	96929000	96929999	5
chr16	96930000	96930999	8
chr16	96931000	96931999	15
chr16	96932000	96932999	0
chr16	96933000	96933999	0
chr16	96934000	96934999	7
chr16	96935000	96935999	20
chr16	96936000	96936999	5
chr16	96937000	96937999	53
chr16	96938000	96938999	10
chr16	96939000	96939999	12
chr16	96940000	96940999	0
chr16	96941000	96941999	0
chr16	96942000	96942999	0
chr16	96943000	96943999	16
chr16	96944000	96944999	2
chr16	96945000	96945999	7
chr16	96946000	96946999	15
chr16	96947000	96947999	0
chr16	96948000	96948999	7
chr16	96949000	96949999	5
chr16	96950000	96950999	0
chr16	96951000	96951999	7
chr16	96952000	96952999	0
chr16	96953000	96953999	8
chr16	96954000	96954999	1
chr16	96955000	96955999	2
chr16	96956000	96956999	4
chr16	96957000	96957999	14
chr16	96958000	96958999	14
chr16	96959000	96959999	2
chr16	96960000	96960999	12
chr16	96961000	96961999	15
chr16	96962000	96962999	11
chr16	96963000	96963999	37
chr16	96964000	96964999	8
chr16	96965000	96965999	1
chr16	96966000	96966999	8
chr16	96967000	96967999	0
chr16	96968000	96968999	9
chr16	96969000	96969999	4
chr16	96970000	96970999	0
chr16	96971000	96971999	33
chr16	96972000	96972999	4
chr16	96973000	96973999	18
chr16	96974000	96974999	15
chr16	96975000	96975999	13
chr16	96976000	96976999	0
chr16	96977000	96977999	2
chr16	96978000	96978999	7
chr16	96979000	96979999	3
chr16	96980000	96980999	1
chr16	96981000	96981999	0
chr16	96982000	96982999	0
chr16	96983000	96983999	0
chr16	96984000	96984999	0
chr16	96985000	96985999	0
chr16	96986000	96986999	0
chr16	96987000	96987999	15
chr16	96988000	96988999	4
chr16	96989000	96989999	40
chr16	96990000	96990999	25
chr16	96991000	96991999	5
chr16	96992000	96992999	1
chr16	96993000	96993999	2
chr16	96994000	96994999	18
chr16	96995000	96995999	4
chr16	96996000	96996999	13
chr16	96997000	96997999	1
chr16	96998000	96998999	4
chr16	96999000	96999999	0
chr16	97000000	97000999	23
chr16	97001000	97001999	5
chr16	97002000	97002999	32
chr16	97003000	97003999	4
chr16	97004000	97004999	10
chr16	97005000	97005999	4
chr16	97006000	97006999	9
chr16	97007000	97007999	20
chr16	97008000	97008999	3
chr16	97009000	97009999	0
chr16	97010000	97010999	32
chr16	97011000	97011999	7
chr16	97012000	97012999	29
chr16	97013000	97013999	13
chr16	97014000	97014999	13
chr16	97015000	97015999	0
chr16	97016000	97016999	4
chr16	97017000	97017999	13
chr16	97018000	97018999	0
chr16	97019000	97019999	0
chr16	97020000	97020999	9
chr16	97021000	97021999	20
chr16	97022000	97022999	11
chr16	97023000	97023999	3
chr16	97024000	97024999	2
chr16	97025000	97025999	11
chr16	97026000	97026999	5
chr16	97027000	97027999	0
chr16	97028000	97028999	13
chr16	97029000	97029999	24
chr16	97030000	97030999	6
chr16	97031000	97031999	0
chr16	97032000	97032999	10
chr16	97033000	97033999	0
chr16	97034000	97034999	18
chr16	97035000	97035999	1
chr16	97036000	97036999	15
chr16	97037000	97037999	4
chr16	97038000	97038999	0
chr16	97039000	97039999	0
chr16	97040000	97040999	5
chr16	97041000	97041999	0
chr16	97042000	97042999	27
chr16	97043000	97043999	14
chr16	97044000	97044999	9
chr16	97045000	97045999	3
chr16	97046000	97046999	4
chr16	97047000	97047999	11
chr16	97048000	97048999	0
chr16	97049000	97049999	0
chr16	97050000	97050999	0
chr16	97051000	97051999	16
chr16	97052000	97052999	13
chr16	97053000	97053999	0
chr16	97054000	97054999	0
chr16	97055000	97055999	9
chr16	97056000	97056999	2
chr16	97057000	97057999	7
chr16	97058000	97058999	9
chr16	97059000	97059999	7
chr16	97060000	97060999	5
chr16	97061000	97061999	5
chr16	97062000	97062999	9
chr16	97063000	97063999	6
chr16	97064000	97064999	0
chr16	97065000	97065999	14
chr16	97066000	97066999	14
chr16	97067000	97067999	26
chr16	97068000	97068999	27
chr16	97069000	97069999	18
chr16	97070000	97070999	13
chr16	97071000	97071999	0
chr16	97072000	97072999	0
chr16	97073000	97073999	0
chr16	97074000	97074999	13
chr16	97075000	97075999	12
chr16	97076000	97076999	0
chr16	97077000	97077999	0
chr16	97078000	97078999	8
chr16	97079000	97079999	20
chr16	97080000	97080999	6
chr16	97081000	97081999	0
chr16	97082000	97082999	15
chr16	97083000	97083999	16
chr16	97084000	97084999	11
chr16	97085000	97085999	12
chr16	97086000	97086999	3
chr16	97087000	97087999	4
chr16	97088000	97088999	1
chr16	97089000	97089999	14
chr16	97090000	97090999	1
chr16	97091000	97091999	0
chr16	97092000	97092999	9
chr16	97093000	97093999	2
chr16	97094000	97094999	4
chr16	97095000	97095999	17
chr16	97096000	97096999	26
chr16	97097000	97097999	14
chr16	97098000	97098999	21
chr16	97099000	97099999	16
chr16	97100000	97100999	0
chr16	97101000	97101999	22
chr16	97102000	97102999	0
chr16	97103000	97103999	11
chr16	97104000	97104999	2
chr16	97105000	97105999	0
chr16	97106000	97106999	9
chr16	97107000	97107999	5
chr16	97108000	97108999	5
chr16	97109000	97109999	5
chr16	97110000	97110999	3
chr16	97111000	97111999	16
chr16	97112000	97112999	5
chr16	97113000	97113999	6
chr16	97114000	97114999	17
chr16	97115000	97115999	5
chr16	97116000	97116999	0
chr16	97117000	97117999	4
chr16	97118000	97118999	0
chr16	97119000	97119999	6
chr16	97120000	97120999	0
chr16	97121000	97121999	4
chr16	97122000	97122999	10
chr16	97123000	97123999	13
chr16	97124000	97124999	0
chr16	97125000	97125999	5
chr16	97126000	97126999	12
chr16	97127000	97127999	0
chr16	97128000	97128999	16
chr16	97129000	97129999	0
chr16	97130000	97130999	13
chr16	97131000	97131999	7
chr16	97132000	97132999	0
chr16	97133000	97133999	0
chr16	97134000	97134999	3
chr16	97135000	97135999	16
chr16	97136000	97136999	0
chr16	97137000	97137999	14
chr16	97138000	97138999	3
chr16	97139000	97139999	11
chr16	97140000	97140999	3
chr16	97141000	97141999	13
chr16	97142000	97142999	6
chr16	97143000	97143999	17
chr16	97144000	97144999	4
chr16	97145000	97145999	0
chr16	97146000	97146999	18
chr16	97147000	97147999	20
chr16	97148000	97148999	0
chr16	97149000	97149999	19
chr16	97150000	97150999	12
chr16	97151000	97151999	30
chr16	97152000	97152999	18
chr16	97153000	97153999	8
chr16	97154000	97154999	7
chr16	97155000	97155999	3
chr16	97156000	97156999	12
chr16	97157000	97157999	7
chr16	97158000	97158999	0
chr16	97159000	97159999	4
chr16	97160000	97160999	6
chr16	97161000	97161999	1
chr16	97162000	97162999	5
chr16	97163000	97163999	0
chr16	97164000	97164999	3
chr16	97165000	97165999	15
chr16	97166000	97166999	0
chr16	97167000	97167999	9
chr16	97168000	97168999	11
chr16	97169000	97169999	0
chr16	97170000	97170999	1
chr16	97171000	97171999	9
chr16	97172000	97172999	11
chr16	97173000	97173999	7
chr16	97174000	97174999	0
chr16	97175000	97175999	3
chr16	97176000	97176999	0
chr16	97177000	97177999	1
chr16	97178000	97178999	3
chr16	97179000	97179999	18
chr16	97180000	97180999	16
chr16	97181000	97181999	10
chr16	97182000	97182999	0
chr16	97183000	97183999	0
chr16	97184000	97184999	0
chr16	97185000	97185999	10
chr16	97186000	97186999	9
chr16	97187000	97187999	6
chr16	97188000	97188999	8
chr16	97189000	97189999	0
chr16	97190000	97190999	11
chr16	97191000	97191999	9
chr16	97192000	97192999	8
chr16	97193000	97193999	0
chr16	97194000	97194999	5
chr16	97195000	97195999	1
chr16	97196000	97196999	12
chr16	97197000	97197999	2
chr16	97198000	97198999	4
chr16	97199000	97199999	13
chr16	97200000	97200999	0
chr16	97201000	97201999	26
chr16	97202000	97202999	9
chr16	97203000	97203999	0
chr16	97204000	97204999	3
chr16	97205000	97205999	5
chr16	97206000	97206999	10
chr16	97207000	97207999	7
chr16	97208000	97208999	12
chr16	97209000	97209999	10
chr16	97210000	97210999	0
chr16	97211000	97211999	14
chr16	97212000	97212999	6
chr16	97213000	97213999	2
chr16	97214000	97214999	16
chr16	97215000	97215999	6
chr16	97216000	97216999	0
chr16	97217000	97217999	16
chr16	97218000	97218999	9
chr16	97219000	97219999	17
chr16	97220000	97220999	18
chr16	97221000	97221999	25
chr16	97222000	97222999	0
chr16	97223000	97223999	5
chr16	97224000	97224999	8
chr16	97225000	97225999	0
chr16	97226000	97226999	5
chr16	97227000	97227999	0
chr16	97228000	97228999	15
chr16	97229000	97229999	19
chr16	97230000	97230999	17
chr16	97231000	97231999	12
chr16	97232000	97232999	6
chr16	97233000	97233999	0
chr16	97234000	97234999	14
chr16	97235000	97235999	14
chr16	97236000	97236999	17
chr16	97237000	97237999	10
chr16	97238000	97238999	1
chr16	97239000	97239999	12
chr16	97240000	97240999	1
chr16	97241000	97241999	12
chr16	97242000	97242999	13
chr16	97243000	97243999	20
chr16	97244000	97244999	0
chr16	97245000	97245999	4
chr16	97246000	97246999	1
chr16	97247000	97247999	21
chr16	97248000	97248999	0
chr16	97249000	97249999	23
chr16	97250000	97250999	15
chr16	97251000	97251999	6
chr16	97252000	97252999	17
chr16	97253000	97253999	6
chr16	97254000	97254999	13
chr16	97255000	97255999	12
chr16	97256000	97256999	8
chr16	97257000	97257999	1
chr16	97258000	97258999	28
chr16	97259000	97259999	9
chr16	97260000	97260999	0
chr16	97261000	97261999	21
chr16	97262000	97262999	22
chr16	97263000	97263999	42
chr16	97264000	97264999	5
chr16	97265000	97265999	8
chr16	97266000	97266999	3
chr16	97267000	97267999	28
chr16	97268000	97268999	10
chr16	97269000	97269999	6
chr16	97270000	97270999	20
chr16	97271000	97271999	0
chr16	97272000	97272999	22
chr16	97273000	97273999	4
chr16	97274000	97274999	9
chr16	97275000	97275999	11
chr16	97276000	97276999	22
chr16	97277000	97277999	1
chr16	97278000	97278999	27
chr16	97279000	97279999	29
chr16	97280000	97280999	22
chr16	97281000	97281999	10
chr16	97282000	97282999	5
chr16	97283000	97283999	2
chr16	97284000	97284999	3
chr16	97285000	97285999	14
chr16	97286000	97286999	0
chr16	97287000	97287999	0
chr16	97288000	97288999	31
chr16	97289000	97289999	14
chr16	97290000	97290999	27
chr16	97291000	97291999	3
chr16	97292000	97292999	25
chr16	97293000	97293999	38
chr16	97294000	97294999	3
chr16	97295000	97295999	12
chr16	97296000	97296999	2
chr16	97297000	97297999	3
chr16	97298000	97298999	11
chr16	97299000	97299999	0
chr16	97300000	97300999	18
chr16	97301000	97301999	13
chr16	97302000	97302999	9
chr16	97303000	97303999	7
chr16	97304000	97304999	15
chr16	97305000	97305999	8
chr16	97306000	97306999	20
chr16	97307000	97307999	2
chr16	97308000	97308999	0
chr16	97309000	97309999	15
chr16	97310000	97310999	26
chr16	97311000	97311999	30
chr16	97312000	97312999	11
chr16	97313000	97313999	18
chr16	97314000	97314999	31
chr16	97315000	97315999	6
chr16	97316000	97316999	12
chr16	97317000	97317999	7
chr16	97318000	97318999	0
chr16	97319000	97319999	15
chr16	97320000	97320999	0
chr16	97321000	97321999	19
chr16	97322000	97322999	23
chr16	97323000	97323999	11
chr16	97324000	97324999	25
chr16	97325000	97325999	31
chr16	97326000	97326999	10
chr16	97327000	97327999	8
chr16	97328000	97328999	9
chr16	97329000	97329999	4
chr16	97330000	97330999	3
chr16	97331000	97331999	22
chr16	97332000	97332999	12
chr16	97333000	97333999	19
chr16	97334000	97334999	4
chr16	97335000	97335999	0
chr16	97336000	97336999	5
chr16	97337000	97337999	1
chr16	97338000	97338999	0
chr16	97339000	97339999	2
chr16	97340000	97340999	7
chr16	97341000	97341999	16
chr16	97342000	97342999	9
chr16	97343000	97343999	22
chr16	97344000	97344999	10
chr16	97345000	97345999	4
chr16	97346000	97346999	3
chr16	97347000	97347999	0
chr16	97348000	97348999	0
chr16	97349000	97349999	0
chr16	97350000	97350999	0
chr16	97351000	97351999	0
chr16	97352000	97352999	18
chr16	97353000	97353999	6
chr16	97354000	97354999	30
chr16	97355000	97355999	16
chr16	97356000	97356999	2
chr16	97357000	97357999	16
chr16	97358000	97358999	13
chr16	97359000	97359999	0
chr16	97360000	97360999	22
chr16	97361000	97361999	19
chr16	97362000	97362999	20
chr16	97363000	97363999	5
chr16	97364000	97364999	0
chr16	97365000	97365999	21
chr16	97366000	97366999	17
chr16	97367000	97367999	7
chr16	97368000	97368999	25
chr16	97369000	97369999	8
chr16	97370000	97370999	14
chr16	97371000	97371999	16
chr16	97372000	97372999	7
chr16	97373000	97373999	0
chr16	97374000	97374999	0
chr16	97375000	97375999	36
chr16	97376000	97376999	29
chr16	97377000	97377999	5
chr16	97378000	97378999	12
chr16	97379000	97379999	7
chr16	97380000	97380999	2
chr16	97381000	97381999	0
chr16	97382000	97382999	11
chr16	97383000	97383999	27
chr16	97384000	97384999	22
chr16	97385000	97385999	6
chr16	97386000	97386999	4
chr16	97387000	97387999	31
chr16	97388000	97388999	14
chr16	97389000	97389999	17
chr16	97390000	97390999	4
chr16	97391000	97391999	23
chr16	97392000	97392999	26
chr16	97393000	97393999	12
chr16	97394000	97394999	7
chr16	97395000	97395999	8
chr16	97396000	97396999	2
chr16	97397000	97397999	19
chr16	97398000	97398999	13
chr16	97399000	97399999	18
chr16	97400000	97400999	16
chr16	97401000	97401999	4
chr16	97402000	97402999	13
chr16	97403000	97403999	2
chr16	97404000	97404999	0
chr16	97405000	97405999	2
chr16	97406000	97406999	14
chr16	97407000	97407999	19
chr16	97408000	97408999	17
chr16	97409000	97409999	3
chr16	97410000	97410999	15
chr16	97411000	97411999	1
chr16	97412000	97412999	19
chr16	97413000	97413999	8
chr16	97414000	97414999	0
chr16	97415000	97415999	5
chr16	97416000	97416999	0
chr16	97417000	97417999	9
chr16	97418000	97418999	17
chr16	97419000	97419999	0
chr16	97420000	97420999	7
chr16	97421000	97421999	8
chr16	97422000	97422999	11
chr16	97423000	97423999	3
chr16	97424000	97424999	6
chr16	97425000	97425999	8
chr16	97426000	97426999	15
chr16	97427000	97427999	24
chr16	97428000	97428999	10
chr16	97429000	97429999	4
chr16	97430000	97430999	12
chr16	97431000	97431999	12
chr16	97432000	97432999	17
chr16	97433000	97433999	18
chr16	97434000	97434999	20
chr16	97435000	97435999	7
chr16	97436000	97436999	15
chr16	97437000	97437999	12
chr16	97438000	97438999	19
chr16	97439000	97439999	0
chr16	97440000	97440999	16
chr16	97441000	97441999	0
chr16	97442000	97442999	0
chr16	97443000	97443999	28
chr16	97444000	97444999	17
chr16	97445000	97445999	5
chr16	97446000	97446999	30
chr16	97447000	97447999	4
chr16	97448000	97448999	33
chr16	97449000	97449999	0
chr16	97450000	97450999	8
chr16	97451000	97451999	6
chr16	97452000	97452999	17
chr16	97453000	97453999	5
chr16	97454000	97454999	18
chr16	97455000	97455999	0
chr16	97456000	97456999	4
chr16	97457000	97457999	4
chr16	97458000	97458999	2
chr16	97459000	97459999	31
chr16	97460000	97460999	24
chr16	97461000	97461999	15
chr16	97462000	97462999	36
chr16	97463000	97463999	27
chr16	97464000	97464999	4
chr16	97465000	97465999	19
chr16	97466000	97466999	23
chr16	97467000	97467999	7
chr16	97468000	97468999	10
chr16	97469000	97469999	19
chr16	97470000	97470999	3
chr16	97471000	97471999	10
chr16	97472000	97472999	0
chr16	97473000	97473999	3
chr16	97474000	97474999	4
chr16	97475000	97475999	4
chr16	97476000	97476999	16
chr16	97477000	97477999	6
chr16	97478000	97478999	17
chr16	97479000	97479999	8
chr16	97480000	97480999	6
chr16	97481000	97481999	7
chr16	97482000	97482999	23
chr16	97483000	97483999	7
chr16	97484000	97484999	0
chr16	97485000	97485999	0
chr16	97486000	97486999	39
chr16	97487000	97487999	8
chr16	97488000	97488999	6
chr16	97489000	97489999	0
chr16	97490000	97490999	0
chr16	97491000	97491999	1
chr16	97492000	97492999	14
chr16	97493000	97493999	0
chr16	97494000	97494999	7
chr16	97495000	97495999	0
chr16	97496000	97496999	8
chr16	97497000	97497999	25
chr16	97498000	97498999	8
chr16	97499000	97499999	5
chr16	97500000	97500999	0
chr16	97501000	97501999	18
chr16	97502000	97502999	13
chr16	97503000	97503999	5
chr16	97504000	97504999	27
chr16	97505000	97505999	30
chr16	97506000	97506999	4
chr16	97507000	97507999	19
chr16	97508000	97508999	3
chr16	97509000	97509999	4
chr16	97510000	97510999	14
chr16	97511000	97511999	47
chr16	97512000	97512999	19
chr16	97513000	97513999	17
chr16	97514000	97514999	11
chr16	97515000	97515999	5
chr16	97516000	97516999	9
chr16	97517000	97517999	19
chr16	97518000	97518999	12
chr16	97519000	97519999	40
chr16	97520000	97520999	32
chr16	97521000	97521999	2
chr16	97522000	97522999	11
chr16	97523000	97523999	11
chr16	97524000	97524999	0
chr16	97525000	97525999	0
chr16	97526000	97526999	17
chr16	97527000	97527999	0
chr16	97528000	97528999	13
chr16	97529000	97529999	8
chr16	97530000	97530999	3
chr16	97531000	97531999	17
chr16	97532000	97532999	0
chr16	97533000	97533999	8
chr16	97534000	97534999	32
chr16	97535000	97535999	126
chr16	97536000	97536999	18
chr16	97537000	97537999	15
chr16	97538000	97538999	18
chr16	97539000	97539999	0
chr16	97540000	97540999	1
chr16	97541000	97541999	31
chr16	97542000	97542999	31
chr16	97543000	97543999	16
chr16	97544000	97544999	16
chr16	97545000	97545999	4
chr16	97546000	97546999	8
chr16	97547000	97547999	9
chr16	97548000	97548999	1
chr16	97549000	97549999	2
chr16	97550000	97550999	16
chr16	97551000	97551999	9
chr16	97552000	97552999	18
chr16	97553000	97553999	19
chr16	97554000	97554999	0
chr16	97555000	97555999	15
chr16	97556000	97556999	3
chr16	97557000	97557999	16
chr16	97558000	97558999	1
chr16	97559000	97559999	22
chr16	97560000	97560999	32
chr16	97561000	97561999	4
chr16	97562000	97562999	32
chr16	97563000	97563999	6
chr16	97564000	97564999	16
chr16	97565000	97565999	22
chr16	97566000	97566999	16
chr16	97567000	97567999	11
chr16	97568000	97568999	0
chr16	97569000	97569999	33
chr16	97570000	97570999	29
chr16	97571000	97571999	7
chr16	97572000	97572999	24
chr16	97573000	97573999	7
chr16	97574000	97574999	61
chr16	97575000	97575999	33
chr16	97576000	97576999	8
chr16	97577000	97577999	21
chr16	97578000	97578999	1
chr16	97579000	97579999	14
chr16	97580000	97580999	21
chr16	97581000	97581999	6
chr16	97582000	97582999	47
chr16	97583000	97583999	19
chr16	97584000	97584999	3
chr16	97585000	97585999	0
chr16	97586000	97586999	0
chr16	97587000	97587999	0
chr16	97588000	97588999	0
chr16	97589000	97589999	6
chr16	97590000	97590999	10
chr16	97591000	97591999	25
chr16	97592000	97592999	24
chr16	97593000	97593999	35
chr16	97594000	97594999	13
chr16	97595000	97595999	9
chr16	97596000	97596999	23
chr16	97597000	97597999	17
chr16	97598000	97598999	12
chr16	97599000	97599999	8
chr16	97600000	97600999	0
chr16	97601000	97601999	17
chr16	97602000	97602999	37
chr16	97603000	97603999	3
chr16	97604000	97604999	8
chr16	97605000	97605999	34
chr16	97606000	97606999	6
chr16	97607000	97607999	16
chr16	97608000	97608999	32
chr16	97609000	97609999	10
chr16	97610000	97610999	38
chr16	97611000	97611999	54
chr16	97612000	97612999	2
chr16	97613000	97613999	18
chr16	97614000	97614999	20
chr16	97615000	97615999	6
chr16	97616000	97616999	16
chr16	97617000	97617999	15
chr16	97618000	97618999	5
chr16	97619000	97619999	28
chr16	97620000	97620999	12
chr16	97621000	97621999	0
chr16	97622000	97622999	5
chr16	97623000	97623999	3
chr16	97624000	97624999	18
chr16	97625000	97625999	0
chr16	97626000	97626999	9
chr16	97627000	97627999	6
chr16	97628000	97628999	0
chr16	97629000	97629999	12
chr16	97630000	97630999	14
chr16	97631000	97631999	4
chr16	97632000	97632999	37
chr16	97633000	97633999	45
chr16	97634000	97634999	8
chr16	97635000	97635999	4
chr16	97636000	97636999	3
chr16	97637000	97637999	0
chr16	97638000	97638999	6
chr16	97639000	97639999	7
chr16	97640000	97640999	7
chr16	97641000	97641999	18
chr16	97642000	97642999	3
chr16	97643000	97643999	39
chr16	97644000	97644999	116
chr16	97645000	97645999	38
chr16	97646000	97646999	9
chr16	97647000	97647999	8
chr16	97648000	97648999	28
chr16	97649000	97649999	1
chr16	97650000	97650999	6
chr16	97651000	97651999	31
chr16	97652000	97652999	3
chr16	97653000	97653999	36
chr16	97654000	97654999	5
chr16	97655000	97655999	14
chr16	97656000	97656999	32
chr16	97657000	97657999	15
chr16	97658000	97658999	10
chr16	97659000	97659999	18
chr16	97660000	97660999	1
chr16	97661000	97661999	21
chr16	97662000	97662999	0
chr16	97663000	97663999	0
chr16	97664000	97664999	0
chr16	97665000	97665999	2
chr16	97666000	97666999	9
chr16	97667000	97667999	23
chr16	97668000	97668999	3
chr16	97669000	97669999	5
chr16	97670000	97670999	30
chr16	97671000	97671999	14
chr16	97672000	97672999	3
chr16	97673000	97673999	0
chr16	97674000	97674999	9
chr16	97675000	97675999	17
chr16	97676000	97676999	20
chr16	97677000	97677999	16
chr16	97678000	97678999	16
chr16	97679000	97679999	87
chr16	97680000	97680999	68
chr16	97681000	97681999	8
chr16	97682000	97682999	13
chr16	97683000	97683999	7
chr16	97684000	97684999	24
chr16	97685000	97685999	30
chr16	97686000	97686999	5
chr16	97687000	97687999	18
chr16	97688000	97688999	15
chr16	97689000	97689999	9
chr16	97690000	97690999	18
chr16	97691000	97691999	10
chr16	97692000	97692999	17
chr16	97693000	97693999	3
chr16	97694000	97694999	2
chr16	97695000	97695999	0
chr16	97696000	97696999	11
chr16	97697000	97697999	25
chr16	97698000	97698999	26
chr16	97699000	97699999	27
chr16	97700000	97700999	4
chr16	97701000	97701999	17
chr16	97702000	97702999	59
chr16	97703000	97703999	9
chr16	97704000	97704999	15
chr16	97705000	97705999	0
chr16	97706000	97706999	8
chr16	97707000	97707999	11
chr16	97708000	97708999	0
chr16	97709000	97709999	8
chr16	97710000	97710999	19
chr16	97711000	97711999	31
chr16	97712000	97712999	5
chr16	97713000	97713999	11
chr16	97714000	97714999	21
chr16	97715000	97715999	15
chr16	97716000	97716999	12
chr16	97717000	97717999	28
chr16	97718000	97718999	8
chr16	97719000	97719999	19
chr16	97720000	97720999	11
chr16	97721000	97721999	5
chr16	97722000	97722999	0
chr16	97723000	97723999	0
chr16	97724000	97724999	0
chr16	97725000	97725999	34
chr16	97726000	97726999	11
chr16	97727000	97727999	0
chr16	97728000	97728999	13
chr16	97729000	97729999	14
chr16	97730000	97730999	23
chr16	97731000	97731999	14
chr16	97732000	97732999	24
chr16	97733000	97733999	7
chr16	97734000	97734999	13
chr16	97735000	97735999	19
chr16	97736000	97736999	18
chr16	97737000	97737999	2
chr16	97738000	97738999	11
chr16	97739000	97739999	21
chr16	97740000	97740999	21
chr16	97741000	97741999	4
chr16	97742000	97742999	25
chr16	97743000	97743999	13
chr16	97744000	97744999	41
chr16	97745000	97745999	21
chr16	97746000	97746999	17
chr16	97747000	97747999	9
chr16	97748000	97748999	22
chr16	97749000	97749999	24
chr16	97750000	97750999	12
chr16	97751000	97751999	78
chr16	97752000	97752999	46
chr16	97753000	97753999	8
chr16	97754000	97754999	2
chr16	97755000	97755999	23
chr16	97756000	97756999	39
chr16	97757000	97757999	18
chr16	97758000	97758999	73
chr16	97759000	97759999	27
chr16	97760000	97760999	6
chr16	97761000	97761999	15
chr16	97762000	97762999	8
chr16	97763000	97763999	100
chr16	97764000	97764999	22
chr16	97765000	97765999	7
chr16	97766000	97766999	2
chr16	97767000	97767999	17
chr16	97768000	97768999	16
chr16	97769000	97769999	28
chr16	97770000	97770999	8
chr16	97771000	97771999	0
chr16	97772000	97772999	0
chr16	97773000	97773999	0
chr16	97774000	97774999	0
chr16	97775000	97775999	1
chr16	97776000	97776999	0
chr16	97777000	97777999	13
chr16	97778000	97778999	63
chr16	97779000	97779999	22
chr16	97780000	97780999	28
chr16	97781000	97781999	4
chr16	97782000	97782999	2
chr16	97783000	97783999	0
chr16	97784000	97784999	0
chr16	97785000	97785999	0
chr16	97786000	97786999	0
chr16	97787000	97787999	2
chr16	97788000	97788999	19
chr16	97789000	97789999	42
chr16	97790000	97790999	17
chr16	97791000	97791999	23
chr16	97792000	97792999	0
chr16	97793000	97793999	8
chr16	97794000	97794999	16
chr16	97795000	97795999	32
chr16	97796000	97796999	0
chr16	97797000	97797999	0
chr16	97798000	97798999	20
chr16	97799000	97799999	2
chr16	97800000	97800999	1
chr16	97801000	97801999	28
chr16	97802000	97802999	4
chr16	97803000	97803999	15
chr16	97804000	97804999	2
chr16	97805000	97805999	31
chr16	97806000	97806999	15
chr16	97807000	97807999	14
chr16	97808000	97808999	0
chr16	97809000	97809999	0
chr16	97810000	97810999	8
chr16	97811000	97811999	10
chr16	97812000	97812999	18
chr16	97813000	97813999	33
chr16	97814000	97814999	21
chr16	97815000	97815999	21
chr16	97816000	97816999	39
chr16	97817000	97817999	0
chr16	97818000	97818999	6
chr16	97819000	97819999	11
chr16	97820000	97820999	8
chr16	97821000	97821999	10
chr16	97822000	97822999	5
chr16	97823000	97823999	30
chr16	97824000	97824999	3
chr16	97825000	97825999	3
chr16	97826000	97826999	10
chr16	97827000	97827999	12
chr16	97828000	97828999	0
chr16	97829000	97829999	0
chr16	97830000	97830999	6
chr16	97831000	97831999	9
chr16	97832000	97832999	14
chr16	97833000	97833999	3
chr16	97834000	97834999	5
chr16	97835000	97835999	0
chr16	97836000	97836999	23
chr16	97837000	97837999	10
chr16	97838000	97838999	7
chr16	97839000	97839999	6
chr16	97840000	97840999	10
chr16	97841000	97841999	8
chr16	97842000	97842999	4
chr16	97843000	97843999	5
chr16	97844000	97844999	6
chr16	97845000	97845999	27
chr16	97846000	97846999	4
chr16	97847000	97847999	4
chr16	97848000	97848999	12
chr16	97849000	97849999	28
chr16	97850000	97850999	31
chr16	97851000	97851999	130
chr16	97852000	97852999	17
chr16	97853000	97853999	19
chr16	97854000	97854999	28
chr16	97855000	97855999	10
chr16	97856000	97856999	8
chr16	97857000	97857999	12
chr16	97858000	97858999	27
chr16	97859000	97859999	9
chr16	97860000	97860999	1
chr16	97861000	97861999	8
chr16	97862000	97862999	0
chr16	97863000	97863999	5
chr16	97864000	97864999	5
chr16	97865000	97865999	4
chr16	97866000	97866999	8
chr16	97867000	97867999	0
chr16	97868000	97868999	0
chr16	97869000	97869999	14
chr16	97870000	97870999	0
chr16	97871000	97871999	0
chr16	97872000	97872999	14
chr16	97873000	97873999	13
chr16	97874000	97874999	16
chr16	97875000	97875999	1
chr16	97876000	97876999	0
chr16	97877000	97877999	1
chr16	97878000	97878999	6
chr16	97879000	97879999	6
chr16	97880000	97880999	1
chr16	97881000	97881999	29
chr16	97882000	97882999	17
chr16	97883000	97883999	17
chr16	97884000	97884999	10
chr16	97885000	97885999	9
chr16	97886000	97886999	8
chr16	97887000	97887999	23
chr16	97888000	97888999	18
chr16	97889000	97889999	8
chr16	97890000	97890999	0
chr16	97891000	97891999	17
chr16	97892000	97892999	8
chr16	97893000	97893999	4
chr16	97894000	97894999	4
chr16	97895000	97895999	0
chr16	97896000	97896999	42
chr16	97897000	97897999	33
chr16	97898000	97898999	13
chr16	97899000	97899999	5
chr16	97900000	97900999	12
chr16	97901000	97901999	3
chr16	97902000	97902999	0
chr16	97903000	97903999	1
chr16	97904000	97904999	8
chr16	97905000	97905999	23
chr16	97906000	97906999	0
chr16	97907000	97907999	15
chr16	97908000	97908999	16
chr16	97909000	97909999	6
chr16	97910000	97910999	10
chr16	97911000	97911999	7
chr16	97912000	97912999	2
chr16	97913000	97913999	25
chr16	97914000	97914999	21
chr16	97915000	97915999	19
chr16	97916000	97916999	17
chr16	97917000	97917999	6
chr16	97918000	97918999	20
chr16	97919000	97919999	28
chr16	97920000	97920999	16
chr16	97921000	97921999	8
chr16	97922000	97922999	65
chr16	97923000	97923999	11
chr16	97924000	97924999	13
chr16	97925000	97925999	45
chr16	97926000	97926999	18
chr16	97927000	97927999	19
chr16	97928000	97928999	20
chr16	97929000	97929999	19
chr16	97930000	97930999	10
chr16	97931000	97931999	9
chr16	97932000	97932999	3
chr16	97933000	97933999	26
chr16	97934000	97934999	13
chr16	97935000	97935999	8
chr16	97936000	97936999	17
chr16	97937000	97937999	23
chr16	97938000	97938999	4
chr16	97939000	97939999	8
chr16	97940000	97940999	6
chr16	97941000	97941999	8
chr16	97942000	97942999	0
chr16	97943000	97943999	0
chr16	97944000	97944999	8
chr16	97945000	97945999	6
chr16	97946000	97946999	3
chr16	97947000	97947999	4
chr16	97948000	97948999	6
chr16	97949000	97949999	4
chr16	97950000	97950999	34
chr16	97951000	97951999	23
chr16	97952000	97952999	0
chr16	97953000	97953999	0
chr16	97954000	97954999	21
chr16	97955000	97955999	3
chr16	97956000	97956999	5
chr16	97957000	97957999	24
chr16	97958000	97958999	20
chr16	97959000	97959999	3
chr16	97960000	97960999	5
chr16	97961000	97961999	32
chr16	97962000	97962999	118
chr16	97963000	97963999	7
chr16	97964000	97964999	17
chr16	97965000	97965999	2
chr16	97966000	97966999	5
chr16	97967000	97967999	0
chr16	97968000	97968999	1
chr16	97969000	97969999	0
chr16	97970000	97970999	0
chr16	97971000	97971999	0
chr16	97972000	97972999	0
chr16	97973000	97973999	1
chr16	97974000	97974999	0
chr16	97975000	97975999	4
chr16	97976000	97976999	5
chr16	97977000	97977999	16
chr16	97978000	97978999	11
chr16	97979000	97979999	12
chr16	97980000	97980999	20
chr16	97981000	97981999	0
chr16	97982000	97982999	0
chr16	97983000	97983999	0
chr16	97984000	97984999	5
chr16	97985000	97985999	21
chr16	97986000	97986999	15
chr16	97987000	97987999	6
chr16	97988000	97988999	0
chr16	97989000	97989999	5
chr16	97990000	97990999	11
chr16	97991000	97991999	0
chr16	97992000	97992999	0
chr16	97993000	97993999	10
chr16	97994000	97994999	1
chr16	97995000	97995999	1
chr16	97996000	97996999	56
chr16	97997000	97997999	20
chr16	97998000	97998999	8
chr16	97999000	97999999	6
chr16	98000000	98000999	12
chr16	98001000	98001999	10
chr16	98002000	98002999	6
chr16	98003000	98003999	14
chr16	98004000	98004999	0
chr16	98005000	98005999	7
chr16	98006000	98006999	0
chr16	98007000	98007999	3
chr16	98008000	98008999	0
chr16	98009000	98009999	0
chr16	98010000	98010999	0
chr16	98011000	98011999	3
chr16	98012000	98012999	9
chr16	98013000	98013999	0
chr16	98014000	98014999	0
chr16	98015000	98015999	3
chr16	98016000	98016999	8
chr16	98017000	98017999	0
chr16	98018000	98018999	11
chr16	98019000	98019999	8
chr16	98020000	98020999	3
chr16	98021000	98021999	0
chr16	98022000	98022999	11
chr16	98023000	98023999	11
chr16	98024000	98024999	7
chr16	98025000	98025999	0
chr16	98026000	98026999	9
chr16	98027000	98027999	1
chr16	98028000	98028999	5
chr16	98029000	98029999	0
chr16	98030000	98030999	9
chr16	98031000	98031999	19
chr16	98032000	98032999	9
chr16	98033000	98033999	0
chr16	98034000	98034999	9
chr16	98035000	98035999	5
chr16	98036000	98036999	0
chr16	98037000	98037999	4
chr16	98038000	98038999	3
chr16	98039000	98039999	5
chr16	98040000	98040999	47
chr16	98041000	98041999	10
chr16	98042000	98042999	19
chr16	98043000	98043999	1
chr16	98044000	98044999	1
chr16	98045000	98045999	15
chr16	98046000	98046999	2
chr16	98047000	98047999	0
chr16	98048000	98048999	0
chr16	98049000	98049999	0
chr16	98050000	98050999	2
chr16	98051000	98051999	0
chr16	98052000	98052999	0
chr16	98053000	98053999	13
chr16	98054000	98054999	0
chr16	98055000	98055999	20
chr16	98056000	98056999	0
chr16	98057000	98057999	22
chr16	98058000	98058999	6
chr16	98059000	98059999	0
chr16	98060000	98060999	0
chr16	98061000	98061999	0
chr16	98062000	98062999	0
chr16	98063000	98063999	0
chr16	98064000	98064999	0
chr16	98065000	98065999	14
chr16	98066000	98066999	15
chr16	98067000	98067999	0
chr16	98068000	98068999	10
chr16	98069000	98069999	7
chr16	98070000	98070999	5
chr16	98071000	98071999	11
chr16	98072000	98072999	1
chr16	98073000	98073999	6
chr16	98074000	98074999	5
chr16	98075000	98075999	25
chr16	98076000	98076999	4
chr16	98077000	98077999	0
chr16	98078000	98078999	38
chr16	98079000	98079999	27
chr16	98080000	98080999	8
chr16	98081000	98081999	9
chr16	98082000	98082999	32
chr16	98083000	98083999	5
chr16	98084000	98084999	0
chr16	98085000	98085999	0
chr16	98086000	98086999	8
chr16	98087000	98087999	8
chr16	98088000	98088999	2
chr16	98089000	98089999	0
chr16	98090000	98090999	2
chr16	98091000	98091999	8
chr16	98092000	98092999	0
chr16	98093000	98093999	4
chr16	98094000	98094999	20
chr16	98095000	98095999	20
chr16	98096000	98096999	3
chr16	98097000	98097999	17
chr16	98098000	98098999	6
chr16	98099000	98099999	23
chr16	98100000	98100999	0
chr16	98101000	98101999	0
chr16	98102000	98102999	0
chr16	98103000	98103999	1
chr16	98104000	98104999	1
